x0,y0,x1,y1,x2,y2,x3,y3,x4,y4,x5,y5,x6,y6,x7,y7,x8,y8,label
0.39932138,0.44802594,0.45536742,0.7270968,0.5431599,0.39488012,0.73409265,0.92925787,0.7621968,0.3010348,0.72333455,0.7640381,0.7825116,0.25707668,0.79667616,0.7566124,0.79236573,0.46686167,Stable
0.39932138,0.44802594,0.45536742,0.7270968,0.5431599,0.39488012,0.73409265,0.92925787,0.7621968,0.3010348,0.72333455,0.7640381,0.7825116,0.25707668,0.79667616,0.7566124,0.79236573,0.46686167,Stable
0.3965852,0.45447505,0.45149004,0.7320966,0.5328546,0.39786595,0.7345595,0.9236149,0.7577288,0.29988787,0.72360194,0.76859015,0.7722394,0.28268704,0.78849995,0.7352303,0.78682494,0.4491185,Stable
0.39778695,0.4659168,0.45502552,0.7353067,0.53279096,0.40071285,0.7259354,0.9158424,0.7572645,0.2974499,0.72301096,0.7673361,0.780471,0.2732604,0.78731936,0.73139894,0.78644454,0.44794607,Stable
0.39716405,0.47477877,0.4536917,0.74007595,0.52980906,0.40598306,0.72454965,0.91632354,0.74798584,0.29912552,0.72537017,0.73699445,0.77790374,0.27172342,0.78624845,0.73024905,0.78126734,0.45278105,Stable
0.39717233,0.47496554,0.45361924,0.73994815,0.52984095,0.405837,0.7244241,0.9162678,0.7479036,0.29922545,0.72544134,0.7370881,0.7778675,0.27170408,0.78622043,0.7303107,0.78131473,0.45287275,Stable
0.3890178,0.4780917,0.45669338,0.742115,0.5254303,0.40935498,0.72403765,0.92008865,0.743665,0.30278653,0.7191679,0.7860123,0.7755822,0.28664762,0.78219527,0.71947736,0.77899194,0.4697566,Stable
0.38732904,0.48278618,0.45957386,0.7454568,0.5213617,0.41103742,0.7100696,0.89810556,0.7384912,0.2983144,0.7205144,0.7614461,0.7662143,0.28031087,0.7802663,0.71576416,0.7758119,0.46634254,Stable
0.3893094,0.49555525,0.4658521,0.75118804,0.5143822,0.4158178,0.7232715,0.91993755,0.73650444,0.30695915,0.73650646,0.78238976,0.76948583,0.27471492,0.7779969,0.72687787,0.7775079,0.46448827,Stable
0.3849002,0.50405824,0.4623875,0.75165457,0.51402897,0.41953403,0.7210166,0.91249526,0.7339492,0.30424437,0.73567986,0.8086555,0.7643359,0.2736856,0.7847582,0.7276641,0.78555053,0.4644328,Stable
0.384759,0.5037589,0.46259913,0.751882,0.5140766,0.4196357,0.72103834,0.91257524,0.73402065,0.30418864,0.7356526,0.80857295,0.7645106,0.2736045,0.78487843,0.72769684,0.78559947,0.46437132,Stable
0.3883664,0.512728,0.46294615,0.7545217,0.5148525,0.4318163,0.7213659,0.9101231,0.737736,0.3024874,0.7499816,0.80353355,0.7784442,0.2604456,0.77870214,0.7302307,0.78093684,0.47211313,Stable
0.38785535,0.51757425,0.46890342,0.7613101,0.509303,0.429275,0.7224471,0.9105827,0.7356896,0.31719178,0.74734247,0.80472314,0.77287436,0.2613331,0.78759927,0.71095985,0.7885679,0.4611648,Stable
0.3901415,0.52232826,0.46892202,0.7621614,0.50289774,0.43512475,0.72281444,0.9031314,0.7329515,0.3187158,0.7500112,0.8099927,0.7726593,0.2202223,0.7918025,0.71408415,0.7923159,0.46803424,Stable
0.390213,0.52349204,0.46827173,0.764064,0.5070854,0.44037664,0.7262019,0.89765084,0.7175672,0.3364036,0.74810594,0.8124026,0.7655761,0.2065273,0.784497,0.7052467,0.7856602,0.47159517,Stable
0.38996327,0.5230513,0.46832597,0.76404685,0.5072236,0.4402772,0.72614896,0.89770377,0.7176057,0.33644277,0.74799055,0.8124015,0.7657037,0.20681581,0.7844765,0.7052001,0.7857351,0.47164243,Stable
0.39297432,0.52722347,0.46858248,0.76732314,0.5028002,0.4410643,0.73015714,0.8943597,0.7081551,0.33832654,0.7502539,0.8105295,0.7601428,0.27714592,0.79016393,0.70810264,0.79260725,0.4730336,Stable
0.39256322,0.5318587,0.47358668,0.76771677,0.50410223,0.43418655,0.7292942,0.8935336,0.7042409,0.3414472,0.74924505,0.8582412,0.76138186,0.26189613,0.79111904,0.7059676,0.79395217,0.46938348,Stable
0.39218348,0.5342885,0.4757062,0.7672535,0.50206214,0.44273576,0.73121095,0.88799685,0.69591475,0.3438561,0.75632036,0.8805609,0.75977755,0.27446952,0.7970678,0.6988351,0.79207826,0.46420044,Stable
0.39605305,0.5403245,0.47588414,0.7665867,0.502495,0.44108737,0.7307745,0.88362205,0.70896167,0.33159626,0.7554207,0.88196886,0.7672702,0.29426444,0.79462975,0.701904,0.7913062,0.47095403,Stable
0.39594638,0.54042274,0.476035,0.76654875,0.5026268,0.4411331,0.7307357,0.88342905,0.7086164,0.33155814,0.7553701,0.8821003,0.7672124,0.29451415,0.79473066,0.7018608,0.7913279,0.47093683,Stable
0.39126444,0.544631,0.47738189,0.76257205,0.49999356,0.44238782,0.72957325,0.8789927,0.6949584,0.33974284,0.7573538,0.8810998,0.75493515,0.30568832,0.794415,0.70124304,0.7940948,0.4685278,Stable
0.39433908,0.5423672,0.48031193,0.7612426,0.49913502,0.4411659,0.7229209,0.87367547,0.69516873,0.33780605,0.78505415,0.9320898,0.749063,0.31418768,0.7934231,0.6998219,0.79097575,0.46978292,Stable
0.39698228,0.54781914,0.48103648,0.75682485,0.4989437,0.4398354,0.72056335,0.8704351,0.6980268,0.33725852,0.7625441,0.8815243,0.7514844,0.30661744,0.7940788,0.70110667,0.7903322,0.4731676,Stable
0.3942475,0.54878116,0.48728472,0.75366205,0.4976701,0.43957373,0.73009765,0.86697435,0.69878185,0.33306104,0.760131,0.8655971,0.76019377,0.3158381,0.7951498,0.69724154,0.79248464,0.47010964,Stable
0.3942817,0.5487468,0.4872666,0.7536387,0.49766886,0.43983507,0.7300141,0.86698127,0.698497,0.3331732,0.7600226,0.86567825,0.75925374,0.31583276,0.7951686,0.6972821,0.7924707,0.4702457,Stable
0.39809793,0.5504949,0.48741442,0.75351655,0.4950325,0.43595845,0.7290491,0.8636658,0.6993632,0.33461845,0.7563247,0.86553633,0.7600302,0.29667783,0.7907366,0.69546473,0.78751624,0.47010374,Stable
0.3977128,0.5482732,0.4857055,0.744266,0.49486905,0.43480635,0.7184259,0.8552424,0.6976885,0.33411062,0.7572725,0.8412678,0.75645375,0.30436477,0.7866077,0.688632,0.7812204,0.46138462,Stable
0.39306158,0.55016613,0.48699173,0.7477243,0.4949635,0.42950517,0.7308924,0.8569621,0.6951458,0.33239412,0.7731115,0.8785192,0.75203526,0.31634772,0.7876787,0.6781812,0.78306097,0.457649,Stable
0.39273345,0.54944634,0.48681676,0.7426059,0.495165,0.4282928,0.72110724,0.85119885,0.69354796,0.3307683,0.7635865,0.8602649,0.75418043,0.3034799,0.7841315,0.67450225,0.78098315,0.45560795,Stable
0.39272487,0.54942966,0.48681182,0.74263835,0.4951852,0.42835402,0.7210648,0.8511357,0.6933,0.33092457,0.7634883,0.8602066,0.753987,0.3037341,0.78407395,0.67449725,0.7810096,0.45559955,Stable
0.39141548,0.550248,0.48895615,0.73233455,0.494395,0.4274693,0.72225714,0.84385276,0.7064554,0.32320333,0.7594868,0.8345547,0.75699234,0.29607108,0.78090715,0.6681725,0.774755,0.4550994,Stable
0.3896969,0.54888636,0.48925394,0.73381704,0.49870396,0.4270684,0.73469555,0.8435378,0.70028675,0.32147422,0.7592883,0.83574593,0.7519254,0.3057145,0.78249013,0.6736433,0.7815273,0.45463908,Stable
0.389994,0.54657257,0.48960298,0.7273399,0.49879104,0.4155982,0.71908593,0.83119404,0.706983,0.31637585,0.77351964,0.8581258,0.74690694,0.30296522,0.7832916,0.66927254,0.77883935,0.44882795,Stable
0.39211437,0.54439604,0.4909048,0.7323391,0.4940148,0.41874632,0.72922415,0.83099735,0.70976514,0.31773645,0.761534,0.8408166,0.75870013,0.3011658,0.78886473,0.66469556,0.78315616,0.4403888,Stable
0.39220136,0.5443379,0.49087906,0.73196596,0.49397898,0.4187929,0.7292747,0.83107996,0.7095572,0.31782413,0.7618525,0.84086007,0.75870216,0.30105996,0.7888447,0.6645719,0.7831572,0.44029924,Stable
0.39052033,0.54209745,0.48735267,0.7250273,0.49335513,0.41503114,0.722247,0.8265244,0.7035655,0.3177323,0.75225985,0.81878656,0.7488216,0.29503042,0.7810453,0.66342646,0.77795476,0.4468909,Stable
0.39665878,0.5376498,0.49100834,0.7223417,0.4927208,0.41111955,0.7367476,0.8281924,0.7089424,0.31502417,0.7555462,0.80908513,0.75346076,0.29824322,0.7842115,0.65496886,0.77976966,0.4354884,Stable
0.3988514,0.538429,0.4930998,0.7253703,0.49371755,0.41046286,0.733235,0.8241904,0.70844734,0.31480473,0.7578461,0.8190923,0.7549617,0.29549348,0.7849538,0.65966,0.78233707,0.43767902,Stable
0.39881772,0.5394796,0.49327263,0.7205247,0.4929317,0.41289526,0.7334451,0.82553095,0.70857155,0.31455916,0.7501787,0.7691628,0.7511152,0.2986878,0.7815878,0.65815854,0.77760124,0.43945083,Stable
0.3993833,0.5398086,0.49315152,0.7206893,0.49295568,0.4129591,0.7331759,0.8253206,0.7087604,0.3143428,0.7499303,0.7916473,0.7510766,0.2986659,0.781295,0.65844846,0.7772484,0.43942282,Stable
0.40324885,0.53802013,0.49385485,0.7203522,0.50119615,0.40626496,0.7337851,0.8224075,0.7181477,0.31105417,0.76048326,0.81148005,0.75885725,0.29894075,0.7800657,0.65645885,0.77983904,0.43536216,Stable
0.4012385,0.53664935,0.4962982,0.7178158,0.49646574,0.40662926,0.73261356,0.82064307,0.71020377,0.3142037,0.7623365,0.8175974,0.75641584,0.29555225,0.7799625,0.65415645,0.777331,0.43345663,Stable
0.40297502,0.53674746,0.49604934,0.7192194,0.50040126,0.40470934,0.7346225,0.8208536,0.7243562,0.3082451,0.7569236,0.79448676,0.7619308,0.3016668,0.7827792,0.65574217,0.78190917,0.43373162,Stable
0.39996776,0.537228,0.49433672,0.71598506,0.49781787,0.40652627,0.7348344,0.82216686,0.7150468,0.3136528,0.7630371,0.8108868,0.75048566,0.30497456,0.78279626,0.65159154,0.77951837,0.4328786,Stable
0.40011328,0.537418,0.49429414,0.7160303,0.4978245,0.40646967,0.73481596,0.82219625,0.7150442,0.31364077,0.7631416,0.8107724,0.75048935,0.30494526,0.78278196,0.6515173,0.7795059,0.43283743,Stable
0.39875028,0.5371208,0.49120492,0.71506524,0.49041444,0.40718088,0.73538876,0.8196844,0.7084278,0.31038812,0.7577863,0.7886228,0.75461197,0.30084884,0.78469914,0.65073663,0.78053343,0.4302846,Stable
0.4008716,0.5372216,0.49158892,0.71390665,0.4940359,0.4043009,0.7340038,0.821267,0.71405697,0.30861053,0.7635428,0.8052896,0.76320636,0.2987705,0.7863356,0.6522379,0.7848563,0.43390536,Stable
0.40055245,0.53717494,0.49498066,0.7125859,0.49012804,0.40708074,0.7348695,0.81936884,0.70682615,0.3104217,0.7602346,0.78786993,0.7548,0.30151582,0.7826199,0.6521889,0.7809452,0.4340294,Stable
0.40087923,0.5397388,0.4961304,0.71246266,0.49003407,0.40470105,0.737673,0.8189361,0.7069787,0.30786544,0.7583913,0.7892785,0.7507288,0.3028383,0.78142273,0.6520479,0.77733415,0.4336992,Stable
0.40148216,0.53926176,0.4961856,0.7124692,0.4901217,0.4048028,0.73766583,0.8189065,0.7063776,0.31269586,0.758331,0.78935456,0.75057834,0.30304658,0.78163314,0.6520684,0.77749026,0.43377584,Stable
0.40135917,0.5391333,0.50283563,0.7164759,0.49609917,0.40043354,0.7379967,0.8133677,0.71718276,0.3022439,0.75780505,0.78470385,0.770415,0.29473025,0.7868847,0.64875567,0.7825562,0.43034595,Stable
0.40067786,0.5384213,0.50073934,0.7109675,0.49424326,0.40131792,0.738728,0.8156495,0.7154559,0.30146557,0.7587187,0.78262186,0.7730178,0.29055983,0.78996694,0.6438154,0.7865945,0.4292099,Stable
0.40112412,0.5365133,0.49970287,0.707973,0.4931681,0.4019627,0.737558,0.8117341,0.71406764,0.30413425,0.75991416,0.78351724,0.7767303,0.29023945,0.78872865,0.64227945,0.78479147,0.42719203,Stable
0.40311894,0.5366254,0.50146765,0.7104186,0.49532217,0.39934373,0.73906887,0.8086936,0.71622217,0.3045237,0.75741047,0.7818718,0.77445126,0.29290736,0.7893018,0.6443336,0.7861602,0.42523277,Stable
0.4038442,0.53660756,0.5014935,0.71044123,0.4954196,0.3993348,0.7391953,0.8086846,0.71619767,0.3044684,0.75755477,0.7818568,0.77446365,0.29287854,0.789116,0.6441754,0.78609914,0.42526802,Stable
0.4025762,0.5354978,0.49981064,0.7086514,0.49385175,0.40060675,0.7382547,0.8064443,0.72307754,0.30142182,0.75921386,0.7851376,0.7679523,0.2959424,0.78722566,0.64705706,0.78155863,0.42952454,Stable
0.4066236,0.537011,0.49785957,0.7084879,0.49108434,0.39942747,0.73687637,0.8061802,0.720941,0.3018244,0.7623137,0.78708166,0.7640785,0.29605854,0.7835662,0.6451453,0.77792346,0.42869854,Stable
0.40531263,0.53609765,0.4977759,0.7081546,0.49242032,0.39801663,0.73803633,0.8058478,0.72388947,0.29963672,0.7609405,0.7878586,0.7693907,0.29062155,0.7863071,0.6444019,0.7805745,0.42706856,Stable
0.40601557,0.5379826,0.49885878,0.7075604,0.49819097,0.3944531,0.7398535,0.80433595,0.72133684,0.29753917,0.76033115,0.78785175,0.78319514,0.2897699,0.7886011,0.64717597,0.7849312,0.42993802,Stable
0.40577376,0.5377503,0.4990371,0.7075049,0.49831307,0.39453527,0.73991954,0.8043543,0.72120994,0.2975039,0.7600879,0.78782403,0.782247,0.2898895,0.78876424,0.6471092,0.7849848,0.42972466,Stable
0.40629143,0.53937745,0.5003885,0.7075955,0.4966783,0.3944343,0.7392556,0.799581,0.7217351,0.29761773,0.75826955,0.78303766,0.7838702,0.2874429,0.78900856,0.6457152,0.7839105,0.42354807,Stable
0.40599048,0.53940916,0.50417805,0.7075802,0.49465823,0.39583826,0.7409687,0.8031373,0.71984816,0.29642493,0.7581176,0.78268576,0.78096026,0.28646493,0.78935015,0.6426554,0.7817558,0.42422247,Stable
0.41068822,0.54123116,0.50452495,0.7069341,0.49142063,0.397513,0.74065876,0.8033342,0.71725464,0.29838824,0.7572259,0.78294075,0.776793,0.28681588,0.7901696,0.63882065,0.78262013,0.42035604,Stable
0.41157457,0.541332,0.5057366,0.7062342,0.4933777,0.39637053,0.7417602,0.80257845,0.7147202,0.2959831,0.7605342,0.78392786,0.7790494,0.28163165,0.7899308,0.6417773,0.7831651,0.42037794,Stable
0.41185436,0.54155016,0.5057307,0.7063775,0.4932505,0.3963189,0.74188423,0.8025054,0.7145821,0.2960019,0.76049995,0.78368735,0.7786882,0.28170335,0.7900781,0.64186084,0.78323454,0.42026353,Stable
0.4131925,0.5425783,0.50565255,0.70541716,0.4957947,0.39569634,0.7423436,0.80303377,0.7135495,0.29588145,0.7577443,0.7629952,0.77890795,0.28142965,0.79223126,0.64289415,0.7854907,0.4192416,Stable
0.41019914,0.5422307,0.5057447,0.7049823,0.49563858,0.3947596,0.7424506,0.80373996,0.71502674,0.29431394,0.7507865,0.7018966,0.77536094,0.28329635,0.79102296,0.64024115,0.784393,0.4177044,Stable
0.4120092,0.5425807,0.50900793,0.70503587,0.49561867,0.3939075,0.7428407,0.8028249,0.7185854,0.28930038,0.74821246,0.6902589,0.77258724,0.28287292,0.79038644,0.6417141,0.78446954,0.4191689,Stable
0.41093397,0.5417216,0.50923216,0.7032308,0.49163717,0.39556825,0.7422818,0.80273104,0.72082394,0.29231685,0.7605266,0.7817337,0.77390784,0.28341585,0.789386,0.64084196,0.78245115,0.41889617,Stable
0.4098698,0.54144233,0.5089395,0.70298374,0.4919986,0.39577383,0.7418859,0.803197,0.72084975,0.28656733,0.76111794,0.7816367,0.77497685,0.28394243,0.7892178,0.64071137,0.7825028,0.41897506,Stable
0.40990764,0.54196584,0.5103378,0.7041292,0.49134117,0.39533496,0.74158186,0.8031292,0.72144604,0.2927566,0.76109785,0.78231883,0.7782788,0.27802765,0.7893941,0.6417488,0.7812861,0.4190982,Stable
0.41197896,0.54083383,0.5078154,0.7043976,0.49225888,0.39469755,0.74056816,0.7987444,0.72114104,0.288417,0.76413393,0.78502595,0.7644237,0.27806842,0.7889813,0.64325655,0.78137875,0.41921616,Stable
0.41159698,0.54023665,0.50855637,0.70496714,0.49082205,0.3949444,0.7408109,0.79951847,0.71544087,0.28693488,0.7644266,0.7821676,0.78359663,0.2770133,0.7865735,0.64305633,0.7783796,0.41868627,Stable
0.4091314,0.5378835,0.5107596,0.70266604,0.48818085,0.3908906,0.74332416,0.8012911,0.71288586,0.29400083,0.75966895,0.7606136,0.77035373,0.27251023,0.7906867,0.64082175,0.7827532,0.41828343,Stable
0.4091285,0.53789496,0.51077855,0.70266026,0.48819607,0.39091223,0.7433054,0.8012919,0.71302056,0.2939388,0.75964206,0.7605978,0.77032727,0.27248544,0.7906476,0.6408635,0.7827387,0.41834557,Stable
0.40717718,0.5386002,0.51167,0.7030212,0.49029416,0.3896806,0.7465315,0.80099356,0.7189917,0.2916676,0.7525365,0.69375056,0.7799212,0.28119007,0.79370415,0.640039,0.7852883,0.41724724,Stable
0.40669248,0.5410812,0.51065135,0.70264024,0.49312735,0.39137745,0.74425936,0.8006751,0.7207085,0.2809021,0.7610544,0.77943635,0.7798809,0.28448376,0.7917935,0.641076,0.7836611,0.41728812,Stable
0.4076842,0.54063576,0.5140545,0.7034066,0.49325073,0.3945871,0.74538755,0.8002144,0.7211112,0.2796869,0.7650223,0.7816373,0.77541065,0.2817986,0.7944194,0.643173,0.7860028,0.41437265,Stable
0.40739602,0.54024315,0.51019466,0.7012936,0.4909577,0.39468357,0.7425434,0.7977518,0.7159735,0.2859011,0.75896144,0.7617663,0.76942015,0.27969775,0.79349554,0.64014995,0.7860157,0.41485915,Stable
0.40768158,0.5402787,0.5101205,0.7014281,0.49089783,0.39462376,0.7426402,0.79781103,0.7155837,0.28619528,0.7586746,0.76166356,0.76886094,0.2794792,0.79332083,0.6400639,0.78587663,0.41487664,Stable
0.40977955,0.541796,0.51068485,0.7008078,0.48730606,0.3910755,0.74663424,0.798835,0.7088184,0.29056892,0.7591363,0.76221365,0.7668201,0.28321052,0.7926655,0.6371199,0.7841091,0.41454345,Stable
0.4089948,0.54066706,0.51288307,0.7005181,0.49155852,0.3940524,0.7480489,0.7930001,0.70531726,0.28704304,0.7605231,0.7647966,0.7608191,0.27368546,0.7928774,0.6301703,0.78315437,0.41298708,Stable
0.40886673,0.5407451,0.51752543,0.70076644,0.49186474,0.3931787,0.743525,0.7853488,0.7039237,0.28793174,0.760345,0.7682078,0.75911397,0.27679116,0.79303,0.62984514,0.7828474,0.41207808,Stable
0.4122666,0.54314005,0.5172764,0.7005813,0.49029562,0.38964492,0.7472595,0.7964642,0.7129523,0.280962,0.75376576,0.69709706,0.7750076,0.28515297,0.796867,0.6290533,0.78755254,0.41351113,Stable
0.41230822,0.5431542,0.51721144,0.7005364,0.49025708,0.38961515,0.7472517,0.7964262,0.712826,0.28104827,0.7537447,0.69716614,0.7749523,0.28486636,0.7967291,0.62902,0.78743863,0.41355842,Stable
0.4145682,0.53911686,0.5154475,0.7006268,0.49371228,0.39349216,0.74447155,0.7923698,0.7066139,0.2839546,0.7611418,0.75892323,0.77359486,0.27760288,0.7937511,0.6306591,0.78537905,0.413555,Stable
0.41305178,0.5466151,0.515566,0.70164245,0.4883885,0.39090282,0.74391603,0.7906647,0.7083399,0.28428918,0.75908065,0.7579092,0.76944315,0.2756503,0.7915735,0.6385317,0.7848367,0.41503346,Stable
0.41315752,0.54956853,0.51257545,0.7026001,0.48908043,0.3974688,0.7416589,0.79016256,0.70110404,0.28415322,0.7638998,0.7617496,0.7678754,0.28837383,0.79030955,0.6393721,0.78306997,0.4158939,Stable
0.41483772,0.5504482,0.51765454,0.7026516,0.4883582,0.3975743,0.74151134,0.78862906,0.70057714,0.28457785,0.760884,0.7707731,0.76566404,0.2883504,0.7931371,0.63032997,0.7820604,0.4085552,Stable
0.414846,0.5504395,0.5176813,0.70267195,0.48838645,0.39757118,0.7416219,0.7886128,0.70085573,0.2844508,0.7610902,0.7710345,0.7659993,0.28838038,0.793307,0.6303892,0.78220296,0.4085462,Stable
0.41354892,0.5529252,0.5183077,0.70353425,0.48592967,0.39770028,0.74433565,0.7865895,0.694203,0.28969997,0.7642207,0.7728877,0.7567269,0.28411144,0.79026955,0.63040906,0.7799172,0.40873098,Stable
0.4172705,0.5586337,0.51733893,0.7067609,0.4907106,0.39706117,0.7466216,0.79561996,0.70326304,0.2851786,0.75289124,0.6995112,0.76484215,0.28332284,0.79391897,0.63232374,0.7841317,0.4103602,Stable
0.4198224,0.55943644,0.51386935,0.7079134,0.4885435,0.4002175,0.7434032,0.78620666,0.6986518,0.29392076,0.7580956,0.7156016,0.7560127,0.28181863,0.78642106,0.63004327,0.7754917,0.41057238,Stable
0.40869614,0.561186,0.5194448,0.71225417,0.48521143,0.3978839,0.75255764,0.7970313,0.6973293,0.2943723,0.75833976,0.7159533,0.7569082,0.27656943,0.7908346,0.6334274,0.7769186,0.40984958,Stable
0.40871322,0.5612565,0.5193856,0.7124805,0.48526907,0.39783892,0.75255036,0.79742116,0.69741094,0.2943924,0.75795054,0.71540105,0.75677717,0.27663907,0.7909104,0.6333632,0.7770447,0.40962785,Stable
0.4084395,0.56001127,0.51787305,0.7109388,0.48649746,0.39741957,0.7515863,0.79690427,0.69790936,0.28805065,0.76051533,0.6951866,0.75599134,0.27678412,0.79390615,0.6308454,0.7809762,0.407626,Stable
0.41043445,0.56321025,0.51867586,0.7135128,0.48831493,0.39910433,0.7527709,0.7997488,0.69478774,0.29013497,0.76093817,0.6946497,0.75231767,0.28175995,0.790698,0.63205063,0.77944875,0.4065598,Stable
0.4083814,0.5619845,0.5244936,0.7169874,0.48964387,0.3971486,0.7563827,0.795309,0.7000636,0.2831758,0.762319,0.77216125,0.75577676,0.27994466,0.7881071,0.6307407,0.7786883,0.40565977,Stable
0.41282415,0.5662185,0.52391577,0.71721476,0.48688528,0.39643854,0.75772,0.79736394,0.6942968,0.28844237,0.75793755,0.69783247,0.7484464,0.2764579,0.78830945,0.6296074,0.7671001,0.39937696,Stable
0.41279584,0.56622976,0.52390546,0.71721447,0.48693997,0.39641505,0.7577387,0.79738754,0.69438267,0.288403,0.75840664,0.6976542,0.7485256,0.276401,0.7882952,0.629592,0.76718855,0.39925385,Stable
0.41860002,0.56269133,0.52223265,0.71772397,0.48876995,0.39498246,0.75150716,0.7995539,0.6978876,0.28575364,0.7585346,0.69827384,0.7529274,0.27636534,0.7837403,0.62902564,0.7663664,0.40227926,Stable
0.41230994,0.56704926,0.5272298,0.7190001,0.48840734,0.39697903,0.7556025,0.7975743,0.7010147,0.29064864,0.76069486,0.772998,0.7559061,0.2704599,0.7870147,0.62793696,0.77395904,0.39859986,Stable
0.40766427,0.5674363,0.5251186,0.71892834,0.48865455,0.3959602,0.7576282,0.79911506,0.7051147,0.28290808,0.7648151,0.7670557,0.76023173,0.25947487,0.7876445,0.6296276,0.7744875,0.40072054,Stable
0.4038685,0.563811,0.525332,0.716485,0.48927224,0.39225885,0.7560148,0.7946185,0.7091376,0.28037348,0.75531626,0.7076611,0.7641813,0.25824642,0.78651285,0.6277942,0.77094454,0.394927,Stable
0.4034309,0.56346834,0.5252946,0.71663326,0.4892503,0.3922324,0.7562145,0.79454815,0.7089688,0.28049055,0.7556032,0.7077532,0.7639363,0.25809497,0.7866301,0.6280508,0.7709124,0.39474142,Stable
0.4047122,0.5638895,0.5267795,0.7168349,0.49290174,0.3902988,0.7569875,0.79272383,0.706035,0.2818625,0.75407636,0.7076472,0.7650362,0.2557609,0.7872765,0.6285646,0.77290905,0.39471072,Stable
0.41711837,0.56245714,0.5231043,0.71627223,0.49193507,0.39176035,0.7580578,0.79133797,0.7024325,0.28272104,0.7552744,0.70751786,0.7633893,0.25510716,0.78908765,0.6292368,0.77394193,0.39357394,Stable
0.41984195,0.5628697,0.5256127,0.715323,0.49258357,0.38807297,0.7598712,0.7928289,0.71307486,0.27893573,0.75395936,0.76496637,0.7667414,0.25868094,0.7869687,0.62871325,0.77222,0.3877408,Stable
0.422054,0.56292415,0.52560234,0.71339333,0.49108553,0.38660443,0.7609184,0.795727,0.71363246,0.27824867,0.75557995,0.7006437,0.76743716,0.25760254,0.78910494,0.62734705,0.77519345,0.38864326,Stable
0.42211014,0.56284225,0.5256465,0.713375,0.49114558,0.3865541,0.76081264,0.79559076,0.7139121,0.27803642,0.7557138,0.70055646,0.76751935,0.2577107,0.7893836,0.6273982,0.7753409,0.38863915,Stable
0.42952746,0.5648111,0.5239209,0.7082238,0.49264693,0.3877184,0.7581395,0.7928499,0.71371263,0.2796016,0.75648445,0.7645518,0.7773869,0.24589494,0.7853386,0.6121491,0.7706215,0.38761267,Stable
0.42628926,0.5625286,0.5256641,0.7100438,0.4941396,0.38836813,0.75959504,0.78982913,0.71612847,0.27621388,0.75345445,0.69774425,0.7753656,0.25219452,0.786632,0.6144631,0.77312154,0.3945721,Stable
0.42425346,0.5627502,0.5262038,0.71054167,0.49184215,0.3836814,0.75928134,0.7874476,0.722013,0.27396286,0.75558966,0.69046426,0.7816841,0.24522363,0.7899047,0.62776476,0.7749587,0.39348578,Stable
0.42143387,0.5626211,0.52578306,0.70988333,0.49444407,0.3847555,0.7594743,0.7812495,0.7242991,0.26064172,0.75411934,0.70030785,0.7786926,0.25143364,0.79100084,0.6261585,0.77888,0.3915058,Stable
0.42144796,0.56266,0.5257987,0.7098626,0.49447644,0.38473362,0.75950235,0.7812225,0.7242758,0.26058337,0.75411224,0.70029557,0.77860355,0.25154704,0.7910023,0.6261481,0.77886647,0.39151952,Stable
0.423348,0.5632131,0.5287297,0.71036786,0.49387747,0.3832053,0.75975204,0.779734,0.7210449,0.26113945,0.753059,0.6945853,0.7766904,0.25283682,0.789225,0.6237414,0.77502626,0.38930818,Stable
0.42230496,0.56099826,0.5288166,0.71062267,0.49346992,0.38339,0.75953865,0.7766203,0.71989864,0.26833254,0.7495767,0.7025966,0.77429295,0.23900515,0.7869238,0.6227543,0.77393216,0.38888574,Stable
0.42481357,0.5585652,0.5266259,0.70851076,0.4921835,0.38502645,0.75412405,0.77040744,0.7149183,0.2740886,0.74902177,0.7062738,0.77395767,0.23491156,0.78464764,0.61201537,0.7721286,0.38322264,Stable
0.42476094,0.55535656,0.52577615,0.7063021,0.494188,0.3848688,0.7538611,0.7694273,0.71347517,0.27340788,0.7479408,0.70614266,0.7700443,0.23874299,0.7838211,0.6222422,0.7680372,0.39090657,Stable
0.42483422,0.55549407,0.5257906,0.7062788,0.49414378,0.38501346,0.7538609,0.76942766,0.71329665,0.27393824,0.74791026,0.7062685,0.7701363,0.23865901,0.78384984,0.6222522,0.76817405,0.39096928,Stable
0.42706823,0.5548039,0.52263826,0.70658696,0.4931701,0.3835257,0.75280297,0.76861656,0.7150601,0.2750797,0.75095695,0.7071859,0.76940036,0.23040335,0.78157413,0.6120633,0.76747453,0.38045448,Stable
0.42881262,0.5572044,0.52027565,0.7045555,0.49229655,0.38180816,0.75529426,0.7722647,0.7191608,0.27129734,0.76473796,0.7674912,0.7774781,0.23646872,0.78546476,0.62264395,0.77200377,0.38966876,Stable
0.42958605,0.5565785,0.5226953,0.704719,0.49280578,0.38183603,0.7593303,0.7777988,0.7256423,0.26219344,0.7612135,0.77284205,0.7812873,0.23659375,0.7896215,0.6247213,0.7763982,0.38904458,Stable
0.4274392,0.55536985,0.5231682,0.7036204,0.49288285,0.37773818,0.7576828,0.778331,0.7283026,0.26537365,0.7572814,0.7708015,0.7704897,0.23446546,0.787915,0.6267443,0.77603877,0.39063823,Stable
0.42713714,0.55536985,0.52315354,0.70367885,0.49274588,0.37781978,0.75752497,0.77806735,0.7279047,0.26534376,0.75697947,0.77085924,0.7854079,0.23777771,0.78771377,0.6268887,0.775841,0.39058965,Stable
0.42644987,0.5538269,0.52234006,0.70403683,0.49356803,0.37781057,0.75572777,0.7772488,0.7218702,0.26685315,0.7589848,0.77640045,0.7803568,0.23885709,0.7885159,0.6287183,0.777729,0.3941005,Stable
0.4256038,0.5602187,0.5222276,0.70361394,0.49271196,0.37743115,0.753039,0.77269423,0.7244975,0.25791478,0.7612121,0.7774688,0.7811839,0.24212587,0.79140824,0.62976736,0.78007424,0.39367783,Stable
0.42878258,0.55591816,0.5205754,0.7027053,0.49101636,0.38101888,0.7497114,0.77152765,0.7133868,0.26538363,0.76663125,0.79599327,0.7697433,0.23554885,0.79043406,0.6267301,0.7807469,0.3944367,Stable
0.42618117,0.5570903,0.5212227,0.6975415,0.48933455,0.37983748,0.7511486,0.77206063,0.7125728,0.265345,0.7663255,0.7891013,0.7672343,0.23710862,0.7932452,0.62615114,0.78223073,0.39249584,Stable
0.42640376,0.55685973,0.5212235,0.69750273,0.48927027,0.37983808,0.7512429,0.7722773,0.71262157,0.26535407,0.7661892,0.7890017,0.76727283,0.23719965,0.7933344,0.6261047,0.78220546,0.39230913,Stable
0.42371857,0.5652506,0.5239568,0.6988865,0.49113914,0.38060606,0.74430454,0.76417845,0.7121576,0.26543725,0.76892537,0.7891611,0.767652,0.24050638,0.7961726,0.6154469,0.7834846,0.3939638,Stable
0.41293272,0.5616758,0.522468,0.6999736,0.49283928,0.37862262,0.7543298,0.77193725,0.7189991,0.26341373,0.7684669,0.78680575,0.7716099,0.23952727,0.79227227,0.6278206,0.780636,0.3948772,Stable
0.40218076,0.5582675,0.5176765,0.7002721,0.49196613,0.3798271,0.75315326,0.77269804,0.72043514,0.2643561,0.76863444,0.7879757,0.7718493,0.23450695,0.7918246,0.6265131,0.7801008,0.3933164,Stable
0.4171505,0.55128896,0.5197055,0.6975412,0.49267966,0.38070738,0.75263476,0.7745749,0.7209403,0.26960725,0.7650966,0.7886914,0.77832496,0.23723637,0.789495,0.6258663,0.7785517,0.3961148,Stable
0.41625428,0.5509937,0.51965153,0.69746894,0.49263167,0.38077068,0.7525834,0.7744844,0.7209909,0.26948693,0.7651962,0.7883979,0.7783946,0.23748094,0.7895934,0.62571377,0.77866554,0.39599425,Stable
0.4053242,0.53683007,0.51272655,0.69980454,0.49212074,0.38006824,0.7508508,0.76898944,0.72026765,0.27222276,0.76839805,0.7866692,0.7843463,0.24124108,0.7902013,0.6282711,0.7795305,0.3958292,Stable
0.40274557,0.5296711,0.5172702,0.7002303,0.49054867,0.37750268,0.7511798,0.76557314,0.71718204,0.2745673,0.7689342,0.7906207,0.7870264,0.24029928,0.7852427,0.62601095,0.7737076,0.39142248,Stable
0.3945037,0.5199862,0.52080077,0.7001845,0.49355304,0.3793145,0.75314015,0.7731862,0.7116317,0.27529952,0.7560007,0.76071066,0.7842119,0.24412239,0.7880194,0.62901306,0.78038853,0.3948683,Stable
0.38763845,0.4743825,0.5180085,0.70519227,0.49428886,0.38218832,0.75673616,0.77631426,0.7068045,0.2757578,0.76181763,0.6913478,0.7698002,0.24634133,0.78956294,0.63164294,0.7858476,0.39983377,Stable
0.3878586,0.47425628,0.5180963,0.7052008,0.4942741,0.3823837,0.75656575,0.77618754,0.70645595,0.27609566,0.76160944,0.6913011,0.76942706,0.24620813,0.7895925,0.6315789,0.7858707,0.3999049,Stable
0.39326605,0.43917406,0.51474655,0.71033615,0.48804483,0.39075598,0.75673175,0.7804372,0.69915116,0.28132334,0.74930567,0.68667936,0.7740233,0.24177048,0.7854538,0.6326388,0.781341,0.387632,Stable
0.38807207,0.43010008,0.51146245,0.7122051,0.4906445,0.3932202,0.7592088,0.783574,0.6930942,0.28740922,0.7480442,0.68029857,0.76056856,0.23419079,0.7874212,0.63307965,0.78297126,0.38948244,Stable
0.37123412,0.411457,0.5094423,0.7070614,0.4917245,0.39301503,0.7575373,0.7818565,0.6909975,0.2817757,0.74562377,0.6826732,0.75082195,0.24378775,0.7858173,0.6243085,0.7751813,0.3912896,Stable
0.3599943,0.41672206,0.49965942,0.7043626,0.4929261,0.3942247,0.7548918,0.7935807,0.6813936,0.2887311,0.7488522,0.6735947,0.7553897,0.23844294,0.7891761,0.6254365,0.7815208,0.4009583,Stable
0.360052,0.4166397,0.49954256,0.7042463,0.49290484,0.39416263,0.7548884,0.7936698,0.68127036,0.28887555,0.74892634,0.6726772,0.7556378,0.23832332,0.78942126,0.625562,0.7819408,0.40100524,Stable
0.3571007,0.40595567,0.49395823,0.70609087,0.49091494,0.3992986,0.7579221,0.8039886,0.68942976,0.28193498,0.7516645,0.6369981,0.7564467,0.241082,0.79259014,0.6268711,0.77882135,0.40699422,Stable
0.35660875,0.4091179,0.48842785,0.70306575,0.4896849,0.4028245,0.7581669,0.814795,0.6842537,0.2845984,0.75868976,0.55595875,0.7555129,0.24128288,0.7814069,0.6237401,0.7677726,0.42219576,Stable
0.35488778,0.40490875,0.49015447,0.704081,0.48527598,0.40719247,0.7610998,0.8177639,0.7104057,0.27903533,0.7586137,0.57722807,0.7564725,0.25154892,0.79103076,0.62202954,0.7665982,0.40727967,Stable
0.36340687,0.40799552,0.49167287,0.70518565,0.48495138,0.40658683,0.7611306,0.8201021,0.67821693,0.29908904,0.7439376,0.6228923,0.7603161,0.24904358,0.7876384,0.6005979,0.77019703,0.40387738,Stable
0.36293417,0.40793818,0.49149948,0.70524526,0.48510915,0.40650237,0.7610203,0.8200161,0.6785047,0.29903898,0.74376404,0.6228994,0.76019037,0.249113,0.7876333,0.6006811,0.77025044,0.4039031,Stable
0.3654638,0.40476128,0.4901007,0.70451134,0.48642135,0.4085358,0.76100916,0.81899,0.68010235,0.29413164,0.744707,0.62093425,0.7620635,0.24606517,0.7875098,0.5998236,0.7708318,0.40599748,Stable
0.35758418,0.4064928,0.49092683,0.70349735,0.49319646,0.40180802,0.75921226,0.8170948,0.75076497,0.26118267,0.74604154,0.64175224,0.75950825,0.24930798,0.7875611,0.6020241,0.7742102,0.40465543,Stable
0.3605389,0.4067343,0.49308798,0.70604014,0.48271796,0.40438804,0.75916576,0.8163624,0.68072313,0.29341602,0.7327218,0.76627153,0.7636198,0.24351513,0.7862121,0.6043985,0.7658508,0.4033612,Stable
0.36066562,0.41116482,0.48760068,0.7034335,0.4888667,0.4065405,0.7550037,0.80143803,0.7008605,0.28498492,0.7530583,0.6794533,0.7600683,0.24154276,0.7912616,0.6017918,0.7759101,0.40542135,Stable
0.36048818,0.41108936,0.4877246,0.7035169,0.4889015,0.40652534,0.7550873,0.8013388,0.70120156,0.28496915,0.7531965,0.6794392,0.7599491,0.24157582,0.7913369,0.6017678,0.77602994,0.4055197,Stable
0.3646563,0.41474247,0.49803716,0.7048317,0.48855233,0.39870828,0.75898635,0.79310167,0.6998274,0.27705288,0.7528538,0.7760238,0.77498806,0.21270913,0.78609693,0.6079493,0.773621,0.40633795,Stable
0.36129665,0.4164134,0.49997997,0.70541155,0.49038967,0.39793253,0.76175475,0.7884675,0.6810746,0.2863662,0.75742376,0.6181674,0.7573937,0.24062881,0.78816193,0.61996984,0.776565,0.403188,Stable
0.36137778,0.41483068,0.50457597,0.7066258,0.49136895,0.39791605,0.7610258,0.7856862,0.6812982,0.28507987,0.75591016,0.6381221,0.75939846,0.24072151,0.7845544,0.6190856,0.77270496,0.38901,Stable
0.3671614,0.42569506,0.5015304,0.70657253,0.48698458,0.3992262,0.75784034,0.78349894,0.6806184,0.28847706,0.75519073,0.6715619,0.75698483,0.24454117,0.7812345,0.6202986,0.7735667,0.39932045,Stable
0.3671965,0.42570364,0.50151587,0.70656955,0.48698866,0.3992889,0.75785077,0.78351253,0.68063986,0.28848392,0.75519204,0.67154765,0.7570902,0.24443859,0.7812431,0.62033665,0.7735729,0.3993227,Stable
0.3830727,0.43407542,0.5031518,0.7034905,0.49251804,0.40481925,0.7596819,0.7874123,0.6837449,0.2897024,0.7485583,0.66810536,0.75917065,0.24858835,0.78484154,0.62285864,0.7792536,0.40407214,Stable
0.3848698,0.43906718,0.5025695,0.70335233,0.49469113,0.40152,0.75587314,0.77822936,0.6933045,0.28516084,0.7471265,0.6615424,0.75960153,0.24715869,0.7860931,0.6232506,0.7816805,0.40128285,Stable
0.3917123,0.45154393,0.5076779,0.7012119,0.49561834,0.3996875,0.7595374,0.7762412,0.6854453,0.2911968,0.7566248,0.6669712,0.7594129,0.24722722,0.79264253,0.6197591,0.78855413,0.39927435,Stable
0.38181362,0.4669683,0.505358,0.6970722,0.49184793,0.39975342,0.7557939,0.7814764,0.6824051,0.2932949,0.7627934,0.68539345,0.7600333,0.24484047,0.7938347,0.62001854,0.7891346,0.403465,Stable
0.38142312,0.46736753,0.5055468,0.69710374,0.4917998,0.39968544,0.7557108,0.781456,0.68259233,0.29316983,0.7623496,0.6849842,0.760065,0.24477272,0.79403657,0.6200011,0.78927064,0.40329438,Stable
0.38126287,0.47870728,0.5037802,0.69346404,0.49236798,0.39576548,0.7499434,0.77584565,0.6849115,0.2934324,0.75639284,0.7640537,0.76235414,0.24482864,0.7907963,0.62185556,0.7905003,0.40244377,Stable
0.38698274,0.48304936,0.5045169,0.6897864,0.4945389,0.3946882,0.7519774,0.7693435,0.6890652,0.29078797,0.7605796,0.76234734,0.76302445,0.24180335,0.7934467,0.6065592,0.78711784,0.3886968,Stable
0.38785014,0.4897569,0.5041151,0.6871586,0.49048954,0.39332902,0.744827,0.7612371,0.6816319,0.2968529,0.7576236,0.7672977,0.7621845,0.24363214,0.7935924,0.60401595,0.7878871,0.38819176,Stable
0.38867188,0.48934346,0.5021198,0.68417597,0.4906548,0.3942791,0.7426897,0.7605704,0.68082225,0.29637998,0.7627721,0.7781405,0.761028,0.2431231,0.79160786,0.60344386,0.7868542,0.38985705,Stable
0.38874257,0.48939222,0.5021346,0.6841495,0.49066442,0.39432094,0.74249816,0.760502,0.68074465,0.2964979,0.7631213,0.7783236,0.7612667,0.24327652,0.79188055,0.603789,0.787148,0.39002368,Stable
0.3898084,0.49003467,0.50382036,0.68334216,0.49152264,0.39406726,0.7417311,0.7691011,0.68830645,0.29193193,0.75925684,0.76315564,0.75904036,0.24065283,0.7907213,0.5973347,0.7842535,0.3874527,Stable
0.39043614,0.4899996,0.5014473,0.6830654,0.4923776,0.39316976,0.74085367,0.7690079,0.68023074,0.29725245,0.7586471,0.7701368,0.759084,0.24190019,0.7896941,0.60219866,0.78594816,0.3927797,Stable
0.39149338,0.49295816,0.50007385,0.6784038,0.4952254,0.39156097,0.73578656,0.76515913,0.67900866,0.29641458,0.75997704,0.7802667,0.76027507,0.24098179,0.7918948,0.6029188,0.79003996,0.39270234,Stable
0.39302886,0.49439198,0.5000706,0.6752949,0.49705875,0.39081082,0.73172545,0.7589301,0.6845863,0.2915001,0.763265,0.7862085,0.75884384,0.23828065,0.78966534,0.60393053,0.7891474,0.39288676,Stable
0.39376605,0.4946713,0.5001582,0.6752503,0.49719524,0.3908314,0.731748,0.7589588,0.6846787,0.29145995,0.7632677,0.78613377,0.758978,0.23804238,0.79223514,0.60363376,0.7891933,0.3929957,Stable
0.3956989,0.49456877,0.50237733,0.6742026,0.49789637,0.39035758,0.7320714,0.7566683,0.6857404,0.29030263,0.765972,0.7880728,0.7591884,0.23865144,0.79133666,0.60181075,0.79013264,0.39304286,Stable
0.39327046,0.4944417,0.49979147,0.67232084,0.49619645,0.39269352,0.7343739,0.75610656,0.6747228,0.29810348,0.7613597,0.78210515,0.76081747,0.24373055,0.7905187,0.60442317,0.79104304,0.39509892,Stable
0.39467508,0.49264997,0.50449455,0.6724369,0.49618083,0.39190447,0.7202811,0.753406,0.6748545,0.29754978,0.7640029,0.78209853,0.7593982,0.24121742,0.78942096,0.6041977,0.788738,0.39513576,Stable
0.39690262,0.48640174,0.50558084,0.6737269,0.49908525,0.38830602,0.72092193,0.75501484,0.6966022,0.28830433,0.7714062,0.7887479,0.76098317,0.23772095,0.78705144,0.60618705,0.788639,0.40157664,Stable
0.39693123,0.48643228,0.50557154,0.6737237,0.4991014,0.38830328,0.7209132,0.7549783,0.69654775,0.28835332,0.7714163,0.78872985,0.760973,0.2376238,0.7870743,0.60621315,0.7886514,0.40160224,Stable
0.39201638,0.48569602,0.5071101,0.67309844,0.49865454,0.38776836,0.7203145,0.7556516,0.68887424,0.28972834,0.76523674,0.78908026,0.7596649,0.23907322,0.7872591,0.60483766,0.7885102,0.4014736,Stable
0.39460963,0.47854647,0.5068443,0.6748807,0.498246,0.38839626,0.72217786,0.756858,0.68160385,0.29517066,0.76869977,0.7883565,0.7588548,0.24218777,0.7852873,0.613698,0.7875855,0.40312728,Stable
0.39380872,0.4719795,0.50432336,0.67681736,0.49844417,0.38859522,0.7261865,0.7596412,0.69179624,0.28978848,0.77077043,0.79052377,0.7614064,0.2413795,0.7927723,0.6151476,0.7933239,0.4040161,Stable
0.4136811,0.4588815,0.50481457,0.6791283,0.49789894,0.39188826,0.73291266,0.7643179,0.684899,0.2945041,0.7690847,0.79337955,0.76215494,0.2385562,0.7936134,0.6113305,0.79290146,0.40119928,Stable
0.41394123,0.45940536,0.50502443,0.67909193,0.49787349,0.3917322,0.73326254,0.76530355,0.6845639,0.29481247,0.77053785,0.7934298,0.7622423,0.23788975,0.7944166,0.6116822,0.7937035,0.4014336,Stable
0.41424954,0.4486937,0.50247586,0.678838,0.4985515,0.39296815,0.7325722,0.76239556,0.6830183,0.2969353,0.7654458,0.7858455,0.7610924,0.23911688,0.792079,0.62322927,0.79265547,0.40322813,Stable
0.4145461,0.44003475,0.50389206,0.67933387,0.49911094,0.39444476,0.7291999,0.76043665,0.68108916,0.29826868,0.7637169,0.786235,0.7645602,0.24174045,0.79192376,0.6193262,0.79192245,0.40718544,Stable
0.42840254,0.43752146,0.5027537,0.6804871,0.50326157,0.40341744,0.7292999,0.762434,0.6805958,0.29972595,0.76391125,0.7872205,0.7642271,0.24220794,0.7941719,0.61896306,0.792856,0.40669608,Stable
0.42799327,0.43528527,0.5032918,0.68098897,0.5013919,0.39660817,0.72993463,0.76396406,0.6822858,0.2981012,0.76620406,0.7862512,0.7645221,0.24222493,0.7926568,0.6273455,0.7946903,0.4079213,Stable
0.42790943,0.43457133,0.50326085,0.68084407,0.5012691,0.39670634,0.729983,0.7641265,0.6823003,0.2981275,0.76627153,0.7861869,0.7645747,0.24243735,0.79275095,0.6273904,0.79477257,0.40790436,Stable
0.42644855,0.4300174,0.50177914,0.67870843,0.50409484,0.4015413,0.72873366,0.76081944,0.6828865,0.29790574,0.76493233,0.7875864,0.7666363,0.2397925,0.79376495,0.62651086,0.7937578,0.4080608,Stable
0.42167863,0.4214916,0.50118834,0.676975,0.5071392,0.39612854,0.719613,0.7557205,0.6833494,0.29716069,0.76771253,0.7879311,0.7675786,0.2415971,0.7957375,0.6196106,0.7947786,0.4077439,Stable
0.42081523,0.42647645,0.49860463,0.67468643,0.50719804,0.3960714,0.71431565,0.74992555,0.68151945,0.29761118,0.7648069,0.78410685,0.7656971,0.24098174,0.7919165,0.61785537,0.7915608,0.4085259,Stable
0.41373774,0.41873026,0.4979243,0.67238295,0.5047533,0.39116842,0.71392363,0.75080323,0.6806321,0.29776853,0.76375544,0.7860657,0.7644583,0.2353752,0.78828895,0.6153664,0.78890586,0.40601552,Stable
0.41381377,0.418678,0.49789613,0.6724445,0.5046651,0.39117283,0.713791,0.7507044,0.68054116,0.29789704,0.7637633,0.7860724,0.76442856,0.23545828,0.7882263,0.61523664,0.788798,0.4059621,Stable
0.4147633,0.4157651,0.49915254,0.6714553,0.5083585,0.3874796,0.71781194,0.7522873,0.6895003,0.2925562,0.7602298,0.7858089,0.76435375,0.23560199,0.79028785,0.6155554,0.7900665,0.4041321,Stable
0.40991387,0.41066575,0.5010708,0.67003155,0.50828785,0.38839695,0.71860707,0.75218594,0.6956756,0.28791332,0.76038784,0.78655815,0.76225185,0.23689912,0.79059243,0.6135992,0.7900664,0.40323362,Stable
0.40551442,0.41340578,0.5000589,0.6697337,0.50634867,0.38776693,0.72072804,0.75574887,0.68403167,0.29533568,0.7623114,0.7888142,0.76157653,0.2371323,0.7897572,0.61520314,0.7896713,0.4074318,Stable
0.40373954,0.40853375,0.5011747,0.66919076,0.50537014,0.38723335,0.7194997,0.7525854,0.6827919,0.2953677,0.76320237,0.78646797,0.75965255,0.23724,0.7880556,0.6149673,0.7878845,0.40592203,Stable
0.4035368,0.4087639,0.5011499,0.6691042,0.50527924,0.38725775,0.7194706,0.75259846,0.68270487,0.29541576,0.76324546,0.7865259,0.7597457,0.2370077,0.7880769,0.6150241,0.7879716,0.40603018,Stable
0.40582418,0.41167837,0.49835306,0.669459,0.50736594,0.38657713,0.716417,0.7506584,0.68376243,0.29355842,0.765324,0.78515685,0.76003456,0.23672234,0.78628224,0.613447,0.7858292,0.40444487,Stable
0.4089957,0.41051397,0.4990259,0.6710479,0.506333,0.38527307,0.71381897,0.74811476,0.681466,0.29463935,0.7655915,0.78591985,0.7606205,0.23563367,0.7831816,0.6144166,0.78139687,0.4038893,Stable
0.40673822,0.4105122,0.4995464,0.66942734,0.5057133,0.3837831,0.71671283,0.7482996,0.6817784,0.2946015,0.7572106,0.77266324,0.76022744,0.23809801,0.78308594,0.6124842,0.7820442,0.402538,Stable
0.4040842,0.40303954,0.5004554,0.6685571,0.50580794,0.38275442,0.7164156,0.7478452,0.68325394,0.29404014,0.7603718,0.7773179,0.7591642,0.24030851,0.78341,0.6130405,0.78377724,0.4016764,Stable
0.40397614,0.4027942,0.50047415,0.6686024,0.5059339,0.3826675,0.71638244,0.7478384,0.68340135,0.29392627,0.76069564,0.77738905,0.75912637,0.24031389,0.78359354,0.61296546,0.7838936,0.4016146,Stable
0.4074465,0.40285206,0.50064766,0.66954875,0.50686276,0.38382888,0.71818185,0.74878377,0.6887599,0.2915675,0.7616643,0.77813804,0.7611648,0.24074244,0.78525364,0.61482203,0.7855518,0.40422434,Stable
0.39802632,0.39440545,0.50011027,0.66794693,0.5026865,0.38313815,0.71689355,0.7493435,0.6823374,0.29558915,0.76029086,0.78030884,0.7616159,0.23793948,0.7830998,0.6124029,0.7836461,0.40391657,Stable
0.39704904,0.39245817,0.50054115,0.6638986,0.5053446,0.38234973,0.71683,0.74809945,0.6825594,0.29252058,0.76173794,0.7787711,0.7589582,0.23897474,0.78074324,0.614298,0.7815558,0.4071626,Stable
0.39780778,0.3979101,0.50019085,0.6623287,0.5052641,0.38297147,0.71469986,0.7460014,0.68145007,0.29357135,0.75772643,0.76895344,0.75956726,0.23848215,0.77954805,0.6117742,0.77939653,0.40452415,Stable
0.3978408,0.39797348,0.50023544,0.66231465,0.5053301,0.38298973,0.71462667,0.7458885,0.6814939,0.2935214,0.7575592,0.76890564,0.7596225,0.23838463,0.7796309,0.6117804,0.7795941,0.4045961,Stable
0.4004984,0.39979392,0.49886462,0.6676061,0.50489634,0.38271767,0.7183831,0.74911296,0.6809583,0.29434425,0.75801224,0.77092475,0.7608831,0.23639253,0.77863204,0.6129873,0.77574015,0.40228593,Stable
0.39915723,0.3970886,0.5011364,0.6658625,0.5070186,0.379688,0.71658677,0.75008076,0.69323295,0.29001468,0.7570727,0.7710976,0.7580085,0.24077287,0.7782573,0.6021236,0.7739278,0.40161642,Stable
0.4008443,0.39945257,0.49761912,0.66697717,0.506955,0.38198525,0.7189719,0.75248384,0.68882275,0.2922622,0.7629788,0.7838008,0.7575501,0.2403476,0.778387,0.603508,0.77392906,0.40405464,Stable
0.40030652,0.39843565,0.49668226,0.6667987,0.5061328,0.38129944,0.7152395,0.7560317,0.68709385,0.2929368,0.7636392,0.78353584,0.7584995,0.24196309,0.778253,0.61292183,0.77537477,0.4044504,Stable
0.40032464,0.39844164,0.4966945,0.6667883,0.506094,0.3813287,0.71533364,0.75603527,0.68698776,0.29298836,0.7638017,0.7836176,0.75855607,0.24195427,0.77843475,0.6128878,0.775505,0.4044348,Stable
0.39926916,0.39793146,0.49748322,0.6660739,0.5066105,0.3811961,0.7145207,0.75714225,0.68373334,0.2957961,0.76187277,0.7816517,0.7603173,0.24222958,0.78051656,0.61666423,0.77967304,0.4070558,Stable
0.4004289,0.39964995,0.49645647,0.66657186,0.50645626,0.3836989,0.7142235,0.7581433,0.6835012,0.2973784,0.7643664,0.7857122,0.7615217,0.24364606,0.7840395,0.6163368,0.78239816,0.40838057,Stable
0.40065145,0.4003715,0.4962084,0.6680323,0.5070481,0.38376945,0.7190449,0.75808454,0.6868341,0.2966448,0.7629713,0.78593016,0.76004523,0.24205211,0.7834232,0.6168234,0.78023875,0.40830883,Stable
0.3992313,0.4004084,0.49666768,0.66627884,0.5079201,0.3842731,0.7155835,0.75855416,0.69150245,0.29404187,0.76338935,0.7840592,0.7588651,0.24603534,0.7829739,0.6133332,0.77914345,0.40710938,Stable
0.39922166,0.40039083,0.4967235,0.66625166,0.50791943,0.38430226,0.71551913,0.7585072,0.6913729,0.29397893,0.7633988,0.7840563,0.7588741,0.24610071,0.7829151,0.61320597,0.77906865,0.40707514,Stable
0.39993656,0.39520618,0.4954408,0.66670144,0.50457525,0.3862583,0.7164601,0.75759697,0.68456364,0.2971976,0.76777476,0.7828965,0.7578888,0.24352697,0.77965415,0.6153032,0.776219,0.40796095,Stable
0.40157208,0.3978952,0.49260575,0.6712829,0.5061342,0.38733885,0.7292839,0.7602622,0.69341606,0.28931263,0.7739114,0.78391904,0.75793505,0.24462122,0.77875066,0.6181033,0.77492374,0.4070488,Stable
0.39945543,0.40104255,0.49184203,0.67010987,0.505717,0.38676,0.71885335,0.7559084,0.6868171,0.29632372,0.77797616,0.783019,0.7588899,0.24163567,0.77695626,0.6174443,0.7732827,0.40510547,Stable
0.3991078,0.40074962,0.4932317,0.6690531,0.50639164,0.385333,0.7168108,0.75547314,0.68793976,0.29573417,0.7750513,0.7819736,0.75868577,0.23727821,0.7775928,0.6165818,0.7738364,0.40477496,Stable
0.3987174,0.40057427,0.49323463,0.6688248,0.50622547,0.3851802,0.7165079,0.7555698,0.6878929,0.29578394,0.77487445,0.78186625,0.75858927,0.23724872,0.77728164,0.61650735,0.7737349,0.40472585,Stable
0.3992594,0.40124878,0.49206257,0.6734674,0.50905424,0.38430607,0.73150104,0.76012194,0.6919872,0.29522943,0.76753753,0.7860571,0.7777204,0.21995984,0.77833235,0.6206441,0.7746471,0.40561968,Stable
0.39775822,0.40012616,0.4938215,0.6685187,0.511304,0.3859315,0.72987384,0.76415336,0.7000903,0.28777677,0.77495545,0.7855012,0.7741634,0.2173296,0.78001845,0.6169445,0.7745168,0.40728468,Stable
0.39768416,0.40078875,0.49059612,0.6769127,0.5101265,0.38857397,0.73438084,0.7635667,0.6997563,0.2888788,0.7676699,0.7839706,0.77471304,0.21925202,0.7842605,0.62430185,0.77780557,0.410452,Stable
0.39622277,0.3994943,0.49272376,0.6726035,0.50922537,0.39061484,0.73331094,0.7650068,0.7066726,0.2911586,0.77139556,0.78793395,0.7586286,0.2443052,0.7882925,0.6250404,0.7837162,0.41284764,Stable
0.39623272,0.39950335,0.49275824,0.6725752,0.5092263,0.39062226,0.7332604,0.7649452,0.70663965,0.29121953,0.77147216,0.78797114,0.7587041,0.24432854,0.7883177,0.6250527,0.7837286,0.41290814,Stable
0.39518318,0.39824772,0.49050397,0.67812467,0.50989294,0.38934594,0.73479146,0.76639223,0.71281564,0.28949925,0.7759925,0.7836126,0.77223676,0.21374542,0.7882825,0.6282236,0.7824254,0.41219363,Stable
0.3943504,0.3987826,0.49100238,0.67786694,0.5122445,0.38772103,0.736905,0.7690143,0.71814895,0.2872431,0.77197707,0.77679884,0.7704684,0.21193367,0.7883284,0.6269439,0.781902,0.41142118,Stable
0.39439481,0.39907715,0.489205,0.6770176,0.5115787,0.38800293,0.7392769,0.7710828,0.71488756,0.2892242,0.7704288,0.77575374,0.77019227,0.20871955,0.78823507,0.6255187,0.781367,0.41187006,Stable
0.3971042,0.3917422,0.48920178,0.6784034,0.5105835,0.39018834,0.7477977,0.7738712,0.7113914,0.29018402,0.77007973,0.74989617,0.7578219,0.24287069,0.78765076,0.62172544,0.7799586,0.4108063,Stable
0.39703095,0.39161837,0.48920876,0.67836213,0.5105627,0.39009905,0.74760807,0.7737469,0.71102804,0.29026997,0.7702671,0.7503853,0.7580075,0.24272496,0.78761375,0.62179255,0.7799603,0.41073436,Stable
0.3978624,0.39428017,0.48866284,0.6774528,0.5091856,0.39094466,0.74109256,0.771646,0.7072469,0.2907489,0.7738401,0.7552447,0.7581909,0.24153125,0.7860565,0.61808425,0.779448,0.4085706,Stable
0.39858478,0.39169163,0.48951647,0.68049043,0.510629,0.3893928,0.7476112,0.7731375,0.720906,0.28308234,0.7723457,0.7520317,0.75573087,0.24336296,0.78553694,0.6182605,0.7780759,0.40891048,Stable
0.4002164,0.3927507,0.49209964,0.6824982,0.50831485,0.39117497,0.74991393,0.77257174,0.69290066,0.2957669,0.7608273,0.7115419,0.75802755,0.23930787,0.7885186,0.60626554,0.7782339,0.40731868,Stable
0.4021243,0.393816,0.4917503,0.68139094,0.50700086,0.39276028,0.7464723,0.77283996,0.69109005,0.29600304,0.7710099,0.75525516,0.75813603,0.24148051,0.7862067,0.6181152,0.77681434,0.40885282,Stable
0.4021169,0.39376813,0.49175256,0.68142974,0.5071369,0.3927233,0.7464029,0.77287304,0.69132805,0.29598302,0.7709111,0.75543225,0.75816435,0.24170914,0.78610224,0.6180902,0.77668786,0.4087659,Stable
0.4029902,0.3943755,0.4912094,0.68234193,0.50668234,0.39382374,0.7484175,0.77296966,0.68966186,0.29643863,0.7685567,0.75048804,0.7601851,0.23894493,0.7877078,0.617632,0.77839345,0.40893352,Stable
0.4045368,0.39606547,0.49102616,0.68150085,0.5073135,0.39343023,0.74807656,0.77336496,0.69161177,0.29580688,0.7660343,0.7487339,0.7584743,0.24158666,0.7882704,0.6174208,0.7788918,0.40900218,Stable
0.40474886,0.39490002,0.49072334,0.68240374,0.50768363,0.39316043,0.7475712,0.77243114,0.692101,0.29604986,0.76429653,0.7500075,0.7584428,0.24184647,0.7884625,0.61931056,0.77824855,0.4089148,Stable
0.40347153,0.39532274,0.48967248,0.6812853,0.5062869,0.39329764,0.7469075,0.773447,0.6895346,0.2970757,0.7654393,0.7495941,0.7619622,0.24190532,0.79007924,0.6223281,0.7806978,0.41005588,Stable
0.40344918,0.395325,0.48965904,0.6810653,0.50623447,0.39329785,0.7468912,0.773463,0.6888854,0.29736608,0.7653886,0.7496478,0.76173633,0.24194014,0.7901241,0.62241364,0.78077286,0.41023904,Stable
0.4035512,0.39549834,0.49025035,0.68195677,0.50770277,0.3939961,0.74973476,0.77311534,0.69085425,0.29663014,0.7632078,0.745029,0.7621931,0.24319206,0.7909899,0.6222544,0.7818122,0.4105047,Stable
0.4032572,0.3964357,0.4895541,0.6825072,0.5096329,0.39345127,0.7484164,0.7710172,0.69019186,0.29571605,0.7534377,0.71297455,0.7602645,0.24310803,0.787708,0.62183297,0.7789581,0.41165948,Stable
0.40210843,0.3965351,0.49078637,0.6830685,0.5097567,0.393023,0.7465769,0.76957196,0.69201803,0.29471263,0.75179017,0.7172282,0.7597858,0.24367486,0.7858619,0.6228126,0.7781419,0.41123268,Stable
0.40163183,0.39661723,0.49083322,0.68294924,0.509992,0.39045787,0.7378808,0.7673043,0.6929362,0.29389817,0.758248,0.74581707,0.75897354,0.243864,0.78428257,0.61961615,0.7764079,0.40848884,Stable
0.40162215,0.39675376,0.49089313,0.6830153,0.5100676,0.39053893,0.7380142,0.7673223,0.69284457,0.29392666,0.7583637,0.74557734,0.75904834,0.24373353,0.78429717,0.6194845,0.77641344,0.40841028,Stable
0.4015491,0.39396876,0.489398,0.6829704,0.5117361,0.38866848,0.7366549,0.7676666,0.7015786,0.28726387,0.75605476,0.75153875,0.7575078,0.24386147,0.78378654,0.61991245,0.776554,0.4093755,Stable
0.4053275,0.39740416,0.4893074,0.68223923,0.51146245,0.39032364,0.7360761,0.76696205,0.69547236,0.2931798,0.75697106,0.74991655,0.75907487,0.24010834,0.7831997,0.6184031,0.7770082,0.40988013,Stable
0.4041235,0.39676356,0.49102315,0.68164515,0.5122298,0.38840646,0.74620557,0.7704272,0.70024526,0.2873348,0.7568333,0.7443274,0.75739396,0.24057166,0.7810969,0.6189267,0.7744186,0.4094361,Stable
0.40416345,0.39677215,0.49101862,0.6816969,0.5122668,0.38832423,0.74621034,0.7704786,0.70027554,0.2873253,0.7567875,0.7442651,0.75741816,0.2406836,0.7811288,0.6189538,0.77448165,0.40944585,Stable
0.40266126,0.397322,0.49145377,0.6805617,0.51182973,0.387279,0.74551594,0.76867676,0.70144904,0.2855705,0.757923,0.74886006,0.7630076,0.23074023,0.77892613,0.61790764,0.77239895,0.40862465,Stable
0.40094897,0.39611524,0.49238643,0.68025017,0.5117968,0.38801748,0.7370025,0.7655735,0.7012446,0.28653958,0.7596051,0.7509804,0.77076626,0.21552229,0.77919257,0.6181456,0.7726443,0.40908465,Stable
0.39997444,0.39561445,0.49222252,0.6791823,0.51327074,0.38648733,0.73475206,0.7638821,0.70169204,0.2868926,0.7590972,0.7570026,0.7625257,0.22959217,0.7800175,0.6194765,0.7749158,0.40969348,Stable
0.4019029,0.39771935,0.491947,0.68022525,0.5134513,0.38843486,0.737815,0.76558584,0.6993467,0.28841645,0.7584411,0.7565503,0.7716844,0.21951847,0.7810705,0.63093144,0.7778822,0.41148323,Stable
0.40175778,0.3976221,0.49185142,0.68019074,0.51338327,0.3884861,0.7379869,0.76581806,0.69931906,0.28854364,0.7584559,0.7563779,0.7714733,0.21998951,0.78089166,0.6309757,0.7777076,0.41138276,Stable
0.40284747,0.39716125,0.49133903,0.6821081,0.5140197,0.38766488,0.73557395,0.76200235,0.6984562,0.28753078,0.7595172,0.76225317,0.7707064,0.21772268,0.7816617,0.6330378,0.7790383,0.41313827,Stable
0.40433094,0.39534438,0.49061018,0.6822843,0.5148589,0.38753125,0.7365469,0.7632489,0.6988201,0.28644598,0.7633163,0.7586423,0.7655723,0.23162127,0.78157187,0.6320451,0.77916884,0.41133043,Stable
0.40483388,0.3957499,0.48877376,0.6813257,0.5113902,0.38741052,0.7331462,0.7600772,0.6939737,0.29455116,0.7625599,0.76433986,0.7707163,0.22880332,0.7826226,0.631652,0.78085864,0.41172427,Stable
0.40898082,0.39543316,0.48897994,0.67599005,0.5108253,0.38473928,0.72900456,0.7572775,0.69131345,0.29501957,0.7608503,0.76554024,0.7790212,0.21824855,0.7803573,0.63438904,0.7792641,0.4123146,Stable
0.40900373,0.395449,0.48901483,0.67601347,0.5108475,0.38470897,0.7289448,0.7572543,0.6913514,0.29500532,0.76076376,0.765619,0.77909225,0.21835405,0.7803535,0.63437927,0.77929586,0.4122975,Stable
0.41273305,0.40531883,0.49111384,0.6760165,0.51292425,0.3852226,0.72955084,0.75579333,0.69398516,0.29340833,0.75898695,0.76539457,0.7782036,0.21559286,0.7857417,0.62160575,0.7848084,0.40643322,Stable
0.42203856,0.41165483,0.49293157,0.6755876,0.51345456,0.3832146,0.73176765,0.75642914,0.6930317,0.2939456,0.7545043,0.7588792,0.77665997,0.21507505,0.78682774,0.6178406,0.78509796,0.40140283,Stable
0.42063388,0.4112575,0.48956263,0.67159116,0.51254475,0.38051718,0.7288356,0.7557799,0.6954598,0.2878924,0.7602751,0.7508248,0.7774745,0.21350643,0.7821331,0.61818594,0.7825961,0.4025168,Stable
0.41751945,0.41173178,0.490118,0.6700573,0.5079769,0.38165182,0.72668576,0.7475764,0.69137156,0.2947135,0.7687561,0.758795,0.77734274,0.2167677,0.7809238,0.6127625,0.78268313,0.3999592,Stable
0.41774675,0.41202968,0.49014792,0.67005575,0.50805104,0.38192528,0.720103,0.7446489,0.6910493,0.29490334,0.768854,0.7591888,0.7773646,0.21694723,0.78107965,0.61304057,0.7828654,0.4001804,Stable
0.41583705,0.41417217,0.48874944,0.6672103,0.50814426,0.3805939,0.7150754,0.7387859,0.6829909,0.29528642,0.77946377,0.76586694,0.77652407,0.21924745,0.78131795,0.6116774,0.78289497,0.40006644,Stable
0.4175231,0.43129274,0.48900804,0.66151845,0.5079577,0.37911576,0.71507883,0.74157494,0.6909413,0.28819168,0.76734805,0.7665614,0.77509207,0.21190393,0.77894586,0.60872537,0.7790209,0.39802217,Stable
0.40594184,0.43698046,0.4957856,0.6568653,0.5107478,0.37583774,0.711936,0.73349917,0.6928246,0.2827766,0.76261675,0.7641236,0.7675656,0.21724401,0.78081584,0.61259675,0.77692425,0.3954733,Stable
0.40101373,0.4471323,0.4920021,0.6542766,0.51239276,0.37628156,0.7133422,0.73004913,0.7004237,0.2800112,0.76945066,0.75883263,0.7630943,0.22127083,0.77894497,0.59896654,0.772695,0.3816145,Stable
0.40159255,0.4470632,0.4919667,0.6543719,0.51258904,0.37612027,0.7135324,0.730114,0.70088804,0.2798735,0.7696306,0.75882095,0.76302814,0.22102022,0.77889466,0.5988409,0.7727491,0.3815635,Stable
0.39743692,0.45589298,0.48841274,0.64953434,0.51027375,0.37012398,0.7054466,0.7266779,0.6966755,0.2782879,0.7725172,0.7474406,0.76870126,0.2286962,0.77954,0.5856769,0.77296036,0.37076437,Stable
0.39886516,0.45885646,0.49045563,0.64562285,0.51352984,0.36538595,0.7134888,0.7301225,0.698365,0.26912093,0.76180357,0.74577713,0.7691606,0.22705299,0.78022754,0.5917839,0.77620876,0.37117955,Stable
0.39900202,0.46060798,0.49049544,0.6437758,0.50878024,0.36159748,0.71001387,0.72757626,0.6932935,0.2738059,0.7583624,0.738181,0.76821935,0.22531043,0.78038454,0.58129895,0.77434266,0.3678337,Stable
0.39544114,0.46423912,0.48989734,0.64314425,0.5121937,0.357362,0.7132475,0.722929,0.7060253,0.26664153,0.7702095,0.74513763,0.7716752,0.2249128,0.7822012,0.5873818,0.77718675,0.3661999,Stable
0.3954636,0.46422148,0.48988518,0.6431659,0.51213,0.3573436,0.713367,0.72286236,0.70610183,0.26655585,0.77032495,0.7449946,0.77190274,0.22489612,0.7822535,0.58735913,0.7771735,0.3661662,Stable
0.3892885,0.46845,0.49189383,0.6372516,0.5134993,0.35563514,0.7097973,0.72281593,0.69730806,0.26665658,0.76613617,0.74267423,0.7684165,0.22048107,0.7829975,0.5772568,0.777446,0.36043894,Stable
0.3906165,0.4691922,0.49377987,0.6357331,0.5092766,0.35167846,0.71197027,0.7167132,0.699803,0.2643801,0.7626101,0.7439809,0.76251006,0.22218654,0.78235,0.5742562,0.7779254,0.3637428,Stable
0.38752836,0.47257167,0.4941097,0.6354202,0.5156901,0.35257325,0.7119376,0.7179848,0.69451034,0.26132697,0.7608322,0.73396087,0.76235926,0.21857572,0.77951974,0.56954634,0.77225053,0.36114764,Stable
0.38743457,0.47450063,0.48888156,0.62952995,0.5107522,0.35095415,0.7062864,0.7138603,0.6995884,0.26087072,0.7666854,0.73408383,0.77070636,0.20873508,0.7830331,0.5716245,0.77560973,0.35983938,Stable
0.38750333,0.47447953,0.4887691,0.62937605,0.5108636,0.35098955,0.7062018,0.7138083,0.69986886,0.26077676,0.7665551,0.73422956,0.7704892,0.20850205,0.7831212,0.571658,0.77559423,0.35981447,Stable
0.3864321,0.4765622,0.4889564,0.6345932,0.5100887,0.34350234,0.7149159,0.7205497,0.71186346,0.2514845,0.76467127,0.7257075,0.76713204,0.2068659,0.7851858,0.5731707,0.7767918,0.352272,Stable
0.3852063,0.47951025,0.49028155,0.626363,0.5098509,0.34555084,0.7115458,0.71517074,0.70907724,0.25120175,0.76472056,0.7253357,0.7671342,0.20577511,0.78569305,0.56895375,0.7766788,0.35117579,Stable
0.38228709,0.47978902,0.4906158,0.62957674,0.51043105,0.33865914,0.7150599,0.71804976,0.7213907,0.24360487,0.76521003,0.7239589,0.763577,0.19944194,0.78676593,0.5691289,0.776644,0.34902942,Stable
0.38693675,0.4845209,0.48907572,0.6301146,0.50708604,0.33611035,0.7193464,0.7201111,0.7169397,0.24447046,0.7588598,0.71294713,0.7554754,0.2314196,0.7855201,0.57264066,0.7772023,0.34973824,Stable
0.38690978,0.48468158,0.4890296,0.6301098,0.5086912,0.33937466,0.71928394,0.720065,0.7170414,0.24442296,0.75879663,0.7130914,0.7556252,0.23147693,0.78556955,0.5727571,0.77726936,0.3498021,Stable
0.38383174,0.48271188,0.4876206,0.63012254,0.50330734,0.33673817,0.71264315,0.71078396,0.70891213,0.24994025,0.7605686,0.7251803,0.76308954,0.207854,0.7842138,0.5709009,0.77659225,0.3474182,Stable
0.3876261,0.48552907,0.48843223,0.62862456,0.50501657,0.3355465,0.7146179,0.7114844,0.7145046,0.2425913,0.7584283,0.7226106,0.75324154,0.22784524,0.78332925,0.5707184,0.7775198,0.349513,Stable
0.3820706,0.48012325,0.48912323,0.62911916,0.50337917,0.33795127,0.7175541,0.710196,0.70852673,0.24609914,0.76308554,0.721939,0.7599642,0.20796447,0.7869727,0.5647763,0.7789287,0.34820423,Stable
0.3808268,0.4817199,0.48949045,0.6269424,0.50298655,0.33714527,0.7145263,0.7158301,0.7019107,0.24717043,0.7654059,0.7205523,0.75713056,0.23326188,0.7877645,0.56592274,0.7792198,0.3496543,Stable
0.3808212,0.48173806,0.48959336,0.62708056,0.5028655,0.33721873,0.71463835,0.71588373,0.7016454,0.24720368,0.7656838,0.72005934,0.7572423,0.23340867,0.7877432,0.5659522,0.7791092,0.34952772,Stable
0.38115788,0.4854585,0.4921283,0.6306624,0.5030174,0.34157634,0.7231542,0.72268903,0.69937205,0.24913512,0.7648151,0.7126546,0.7595853,0.2024489,0.79022014,0.5640897,0.7799689,0.34729856,Stable
0.38226256,0.48532996,0.48969793,0.632554,0.50143325,0.3452917,0.71274036,0.71965474,0.7040639,0.25316012,0.7582008,0.72148055,0.7567345,0.2178134,0.7856194,0.56261176,0.778089,0.3494712,Stable
0.3822177,0.49366492,0.4912908,0.633191,0.49564835,0.3473227,0.7159823,0.7223693,0.7024216,0.25484714,0.7586429,0.7190134,0.7608861,0.21906976,0.7891588,0.5664114,0.78101987,0.34916145,Stable
0.37979257,0.49861297,0.4887446,0.63544375,0.49294382,0.35017008,0.7125456,0.7204673,0.69192374,0.26489222,0.7564308,0.7225524,0.7641794,0.22364855,0.7884602,0.5733391,0.78326595,0.3531621,Stable
0.37959397,0.49850437,0.488698,0.6354082,0.4928488,0.35015053,0.71266735,0.7204398,0.69181937,0.26494527,0.7564026,0.72258705,0.7646177,0.22384202,0.7883111,0.5731809,0.7831699,0.35307822,Stable
0.38129056,0.50137436,0.4903409,0.63557124,0.4947718,0.3490815,0.707651,0.71815485,0.70564437,0.25665948,0.7550628,0.727961,0.7598652,0.2233085,0.78833264,0.57823753,0.78241515,0.35479808,Stable
0.38185382,0.5137564,0.49221736,0.63656485,0.49678147,0.35215348,0.71080154,0.72398347,0.6945087,0.26152438,0.75613797,0.7266735,0.7609494,0.2356665,0.7899339,0.5791298,0.7832923,0.35941744,Stable
0.38500032,0.5103481,0.49227294,0.63549626,0.49919617,0.35354254,0.7114157,0.7269186,0.6900028,0.26288575,0.7562716,0.72940254,0.7585184,0.24125886,0.78651154,0.5804801,0.7817711,0.35756978,Stable
0.38072395,0.51192886,0.49393567,0.63618684,0.49365813,0.3560024,0.70898163,0.7269968,0.6892149,0.2641759,0.7541816,0.7292702,0.7597887,0.24165246,0.7858548,0.5807785,0.7818481,0.3679956,Stable
0.3804915,0.5118506,0.49395365,0.6362151,0.49368998,0.35597223,0.70880383,0.7269079,0.6893481,0.2641511,0.7541505,0.729192,0.75977373,0.2416886,0.78582263,0.5806337,0.7817764,0.3678339,Stable
0.37973636,0.51739717,0.4934302,0.63711613,0.49461362,0.35543713,0.7044374,0.72488856,0.6938858,0.26409203,0.75238913,0.7292292,0.7646954,0.2492452,0.7875735,0.5846882,0.78475106,0.3733498,Stable
0.3789547,0.51782846,0.49236485,0.63651574,0.4928822,0.3594703,0.7007003,0.72339314,0.68898696,0.26811072,0.74980825,0.73209256,0.75558937,0.25647712,0.78593814,0.5863906,0.7841947,0.37580642,Stable
0.38178027,0.521266,0.49128863,0.63599426,0.4924298,0.35783145,0.69661134,0.7218887,0.6865902,0.26871938,0.749829,0.73184747,0.7576596,0.2528059,0.785655,0.5876613,0.7850485,0.37703013,Stable
0.38101965,0.5207529,0.4930453,0.6385116,0.49020046,0.36029148,0.6971339,0.7219578,0.6910626,0.26867047,0.74844,0.73286617,0.7557677,0.2540058,0.7877296,0.5870956,0.7856847,0.37740955,Stable
0.38102493,0.5207591,0.49302623,0.6385173,0.49020255,0.36028826,0.69725555,0.72199893,0.69116557,0.2685576,0.74836487,0.73260516,0.75567687,0.25385118,0.7877122,0.58707577,0.78557336,0.37741444,Stable
0.3807729,0.52655596,0.49347767,0.6380419,0.4945509,0.36066812,0.6945736,0.7218444,0.6960224,0.26523972,0.7499835,0.7388312,0.75806135,0.26024383,0.78862184,0.58744335,0.7874805,0.37873006,Stable
0.3797704,0.52316576,0.49079046,0.63937616,0.49039996,0.36201286,0.6922542,0.7209913,0.6924989,0.2677294,0.75152177,0.7420446,0.7600516,0.2603484,0.785342,0.59452796,0.78592217,0.3794691,Stable
0.37484902,0.5229902,0.49145025,0.63872004,0.48822471,0.36333725,0.6954076,0.72163844,0.69136477,0.26878655,0.7539822,0.74381876,0.75514114,0.26094902,0.78507876,0.58695483,0.77974594,0.37652072,Stable
0.37472188,0.5226033,0.49396932,0.6391486,0.49249995,0.36528105,0.7023511,0.7270615,0.69446653,0.26774934,0.7510307,0.73299253,0.7551407,0.26204473,0.78542376,0.59530056,0.78323144,0.37988788,Stable
0.37464952,0.52257496,0.49387765,0.63917816,0.49243587,0.36538732,0.70257205,0.72748727,0.69434845,0.26776236,0.7508267,0.7330028,0.7550061,0.26171094,0.78535557,0.59548235,0.783153,0.3799544,Stable
0.37554836,0.5290296,0.49669975,0.6424696,0.49321908,0.36161178,0.7027134,0.7288746,0.69944966,0.26630104,0.7504415,0.73281825,0.7558255,0.28494132,0.78732014,0.60131425,0.7863622,0.3925408,Stable
0.37483054,0.5177198,0.49733615,0.6424665,0.49258363,0.36232984,0.70238036,0.72845435,0.69619143,0.27169436,0.75163215,0.73165584,0.759478,0.28708526,0.78521204,0.60350955,0.7861628,0.3943561,Stable
0.37675434,0.5219968,0.4979254,0.6429529,0.49355993,0.36459935,0.70992684,0.7350831,0.6949379,0.27145064,0.7514369,0.7174715,0.7625269,0.28953734,0.7888298,0.6055528,0.78863,0.39460033,Stable
0.37679815,0.52548033,0.49649152,0.64539826,0.494151,0.36387795,0.7074308,0.7345323,0.6943073,0.27679557,0.7522968,0.71939963,0.76373374,0.2888169,0.78717965,0.60579866,0.7872608,0.39514026,Stable
0.3767632,0.5256338,0.4964939,0.6453594,0.49424207,0.363814,0.7073981,0.73445785,0.69451183,0.2767117,0.7523477,0.7191452,0.7635481,0.2888543,0.7872392,0.6057376,0.7873157,0.39508325,Stable
0.3757169,0.52447987,0.4953419,0.6484123,0.49077472,0.36800843,0.70579046,0.73353714,0.6944257,0.2756859,0.7516514,0.72623634,0.76065993,0.28480428,0.7894792,0.60782874,0.7882025,0.3964318,Stable
0.37351,0.5204193,0.49871716,0.6469498,0.4930482,0.36831972,0.70602524,0.7380886,0.69069594,0.2756676,0.75572586,0.71775174,0.7545488,0.28695083,0.7888483,0.6086142,0.78681064,0.4005633,Stable
0.3751182,0.522236,0.5011941,0.64932895,0.49269778,0.3688242,0.70486325,0.73968697,0.69019055,0.2781614,0.75395,0.7271535,0.7575483,0.28671357,0.7885109,0.60937685,0.78788793,0.40601707,Stable
0.3732998,0.5197712,0.49745533,0.6485842,0.4924184,0.36882818,0.7003381,0.7401413,0.69473165,0.27741838,0.7525275,0.7331569,0.75726986,0.28727922,0.7864899,0.61690736,0.7876212,0.40577906,Stable
0.3732673,0.5197801,0.49731714,0.6485481,0.4924279,0.3686341,0.70034784,0.74012387,0.6944477,0.27757534,0.75244725,0.7331221,0.75734824,0.28701764,0.7864825,0.6168662,0.7875873,0.40564966,Stable
0.3746171,0.51845,0.49719375,0.6525926,0.49390242,0.36902985,0.6986238,0.7357702,0.695585,0.27932185,0.74828357,0.733041,0.7573422,0.28600973,0.7865249,0.6154785,0.7876801,0.405643,Stable
0.37366256,0.5182265,0.49555582,0.6484297,0.49413627,0.37061855,0.7004458,0.7381403,0.69389987,0.28091538,0.751124,0.73080015,0.75802535,0.28659043,0.7870718,0.6091486,0.7874107,0.40552077,Stable
0.37482953,0.51578975,0.49227938,0.6459918,0.49140555,0.37099493,0.7003214,0.7355127,0.69011664,0.28411213,0.75356406,0.73217475,0.7547395,0.2803527,0.7857282,0.6063343,0.78566754,0.40505692,Stable
0.37618774,0.516077,0.49138677,0.6444076,0.49514255,0.37606844,0.69913995,0.734903,0.68757606,0.2830545,0.7546672,0.72947156,0.75932014,0.27941242,0.78269076,0.6073555,0.78304857,0.3991333,Stable
0.37615988,0.5156726,0.49139,0.6443743,0.49511707,0.3761285,0.6990704,0.73491776,0.68761814,0.28302485,0.75466895,0.729201,0.7591529,0.27979904,0.7825648,0.6075455,0.78298944,0.3992393,Stable
0.37644696,0.5187829,0.48875904,0.6413171,0.49175704,0.37102026,0.6980621,0.73247564,0.6918935,0.28284228,0.7588122,0.7411045,0.75944257,0.2866643,0.78127134,0.60347503,0.7829218,0.40056667,Stable
0.37680373,0.51342887,0.48837098,0.6419784,0.49271446,0.36911303,0.6963841,0.7286526,0.69256175,0.28448397,0.7643415,0.7370643,0.7624602,0.2880723,0.78373384,0.60348666,0.7848493,0.40348405,Stable
0.3769725,0.5160259,0.48844135,0.6405771,0.49342787,0.3689165,0.6975198,0.73164934,0.6953776,0.28076863,0.7542527,0.7231812,0.7613007,0.2935238,0.7851891,0.6014545,0.7849945,0.399835,Stable
0.37640008,0.507766,0.48909295,0.64191353,0.4928487,0.36788368,0.70042086,0.7339181,0.69430965,0.2836026,0.74987555,0.7210705,0.7608746,0.28739998,0.78557396,0.60242164,0.78501225,0.3991549,Stable
0.3764268,0.5078435,0.48912773,0.6419163,0.49271366,0.36789382,0.70035887,0.733731,0.69417757,0.2837147,0.74979395,0.72114944,0.76084566,0.28736144,0.7855272,0.60235953,0.7849506,0.39921018,Stable
0.37638324,0.5087649,0.4880799,0.6403802,0.49616808,0.37079856,0.6982602,0.73747957,0.69978803,0.279329,0.75332797,0.7382468,0.7554182,0.28562972,0.78426045,0.60447544,0.7841008,0.4058023,Stable
0.37433577,0.5049255,0.48828757,0.63877237,0.49668598,0.3724236,0.69097006,0.73307776,0.69364214,0.28342634,0.7616045,0.75541365,0.7514512,0.28298923,0.7829938,0.605446,0.7816798,0.40622634,Stable
0.3755265,0.50612545,0.48633283,0.6393144,0.49775666,0.37339664,0.69239473,0.73672366,0.6898858,0.28783113,0.75581086,0.7425208,0.75433826,0.28273517,0.78187937,0.61701834,0.7829367,0.40989825,Stable
0.37616453,0.5063902,0.48647982,0.63838273,0.49863908,0.3733773,0.69094485,0.73672104,0.6911371,0.2885334,0.7588028,0.7349454,0.7640769,0.27992463,0.7844156,0.60838497,0.7829887,0.40589795,Stable
0.37601942,0.5061454,0.48637816,0.63828236,0.498656,0.3733463,0.6908692,0.7366922,0.6910832,0.28848484,0.7581436,0.7349507,0.76475036,0.27998525,0.7844913,0.60842526,0.7831199,0.40585548,Stable
0.37600356,0.5052489,0.48040873,0.6368151,0.49885246,0.37006888,0.68186045,0.73597205,0.699089,0.2876106,0.7553231,0.75395155,0.76222813,0.2807288,0.7815405,0.60524386,0.78258073,0.4040235,Stable
0.37652713,0.50533855,0.48190865,0.63817537,0.49843773,0.3727036,0.68385684,0.73603725,0.6976932,0.28736007,0.76363206,0.761984,0.7679934,0.28893346,0.7829666,0.60906756,0.7847575,0.4072035,Stable
0.37516686,0.5035133,0.48053265,0.64079964,0.4969022,0.3751611,0.68402356,0.73390245,0.69832677,0.29240644,0.76560354,0.76142323,0.7704202,0.291916,0.78235453,0.6202047,0.78611934,0.4096062,Stable
0.37485558,0.5064118,0.48328516,0.6418964,0.49604648,0.37594944,0.6864059,0.73503363,0.69425356,0.29441175,0.7653842,0.75919235,0.76920104,0.28782386,0.78028905,0.6189214,0.78515744,0.40874898,Stable
0.37504658,0.50660706,0.48318237,0.6418863,0.4960786,0.3759483,0.6863575,0.7350835,0.69437766,0.29438332,0.76554006,0.7586922,0.76969266,0.2877574,0.78030676,0.6188904,0.78517485,0.40887448,Stable
0.37299967,0.5045184,0.48058236,0.6443213,0.49803722,0.37739986,0.6899583,0.7343304,0.69032574,0.29480428,0.76470983,0.75505966,0.76261777,0.2842061,0.7806183,0.6182934,0.78494155,0.40971518,Stable
0.37732255,0.50331116,0.4794963,0.6444558,0.49650884,0.37706476,0.68800485,0.734698,0.69273204,0.29595894,0.7663088,0.75294936,0.7671973,0.2887891,0.7813537,0.6185285,0.7830945,0.40969977,Stable
0.37340087,0.5032383,0.4794849,0.6439895,0.49580556,0.37637168,0.6866278,0.7346563,0.68985784,0.2965939,0.7647301,0.75131434,0.76646584,0.29016018,0.78148746,0.6177617,0.7835114,0.4096228,Stable
0.37990725,0.50255966,0.47913265,0.6440873,0.49584228,0.3784905,0.6879338,0.7347499,0.6876568,0.2979749,0.7629592,0.74876565,0.7687249,0.2877052,0.78226423,0.6099861,0.7825916,0.40900952,Stable
0.38009,0.5025272,0.47907907,0.64410216,0.49585593,0.3784698,0.687885,0.7346789,0.6878202,0.2979417,0.7627803,0.7489287,0.76895046,0.28764126,0.7823672,0.61002624,0.7826965,0.40898657,Stable
0.37834844,0.5048326,0.47844046,0.6456446,0.49559745,0.37794167,0.6889188,0.734759,0.6883583,0.29782125,0.7658097,0.74936384,0.76951885,0.29265147,0.7833706,0.6178105,0.78364944,0.4085303,Stable
0.3769499,0.5024835,0.47996816,0.6463316,0.49464816,0.37794766,0.6915738,0.73445314,0.68969816,0.29793283,0.7621924,0.7486857,0.77350557,0.29248595,0.7838836,0.61961,0.7854897,0.40910858,Stable
0.37814242,0.5049456,0.48156345,0.6472945,0.49636555,0.37744826,0.6911329,0.73491716,0.69416296,0.29567632,0.7581591,0.7430336,0.77286565,0.29201427,0.78391564,0.61800903,0.78590775,0.4079101,Stable
0.37638563,0.5007653,0.4789012,0.6476449,0.49526417,0.37704515,0.6907951,0.73604774,0.69273514,0.29639873,0.75527084,0.74195814,0.7706995,0.2894805,0.78417206,0.6194723,0.7855756,0.40733075,Stable
0.37630448,0.50088227,0.4789303,0.6475475,0.49521667,0.3771568,0.69086444,0.7360418,0.69283986,0.29636797,0.75525427,0.7416014,0.77067155,0.2897184,0.7842034,0.61944103,0.7855859,0.40733775,Stable
0.3763598,0.50349945,0.48036215,0.6458703,0.49656075,0.3792678,0.69265366,0.73822683,0.6895902,0.29787862,0.7555342,0.74099827,0.7728305,0.28830108,0.78385055,0.6195824,0.78626263,0.40765136,Stable
0.37454864,0.5034051,0.48047158,0.64699936,0.4970809,0.37900954,0.6930212,0.7371029,0.688818,0.2986845,0.75655603,0.74461913,0.77237004,0.2887844,0.78411555,0.6190705,0.78787005,0.40815052,Stable
0.3775954,0.50944126,0.482874,0.646147,0.49670035,0.37988895,0.697067,0.7419075,0.6909555,0.29889292,0.76518774,0.74459004,0.7758806,0.28842035,0.7829127,0.619879,0.7877412,0.40902692,Stable
0.37658566,0.51306015,0.48020145,0.64784646,0.4959373,0.38020098,0.69604015,0.74212164,0.68976706,0.3011988,0.77086115,0.74691266,0.77449745,0.29014838,0.78461075,0.6203114,0.78985786,0.40999252,Stable
0.37663588,0.5129656,0.48029643,0.6478863,0.49592376,0.38021076,0.69623893,0.7421497,0.6896887,0.30125952,0.7708251,0.74654686,0.77428305,0.29041058,0.7847254,0.6202708,0.7899263,0.40992093,Stable
0.38007888,0.5160459,0.48126602,0.6457565,0.494749,0.38320917,0.69438815,0.7409841,0.68565917,0.30304092,0.76779145,0.7409048,0.76285714,0.2802962,0.7847973,0.6186274,0.7862904,0.40959382,Stable
0.37916833,0.51526487,0.48041567,0.648406,0.4955392,0.38300574,0.6950506,0.7408559,0.6868896,0.30216295,0.76172864,0.7392626,0.76333994,0.2831843,0.7857729,0.6217294,0.7870872,0.41122365,Stable
0.3766734,0.51670563,0.48226184,0.6496544,0.49903947,0.38245356,0.69492686,0.7427052,0.6919681,0.29923043,0.7589254,0.74050945,0.76893306,0.28533745,0.78354234,0.6210697,0.786313,0.40980455,Stable
0.37389946,0.5143065,0.47987425,0.6523115,0.494902,0.38208562,0.6953427,0.7434944,0.69279045,0.29947704,0.7605938,0.73840016,0.7686031,0.29161066,0.7819275,0.6204223,0.78498715,0.4098277,Stable
0.37397826,0.5143691,0.47987688,0.6522671,0.49491724,0.38206512,0.695328,0.74348843,0.6927399,0.2995482,0.7605165,0.73837274,0.7689256,0.29163158,0.78183806,0.6203977,0.7849444,0.40980324,Stable
0.37435982,0.5153638,0.48103803,0.65445805,0.49400395,0.38424766,0.69717854,0.743168,0.69473064,0.30045155,0.7519712,0.73673844,0.7728474,0.29268008,0.78553647,0.62080306,0.7875551,0.40890408,Stable
0.37465858,0.51562005,0.48279387,0.65183425,0.49306726,0.38409603,0.69464767,0.7430207,0.6939342,0.30036053,0.76034,0.7488986,0.767656,0.2879032,0.7851155,0.6203948,0.7888874,0.4090501,Stable
0.37619168,0.5174763,0.48003086,0.65423596,0.4933761,0.38504267,0.69584626,0.7428996,0.69311893,0.30119693,0.76446235,0.75089025,0.7628495,0.283116,0.7832669,0.61971104,0.7877115,0.4099279,Stable
0.37973428,0.516327,0.4819566,0.65467966,0.494096,0.38299426,0.69789135,0.74221224,0.6938528,0.2981261,0.7718638,0.7585144,0.7631554,0.28404838,0.7843574,0.62085366,0.7877232,0.40997416,Stable
0.37985957,0.5158347,0.4822695,0.6548208,0.4941644,0.38291788,0.6979338,0.74215925,0.69383955,0.29807025,0.7718934,0.7584695,0.7630388,0.28389132,0.7844846,0.6208606,0.78783786,0.40997827,Stable
0.37886822,0.51469266,0.48306847,0.6541227,0.49492046,0.38528985,0.69969225,0.7434033,0.68965495,0.3013662,0.7635271,0.74320257,0.7555661,0.28216848,0.7845874,0.6197529,0.786564,0.40932545,Stable
0.37968692,0.51331985,0.48376483,0.65545726,0.49381882,0.38615912,0.6982509,0.73901194,0.6863735,0.30021182,0.759354,0.7498719,0.7503991,0.2802702,0.7813251,0.61765426,0.78543824,0.4079767,Stable
0.37986252,0.5121362,0.48539346,0.6581672,0.49347004,0.3868816,0.7022134,0.74233735,0.68402165,0.302014,0.7590182,0.7473335,0.75538605,0.2743859,0.7856475,0.62217987,0.7882894,0.4081539,Stable
0.37932283,0.5100494,0.48652098,0.65690875,0.49529898,0.3862203,0.7138896,0.75034016,0.6788506,0.30052006,0.7653301,0.714292,0.7610347,0.27666447,0.79228085,0.61819077,0.79202414,0.40756735,Stable
0.3793392,0.5101087,0.48658273,0.6570162,0.49548846,0.3861171,0.7140607,0.75060076,0.6791965,0.3004956,0.7654705,0.71391696,0.757323,0.28364953,0.7925343,0.6186214,0.7922387,0.40762705,Stable
0.3781851,0.5103986,0.4844597,0.6571335,0.49585533,0.38684475,0.7051543,0.7433307,0.67695296,0.3004846,0.75864166,0.72122276,0.755995,0.26895875,0.7879969,0.61437845,0.7890482,0.40414983,Stable
0.37769875,0.5114672,0.4832017,0.658916,0.49752173,0.38753304,0.7047428,0.7427618,0.6793914,0.300382,0.7623404,0.713547,0.7598461,0.2677401,0.7873148,0.61354953,0.7875221,0.4024492,Stable
0.38071617,0.5092352,0.48110062,0.6602529,0.4973454,0.38968834,0.70541656,0.7472099,0.6749697,0.29956484,0.7671497,0.7088954,0.7641424,0.22776978,0.78920245,0.61660284,0.78796786,0.40651864,Stable
0.3801074,0.506827,0.4773465,0.6608248,0.49389464,0.38885617,0.7160959,0.7471287,0.6724458,0.29902375,0.76117826,0.7016446,0.7606664,0.23770241,0.78861094,0.61261564,0.788075,0.4047444,Stable
0.38001555,0.50665885,0.47732085,0.6609249,0.4937957,0.38894245,0.7161906,0.74712867,0.6725546,0.29900676,0.7613672,0.7016388,0.7609014,0.23776178,0.78867555,0.6125473,0.7881562,0.4048992,Stable
0.3807984,0.50890994,0.47576082,0.66253,0.49221218,0.38958165,0.7037348,0.745504,0.67016006,0.30061603,0.7543794,0.7210716,0.7675206,0.19064347,0.7850179,0.6181377,0.7856451,0.4073691,Stable
0.37995788,0.50863993,0.4764112,0.66184795,0.49233627,0.38779363,0.7029721,0.7462183,0.67287916,0.2987022,0.7540486,0.7187544,0.7684838,0.19255638,0.78495085,0.6188985,0.7851099,0.405931,Stable
0.37649167,0.50289416,0.4791188,0.6614619,0.4912387,0.38636434,0.7029058,0.7480464,0.6656556,0.30092132,0.7547083,0.71540946,0.76784915,0.19071971,0.782056,0.6135144,0.78280795,0.4048609,Stable
0.3740903,0.49769455,0.48156938,0.66109526,0.49029666,0.38595554,0.7164304,0.7561207,0.66860604,0.30001634,0.75754035,0.71761537,0.7700743,0.18670636,0.78498906,0.6142181,0.7852458,0.4029269,Stable
0.37406284,0.49762845,0.4815081,0.6610155,0.4902839,0.38600755,0.71628165,0.7560589,0.6685678,0.29999995,0.7575908,0.7175071,0.7701757,0.18689343,0.7849967,0.61418724,0.785243,0.4029355,Stable
0.3752143,0.49895895,0.4815279,0.6609909,0.4940908,0.38827306,0.71281576,0.7539069,0.66531456,0.2922881,0.75682306,0.7096183,0.770597,0.17610729,0.78533596,0.61290765,0.7852347,0.4031055,Stable
0.37578893,0.49872375,0.48118448,0.66243756,0.49492106,0.38893232,0.7056103,0.7458643,0.6635298,0.29110086,0.76046884,0.7089391,0.76701844,0.17174917,0.78299296,0.6172199,0.78529423,0.40309137,Stable
0.37446833,0.49994558,0.48149475,0.66652095,0.49510726,0.38367045,0.71849346,0.75936216,0.6671525,0.29136914,0.75747585,0.70487565,0.7649301,0.21077049,0.78914565,0.61885583,0.7869696,0.4038455,Stable
0.37360442,0.49601954,0.47721982,0.6669776,0.49665865,0.38969195,0.7185726,0.7630006,0.6645682,0.29168755,0.7606809,0.6909594,0.76682353,0.18645643,0.7819352,0.6156018,0.7854668,0.40583515,Stable
0.37366992,0.4959979,0.47729886,0.6670302,0.49666685,0.38966852,0.71848506,0.763071,0.6647203,0.29164422,0.7607047,0.69161093,0.7667679,0.18631813,0.78199995,0.6155715,0.7854531,0.40576226,Stable
0.37460566,0.49886686,0.4799864,0.668262,0.49745473,0.38899824,0.7189595,0.76469725,0.66509455,0.286375,0.7619586,0.6904887,0.7629131,0.18590328,0.7859483,0.6153188,0.782568,0.40637586,Stable
0.37352046,0.499773,0.47082716,0.67090285,0.49729714,0.3868348,0.70668286,0.76178074,0.66703653,0.27672255,0.7607044,0.6951169,0.7609298,0.1547632,0.77662635,0.61530054,0.7738449,0.4065467,Stable
0.37487897,0.49582464,0.47738826,0.67384833,0.49678978,0.38428408,0.7197334,0.76807994,0.66078424,0.26021343,0.7687594,0.68887746,0.7261712,0.10093309,0.77684665,0.61683744,0.7717891,0.40579578,Stable
0.37226543,0.49833915,0.4728369,0.67882365,0.4962077,0.38010246,0.72225976,0.7812738,0.6565214,0.25055718,0.7596397,0.6858015,0.74060273,0.10049814,0.7765869,0.6123246,0.7730396,0.3973332,Stable
0.372153,0.49836087,0.47287703,0.6788331,0.4963143,0.38014686,0.72246903,0.7813734,0.6565447,0.25046137,0.7597604,0.6856469,0.74064034,0.100551054,0.7767906,0.6123493,0.77310896,0.39744192,Stable
0.3749513,0.49359056,0.47902602,0.6808733,0.49679792,0.3806076,0.73061866,0.78556216,0.6573184,0.24231611,0.76438546,0.6818528,0.7494757,0.09872359,0.7795944,0.60933125,0.7767123,0.3973292,Stable
0.37057757,0.4950777,0.47478542,0.68237513,0.49653575,0.38093576,0.72992605,0.77898943,0.64836097,0.23955089,0.7611999,0.6759464,0.75315857,0.09958345,0.7783568,0.61117494,0.77424896,0.38919437,Stable
0.37192923,0.4960094,0.4772998,0.68596387,0.49763107,0.3788815,0.7263228,0.7790538,0.6552557,0.234798,0.75567615,0.6928553,0.7583823,0.09719043,0.77946556,0.61814517,0.77652425,0.38972852,Stable
0.37045294,0.494264,0.47812146,0.68647075,0.49627075,0.38087648,0.73211235,0.77847743,0.65394604,0.2363784,0.7566323,0.68613327,0.7554652,0.11039486,0.7791438,0.61707246,0.7744801,0.39012262,Stable
0.37075934,0.49426544,0.4780357,0.6864754,0.4963042,0.38085246,0.7319187,0.7782868,0.65375745,0.23667887,0.7563619,0.6866936,0.7558722,0.110608324,0.7790233,0.6171471,0.7742897,0.3902242,Stable
0.37014836,0.4960891,0.47274897,0.68465817,0.49784824,0.3826452,0.7377064,0.7842262,0.65393645,0.23650286,0.75429606,0.69737214,0.76046485,0.11050929,0.780688,0.6157653,0.7770662,0.39199078,Stable
0.37381154,0.5008296,0.4742007,0.685779,0.4980645,0.38164788,0.7318101,0.78677154,0.65241754,0.23804764,0.7552632,0.6974466,0.75966656,0.11123075,0.7816994,0.6190975,0.7782532,0.39847526,Stable
0.3738057,0.5041586,0.47677624,0.68839693,0.4987569,0.38001353,0.7291307,0.78892255,0.64848495,0.2354711,0.7543262,0.7128116,0.75495267,0.09657328,0.78241146,0.6184659,0.778464,0.3882012,Stable
0.3715251,0.50686264,0.47571295,0.6887788,0.4962499,0.3821536,0.7190188,0.79538745,0.647892,0.23659497,0.7589048,0.7157613,0.7541199,0.096967064,0.778003,0.62184197,0.77491516,0.3863479,Stable
0.37154716,0.5070254,0.47584772,0.6887402,0.49631947,0.38207564,0.71904814,0.7953171,0.6480053,0.2365017,0.75891185,0.7157208,0.7543088,0.096943066,0.77832425,0.62174296,0.7752589,0.3862606,Stable
0.37137794,0.5148805,0.47229847,0.6910628,0.49693733,0.38208532,0.7203665,0.7972262,0.65425086,0.2367509,0.7583872,0.71465254,0.7601093,0.111408725,0.77871317,0.62351453,0.7752156,0.39027685,Stable
0.37126064,0.5158087,0.4732667,0.69456685,0.49793148,0.38276088,0.72773,0.80068153,0.65471613,0.24047205,0.7558658,0.7029638,0.756104,0.16524717,0.7787807,0.626352,0.7776939,0.3933193,Stable
0.37359306,0.5174531,0.47352797,0.6908235,0.49569115,0.38460332,0.72752523,0.793667,0.65973735,0.25540996,0.7614869,0.6995591,0.7538276,0.16096026,0.7835671,0.6237011,0.7805176,0.39896673,Stable
0.37387404,0.51985586,0.47408995,0.6928848,0.4956134,0.3869093,0.7233348,0.7906934,0.6666771,0.25921738,0.7610626,0.7078047,0.75054115,0.16508326,0.77673095,0.63676965,0.7729659,0.40980372,Stable
0.37363607,0.5199088,0.4739974,0.6928839,0.49547905,0.38682315,0.72327536,0.7904122,0.6666094,0.25931236,0.7608901,0.7085392,0.7505107,0.16507713,0.77661264,0.63688517,0.7729399,0.40980792,Stable
0.3747821,0.5186697,0.47108504,0.6940757,0.49763775,0.389149,0.7280413,0.80180573,0.66677535,0.25954926,0.7571885,0.72355723,0.75335234,0.16125023,0.77385867,0.6382363,0.7738976,0.41369373,Stable
0.37289357,0.51842284,0.47695184,0.7004012,0.49847668,0.39210933,0.72255945,0.804842,0.664273,0.26065296,0.75471586,0.7570461,0.7550123,0.14568275,0.7746839,0.6403962,0.7724125,0.41338104,Stable
0.37129915,0.5188536,0.47596586,0.69979906,0.49863923,0.39018732,0.71968055,0.8080666,0.66571665,0.2494083,0.7538225,0.7645812,0.75346464,0.14569175,0.77910376,0.64078915,0.77753615,0.41153142,Stable
0.36895403,0.51965827,0.4795644,0.7038791,0.49923095,0.39592636,0.7171261,0.8067666,0.6571308,0.25234002,0.75708866,0.7962402,0.7629232,0.1288772,0.7825963,0.64772326,0.7819454,0.42136845,Stable
0.36902356,0.5196662,0.47952637,0.70395327,0.4992212,0.39580578,0.7170064,0.806648,0.65724564,0.25225872,0.7571404,0.79653275,0.76283014,0.12885053,0.7823576,0.64797914,0.78174293,0.4215915,Stable
0.37294167,0.52572167,0.48087677,0.707217,0.50204265,0.40068263,0.7090806,0.80281115,0.65418,0.25099334,0.7591857,0.7944769,0.76648843,0.11972567,0.7795986,0.6544109,0.77966166,0.42387336,Stable
0.37006396,0.5220903,0.48243403,0.7008436,0.4960891,0.3910421,0.7124168,0.8010149,0.6550976,0.23867327,0.75906914,0.7991888,0.74960387,0.12775685,0.7806045,0.6428195,0.7794292,0.4170929,Stable
0.359431,0.5219922,0.47766456,0.6982435,0.48697758,0.3807708,0.7146568,0.79936457,0.64630985,0.2160187,0.7538299,0.7875402,0.7381474,0.09912577,0.77465457,0.6349073,0.77197784,0.4033175,Stable
0.35179597,0.516096,0.4767003,0.69442546,0.4869431,0.3773273,0.72666496,0.8050603,0.64087635,0.21841995,0.75000393,0.74077237,0.74403614,0.076501936,0.77577364,0.6338996,0.7735717,0.4006673,Stable
0.35170233,0.5160754,0.4767328,0.6942657,0.4869653,0.3773287,0.72636795,0.80529416,0.6408884,0.21831033,0.7499404,0.7407191,0.74430716,0.07707359,0.7757492,0.6338505,0.7736362,0.4007094,Stable
0.3447888,0.51512074,0.47233677,0.70183754,0.48554346,0.36974022,0.7397405,0.82152367,0.6436879,0.20127818,0.749165,0.7166368,0.74023366,0.06236107,0.7869184,0.63909835,0.78103864,0.3885525,Stable
0.33897948,0.5184716,0.46918505,0.71209234,0.483217,0.3623738,0.74021596,0.82617235,0.63804406,0.18482065,0.7487833,0.69213575,0.7299588,0.05628386,0.78096306,0.6424622,0.7747433,0.38209665,Stable
0.33766872,0.5205076,0.47327238,0.7186909,0.48550504,0.35444587,0.7394527,0.82825416,0.64327675,0.17192535,0.7511379,0.6982002,0.74486655,0.048359662,0.78376186,0.6408092,0.77531356,0.37755033,Stable
0.34292173,0.51953214,0.46933386,0.7223314,0.4842577,0.361781,0.73826236,0.8279599,0.64067996,0.18156181,0.74628633,0.70286435,0.7388303,0.044344567,0.7807318,0.64374155,0.77259696,0.38184628,Stable
0.34300667,0.51954406,0.46927926,0.722327,0.48426196,0.36173528,0.73828715,0.827959,0.6406348,0.18158637,0.74630654,0.7024927,0.73895353,0.044278905,0.78069663,0.64372253,0.7725817,0.38183627,Stable
0.34121186,0.5178671,0.46816215,0.70883936,0.48338327,0.3598175,0.7381129,0.8273713,0.64281946,0.17755048,0.74281955,0.70141697,0.73286223,0.058261156,0.77990925,0.63725936,0.77237743,0.37726718,Stable
0.34372085,0.5105113,0.47523695,0.70271957,0.4826308,0.35722083,0.7419611,0.8281239,0.6371677,0.18068305,0.74965423,0.7069942,0.7233627,0.12759702,0.7769172,0.630648,0.76791966,0.36567426,Stable
0.34286866,0.499313,0.475805,0.6996939,0.48652038,0.35131288,0.7430812,0.82313746,0.6435922,0.1689561,0.74618125,0.69696116,0.73758507,0.047165178,0.7765355,0.62999755,0.7732686,0.3618817,Stable
0.34131867,0.48741502,0.47179994,0.6878044,0.4882043,0.3375175,0.73895967,0.8063454,0.6429774,0.16268125,0.74903023,0.69366443,0.7248349,0.041930996,0.7781409,0.61530054,0.7743444,0.35387057,Stable
0.34121975,0.487339,0.4717784,0.6878264,0.488214,0.3375497,0.7389014,0.8060856,0.6429244,0.16275173,0.74910396,0.6932952,0.7248045,0.041999366,0.77809155,0.61529344,0.77437174,0.35385764,Stable
0.341714,0.4818775,0.47428566,0.6827408,0.48594117,0.32545036,0.74328727,0.7853931,0.6499012,0.13484977,0.74851346,0.68633264,0.7286927,0.049730554,0.7742077,0.6124384,0.7727864,0.35182413,Stable
0.33783072,0.47514182,0.47168016,0.67935586,0.48733813,0.3161446,0.7390549,0.7829015,0.651138,0.13373567,0.7554563,0.67668885,0.746446,0.11713566,0.7727207,0.60004115,0.7685716,0.34880266,Stable
0.34083688,0.47387573,0.4694693,0.66703886,0.4852534,0.31665698,0.7408165,0.77103233,0.64715433,0.13775194,0.7574197,0.6615738,0.7169673,0.03231401,0.7696047,0.59786826,0.7640562,0.3481973,Stable
0.3369039,0.46362174,0.47150633,0.66228586,0.4874611,0.30965954,0.74349225,0.76311314,0.65300524,0.13060239,0.75422376,0.6643973,0.7210274,0.02797254,0.7705984,0.59274316,0.7660839,0.3445475,Stable
0.33700603,0.4637123,0.471451,0.66226375,0.48743677,0.3095827,0.7434141,0.7631072,0.6529242,0.13075455,0.7543845,0.66414756,0.72104645,0.028008034,0.7705826,0.592592,0.76602906,0.34425813,Stable
0.33910322,0.45066088,0.47050795,0.6539995,0.4883008,0.29383612,0.74844855,0.762521,0.6590955,0.119454704,0.7574507,0.6514807,0.7220359,0.030753693,0.77550405,0.588777,0.7738348,0.33143646,Stable
0.34403378,0.44389865,0.46447238,0.64396954,0.4891582,0.28715277,0.7481179,0.75824255,0.66310424,0.11379408,0.7597592,0.644862,0.72549105,0.031135907,0.7746738,0.5766429,0.7710278,0.3252691,Stable
0.346743,0.44046697,0.4638269,0.636575,0.48840985,0.2909277,0.745254,0.74623597,0.6625246,0.11519351,0.7576396,0.6313182,0.721924,0.023222847,0.77521294,0.56983626,0.7737786,0.32353058,Stable
0.34649497,0.4369639,0.466753,0.6302396,0.48624915,0.28383464,0.7426438,0.74167407,0.66331804,0.11508572,0.76448107,0.6257212,0.7257322,0.019262059,0.7744633,0.5683767,0.7705309,0.31775647,Stable
0.3464726,0.4370218,0.46682352,0.6302655,0.48625705,0.2837783,0.74280417,0.74159515,0.6633437,0.11514005,0.7647095,0.62581635,0.7257937,0.019162163,0.77447915,0.56830215,0.7705733,0.31778204,Stable
0.34629393,0.4322971,0.46887976,0.623543,0.48501378,0.28037682,0.7410773,0.74119854,0.6657061,0.09225236,0.7554748,0.6177258,0.7226257,0.01483766,0.77674246,0.558491,0.7718133,0.30946377,Stable
0.3463635,0.42471945,0.4646406,0.62532896,0.48247802,0.27971393,0.7431163,0.7358662,0.6619694,0.10950942,0.75671124,0.61942524,0.7221849,0.014923574,0.77652514,0.5497054,0.7721309,0.30844307,Stable
0.34285986,0.41656527,0.46782514,0.6165677,0.48405537,0.2731129,0.7429955,0.73068225,0.67624354,0.10999261,0.75642526,0.6211754,0.7192805,0.0152683025,0.778602,0.5446706,0.77530634,0.30309606,Stable
0.3458799,0.40788716,0.46531117,0.6112598,0.4861688,0.26959968,0.73822254,0.72279376,0.665665,0.07570074,0.76002467,0.6196307,0.75222105,0.12485266,0.77951115,0.53689873,0.7789328,0.29270667,Stable
0.3458675,0.40783462,0.465087,0.6111194,0.48613673,0.26959038,0.73815244,0.72282076,0.6656266,0.07593432,0.7599344,0.6197623,0.7523059,0.12508915,0.7794327,0.5369011,0.77896285,0.2927618,Stable
0.3479365,0.40315098,0.46366474,0.6030136,0.48670787,0.2612786,0.74410415,0.7241745,0.6751013,0.06291334,0.76204026,0.59079415,0.75135624,0.10259235,0.7767942,0.52427375,0.7808229,0.28478065,Stable
0.34933144,0.39253664,0.4696502,0.5995423,0.4930485,0.24980114,0.7426796,0.71356523,0.67532945,0.047635958,0.75256217,0.59800625,0.7499442,0.1363813,0.7777733,0.5280403,0.78355753,0.28531894,Stable
0.34377596,0.38582742,0.469886,0.5952116,0.49182126,0.2373548,0.7401289,0.7030129,0.67629474,0.04758195,0.75798297,0.5776875,0.750673,0.15045044,0.7735436,0.52508956,0.7788571,0.27647913,Stable
0.3444166,0.3730938,0.4689948,0.58849525,0.48824415,0.23213413,0.74352235,0.7013527,0.6758027,0.048270475,0.7570224,0.57732123,0.7680675,0.14510748,0.77778554,0.5103398,0.7810596,0.26291177,Stable
0.34418732,0.3728927,0.46895468,0.58859324,0.48823243,0.2320446,0.7437879,0.7014824,0.67586505,0.04804788,0.7572569,0.5754061,0.7594709,0.14775692,0.77783763,0.51036775,0.7810067,0.26271284,Stable
0.34647352,0.36334234,0.46828982,0.58129936,0.49091357,0.22327986,0.741563,0.68208456,0.70914453,0.034986477,0.75813484,0.588393,0.76513445,0.15592337,0.77439547,0.50687826,0.7791874,0.25977588,Stable
0.34747666,0.3574049,0.47143936,0.5765325,0.4914071,0.2130851,0.7404892,0.6767745,0.69432116,0.039916217,0.75332475,0.565948,0.7439227,0.1364646,0.77656233,0.5019229,0.778842,0.25170708,Stable
0.34708214,0.34961522,0.47422266,0.562202,0.4920737,0.20068574,0.7425179,0.67432207,0.71133727,0.039089832,0.7501236,0.5544216,0.7432954,0.11621314,0.7785742,0.49918103,0.78272885,0.24896675,Stable
0.34377962,0.34250757,0.47363394,0.5565554,0.48753223,0.19782118,0.7418787,0.6599664,0.69683236,0.040080003,0.75227475,0.56812155,0.74646175,0.10284799,0.778712,0.48790547,0.7829306,0.23792127,Stable
0.34381485,0.34254727,0.47357398,0.5565759,0.48752272,0.19785365,0.7418002,0.65978605,0.6968118,0.040140223,0.7521288,0.56852525,0.74649644,0.10286033,0.7787509,0.48796767,0.782977,0.23805028,Stable
0.33770114,0.32980222,0.47772026,0.5478451,0.48829585,0.19333428,0.74236363,0.6615294,0.7126102,0.040392213,0.74542475,0.5421679,0.74616253,0.10568132,0.77796745,0.48313034,0.7832863,0.23145513,Stable
0.34196028,0.31823203,0.4802525,0.5352758,0.48806196,0.18857095,0.7376981,0.6452889,0.71438694,0.0410449,0.7513904,0.5446436,0.76026094,0.10649605,0.7786274,0.4750101,0.78139603,0.23144397,Stable
0.34453663,0.31518722,0.48035437,0.52326846,0.48637876,0.18423828,0.7338265,0.6316725,0.6980757,0.03905817,0.75607216,0.56377244,0.7525182,0.09935971,0.77743447,0.46649027,0.7800518,0.22081381,Stable
0.34874415,0.3115716,0.47925913,0.5172592,0.49161738,0.1842916,0.7220743,0.62284946,0.71361244,0.040336907,0.7567612,0.58308643,0.7554823,0.082700424,0.7781341,0.46425313,0.78516793,0.23032334,Stable
0.34931228,0.3116419,0.4793198,0.5171946,0.49159998,0.18441407,0.72199816,0.6231594,0.71365166,0.04027112,0.7568464,0.58315897,0.75609326,0.08310433,0.7782275,0.46422336,0.7851702,0.23040536,Stable
0.34832895,0.31553543,0.47845346,0.51592106,0.49153686,0.18983772,0.69920886,0.60852504,0.6963181,0.05006463,0.7584102,0.6236225,0.75686884,0.024248756,0.77649945,0.4679976,0.78116125,0.233968,Stable
0.3557484,0.3193438,0.48088476,0.5191736,0.49471766,0.19284165,0.7161472,0.62630045,0.70058095,0.049793497,0.75996184,0.61937124,0.7688803,0.032323673,0.77643394,0.47004217,0.7834511,0.234153,Stable
0.36297584,0.33177984,0.4822719,0.52268755,0.49907708,0.20256698,0.6893927,0.61380124,0.7080881,0.06757183,0.7574402,0.62621784,0.76310134,0.04626549,0.77606523,0.47999913,0.7800878,0.24298295,Stable
0.3660717,0.34392437,0.48397738,0.52797043,0.4972833,0.2091981,0.6960091,0.6173533,0.7035946,0.0784922,0.76121855,0.62794685,0.76608527,0.035514545,0.78051436,0.4895496,0.7849747,0.2549131,Stable
0.36631903,0.34389958,0.48409617,0.5282179,0.4974265,0.20900041,0.6961924,0.61725533,0.70380753,0.078318365,0.76085114,0.62743926,0.76597303,0.03542329,0.7806873,0.48963818,0.7850959,0.25459045,Stable
0.37467277,0.3474228,0.48717362,0.53524303,0.49536985,0.2148897,0.70838356,0.63501537,0.7028389,0.094263956,0.76736236,0.6346705,0.7680799,0.028175637,0.78185505,0.49485552,0.78962016,0.25677615,Stable
0.36722153,0.3463981,0.48697734,0.5400843,0.49820256,0.22598824,0.7191274,0.6443037,0.6798487,0.11441198,0.76443714,0.6237705,0.76771784,0.027470302,0.7850551,0.49158257,0.7910437,0.25781658,Stable
0.36699545,0.3492058,0.48735666,0.5437846,0.4976771,0.2270159,0.73567057,0.6642897,0.690205,0.11259758,0.7604334,0.61716986,0.7659178,0.029116295,0.78554,0.49371064,0.78996193,0.25780874,Stable
0.3663798,0.3499615,0.49032855,0.5489286,0.4982793,0.22699158,0.7328066,0.66143864,0.68530965,0.11522367,0.7575404,0.62754625,0.7638664,0.031880494,0.78251946,0.49392578,0.7875813,0.2601663,Stable
0.3666463,0.3496474,0.49045843,0.5490649,0.49824852,0.22714232,0.73287106,0.66167367,0.685382,0.115160406,0.75738424,0.6273489,0.7637038,0.031870596,0.7825676,0.49395022,0.78757083,0.26038992,Stable
0.36992037,0.35351127,0.48988056,0.55003947,0.4951545,0.23184907,0.7228582,0.65273666,0.6876713,0.115705095,0.75314224,0.63473845,0.764662,0.027893176,0.7772378,0.4939329,0.7819235,0.26201275,Stable
0.37158996,0.35820517,0.4912754,0.55232775,0.49556994,0.23290567,0.719591,0.6426523,0.6842642,0.11804625,0.7552755,0.6298597,0.76620454,0.030828256,0.77849734,0.49391565,0.7842659,0.26143208,Stable
0.37445587,0.3569721,0.49062166,0.55292046,0.49831018,0.23506957,0.71927965,0.6435319,0.68100184,0.12348978,0.75461334,0.63098407,0.7667622,0.038326826,0.77790725,0.49629503,0.78258944,0.26102084,Stable
0.3729539,0.3578571,0.4895963,0.55375475,0.49721083,0.23623648,0.7192668,0.6463571,0.6795021,0.12667775,0.7546673,0.6263218,0.76962155,0.039687917,0.7774329,0.4963035,0.7808699,0.26081988,Stable
0.37455755,0.35993084,0.48948154,0.55376714,0.49716255,0.23619184,0.71920675,0.6462774,0.6793554,0.12660073,0.7545227,0.6267316,0.7695596,0.03965464,0.7773451,0.49622247,0.78076005,0.26083267,Stable
0.37560174,0.35875112,0.48857945,0.55329275,0.49561065,0.24135886,0.7182561,0.6435898,0.6722469,0.13114464,0.7519569,0.63066286,0.76727116,0.040094566,0.7770822,0.49534076,0.779948,0.26305968,Stable
0.3746283,0.3568246,0.48979363,0.55231595,0.4957617,0.24077392,0.7189164,0.6423924,0.6815531,0.13089159,0.75126076,0.6347989,0.77009845,0.028992098,0.7801601,0.4927076,0.7842518,0.26222992,Stable
0.37995017,0.35948008,0.4891288,0.5534951,0.49866045,0.24101588,0.7158611,0.6414568,0.6808047,0.13481212,0.75546503,0.6356463,0.76960415,0.038183518,0.78198135,0.49517715,0.7863428,0.26398006,Stable
0.37928522,0.36188325,0.49027333,0.5515641,0.4952335,0.23875824,0.7164484,0.6544454,0.68123025,0.13459545,0.7511978,0.6378945,0.77285707,0.0394396,0.7792672,0.4944443,0.7841928,0.26537168,Stable
0.37950104,0.36203206,0.49029183,0.5516105,0.49528906,0.2387262,0.71646893,0.65447307,0.6814527,0.13458127,0.75117534,0.637796,0.7730767,0.039469756,0.7793262,0.49447605,0.78427684,0.26534474,Stable
0.38054925,0.3612758,0.48995233,0.55159366,0.4967974,0.24130785,0.712132,0.6518383,0.69158524,0.13368759,0.75372595,0.64647853,0.77554226,0.03227418,0.7793321,0.4961283,0.7850296,0.26671904,Stable
0.38253683,0.36329794,0.48880395,0.5522492,0.502128,0.24374168,0.70928574,0.65093124,0.6933942,0.134023,0.7598974,0.6601017,0.78054637,0.04581077,0.7776946,0.49643797,0.78182214,0.26717982,Stable
0.38294265,0.366034,0.48851758,0.55453837,0.50182474,0.24447533,0.7044592,0.65166247,0.70743006,0.13358709,0.7563707,0.6629412,0.7759292,0.050691128,0.779515,0.49953887,0.7825718,0.26895875,Stable
0.38353944,0.36709183,0.4905201,0.55715686,0.50186175,0.2508477,0.71088904,0.65473086,0.68813026,0.1457563,0.75979537,0.657239,0.775659,0.061826706,0.7802826,0.5051323,0.7831944,0.27856576,Stable
0.3835902,0.3670718,0.4904347,0.55719817,0.5018646,0.25073138,0.7111415,0.6549062,0.68808544,0.14572325,0.75987476,0.6570106,0.775753,0.06207363,0.7803159,0.50510013,0.783169,0.2784732,Stable
0.38127074,0.3765385,0.49327463,0.5593681,0.49663123,0.25060314,0.7102802,0.65754145,0.69173527,0.1474098,0.75964046,0.6543436,0.7734174,0.0769857,0.77521557,0.5114844,0.77959746,0.2817275,Stable
0.3835565,0.3809701,0.48928282,0.56183726,0.49685276,0.25076663,0.70911217,0.654812,0.6957412,0.14178556,0.7581214,0.6598729,0.76972294,0.08214019,0.77535623,0.51112515,0.7794304,0.2810647,Stable
0.38153762,0.38587242,0.4901651,0.5618615,0.49265337,0.25625968,0.71233535,0.658779,0.6894459,0.14888123,0.7588607,0.65931416,0.7621097,0.10112696,0.7726642,0.51177174,0.7752129,0.28839844,Stable
0.3830838,0.3915453,0.49211305,0.56662875,0.495808,0.26211584,0.71153635,0.6572082,0.6844768,0.15298995,0.75713754,0.66183275,0.7626358,0.10747658,0.7726597,0.51580465,0.7755562,0.2910917,Stable
0.38287216,0.39168215,0.49204016,0.56654054,0.49570143,0.26223564,0.7115004,0.6571286,0.6843716,0.15298253,0.75741124,0.661747,0.7626557,0.10743918,0.77283776,0.51576996,0.7757361,0.29115528,Stable
0.38334593,0.39351007,0.48895463,0.5715083,0.49443516,0.26152176,0.7135431,0.6611432,0.6870285,0.15277146,0.757419,0.66192424,0.7636695,0.109533325,0.77659744,0.51583207,0.77913845,0.29240245,Stable
0.38088235,0.39341313,0.4906587,0.5708661,0.49674067,0.26722896,0.7066188,0.6578418,0.6816007,0.15798208,0.7612643,0.6587538,0.7589358,0.11188416,0.77798736,0.51723564,0.78019524,0.2994149,Stable
0.38544115,0.3924284,0.49148613,0.5717735,0.49588987,0.2713943,0.7123494,0.66138154,0.67951125,0.15982158,0.75792116,0.66162217,0.75980175,0.11366569,0.7801889,0.51838714,0.7819406,0.30090284,Stable
0.38464627,0.3943715,0.490443,0.57311046,0.49640724,0.27310705,0.7125425,0.6623118,0.67521685,0.16798949,0.7627567,0.66682196,0.7655879,0.12303564,0.7797803,0.5189978,0.78186023,0.30234352,Stable
0.38467306,0.3944325,0.49050376,0.57320875,0.49639386,0.27317435,0.7125517,0.66229683,0.6750819,0.16807628,0.76295775,0.66656315,0.76544964,0.12304443,0.7796898,0.51900727,0.7817379,0.3023411,Stable
0.3832409,0.39541453,0.48645616,0.5757306,0.49490207,0.27252755,0.7131478,0.6630533,0.6802443,0.17042527,0.76217455,0.6718763,0.7587254,0.12470648,0.77748597,0.51710236,0.78102314,0.2945596,Stable
0.38287812,0.3976525,0.4910258,0.5753041,0.4942699,0.2779374,0.7085445,0.6644185,0.68486404,0.17473733,0.7564328,0.680256,0.7595134,0.13268837,0.7812714,0.5267001,0.78288025,0.3055632,Stable
0.3830516,0.40223968,0.48928666,0.5741083,0.49411327,0.27884352,0.7014955,0.6650475,0.6918615,0.17521095,0.7606987,0.68369144,0.75935763,0.1324705,0.78003776,0.52795696,0.78242064,0.30783758,Stable
0.38680145,0.40089655,0.48781514,0.57450616,0.49272418,0.28052557,0.69626445,0.6661011,0.6868791,0.17755896,0.7581901,0.6888161,0.76631063,0.12178765,0.7804016,0.52878636,0.7827809,0.3112734,Stable
0.38657612,0.40097532,0.48791346,0.5745187,0.49269217,0.2805835,0.69616145,0.6661983,0.68666995,0.17755763,0.75824517,0.6889422,0.766394,0.1214939,0.78035474,0.5289189,0.78282183,0.31144565,Stable
0.38512635,0.3990345,0.49166578,0.5766516,0.49434644,0.28322005,0.70751894,0.669822,0.6955103,0.17786793,0.7605041,0.6851659,0.76011217,0.13531902,0.7815243,0.5260339,0.78142214,0.31190804,Stable
0.38460934,0.39966068,0.4915913,0.5798405,0.49629962,0.28758588,0.7023558,0.66979885,0.6942769,0.17758295,0.7560092,0.69071174,0.7600953,0.12891039,0.77869886,0.5324044,0.7805604,0.3135234,Stable
0.3844332,0.39600083,0.4896704,0.5810982,0.49276257,0.2912915,0.69867885,0.6667806,0.7027677,0.17570345,0.7537838,0.68961513,0.76838607,0.13748777,0.7782674,0.53570557,0.77974844,0.32350194,Stable
0.3844628,0.39598367,0.4896637,0.58113277,0.4927622,0.29125583,0.6988039,0.6668767,0.7026603,0.17587404,0.75361246,0.68939775,0.7681997,0.13747177,0.7780504,0.53575486,0.779617,0.32356858,Stable
0.38391203,0.39953405,0.49069127,0.58141947,0.49583507,0.29118878,0.6992918,0.6686785,0.6995449,0.1790916,0.7571587,0.6861703,0.7726493,0.16826695,0.77560973,0.54136384,0.7778796,0.3236664,Stable
0.38441527,0.40276226,0.4911579,0.58296156,0.4935884,0.2896741,0.7059908,0.67596215,0.692979,0.19498372,0.7587637,0.69152296,0.7682926,0.16247088,0.7731506,0.5455326,0.7735519,0.32801813,Stable
0.3825609,0.4014662,0.49128848,0.58579844,0.49542594,0.2956273,0.7063884,0.68019664,0.6817362,0.2060445,0.7573035,0.6903508,0.77185124,0.15343365,0.77609843,0.54660165,0.7777904,0.32933462,Stable
0.38389575,0.40144825,0.4904109,0.58727026,0.4956665,0.2919438,0.6928097,0.67103714,0.68882906,0.20598829,0.7550769,0.69516087,0.77006686,0.16352886,0.7736108,0.5489852,0.77664816,0.32933667,Stable
0.3839143,0.40105504,0.49049205,0.587416,0.49567938,0.2918426,0.692733,0.67101973,0.68873215,0.20628707,0.75498503,0.6951449,0.7701155,0.16363767,0.7736916,0.5491278,0.77672935,0.32932624,Stable
0.38575205,0.40036473,0.4887036,0.5883515,0.5002185,0.28941816,0.6940612,0.67144835,0.6959747,0.2079225,0.758079,0.6963519,0.7730219,0.16329014,0.7710654,0.5504474,0.7749771,0.331357,Stable
0.3864689,0.39973423,0.489138,0.59042406,0.5003656,0.29337424,0.6966182,0.67323464,0.69259226,0.2053419,0.7587619,0.6992774,0.777527,0.16411293,0.7736277,0.55263454,0.7779454,0.33391055,Stable
0.3844493,0.39984664,0.4894446,0.59293145,0.5024311,0.2933694,0.7049986,0.6823076,0.683113,0.21497715,0.76089305,0.699546,0.77959836,0.15257306,0.775558,0.5492145,0.78176564,0.33296144,Stable
0.38487095,0.39853442,0.49123394,0.59166527,0.50110805,0.29828337,0.6977088,0.6805329,0.687207,0.21565807,0.7564604,0.7005071,0.77721834,0.15880471,0.7734401,0.5510779,0.776724,0.3333856,Stable
0.38480473,0.39854178,0.4911425,0.591659,0.50098735,0.29829592,0.69770443,0.68042386,0.687704,0.21597716,0.7564267,0.7004666,0.7773868,0.15947513,0.7734534,0.5510782,0.7766217,0.33346266,Stable
0.38392258,0.39919686,0.49121797,0.5937251,0.5007456,0.29944938,0.714826,0.6966307,0.6896259,0.2154206,0.77469105,0.7112803,0.77946115,0.17502622,0.77365255,0.55259573,0.7787458,0.33358264,Stable
0.38337868,0.40155292,0.49143618,0.5934881,0.49937326,0.30414593,0.70225096,0.6926619,0.6906811,0.2130606,0.7686291,0.7208066,0.7731774,0.18631434,0.7770023,0.5580492,0.77895236,0.33442482,Stable
0.3856634,0.4068987,0.48561692,0.59580314,0.49408555,0.30989012,0.68702716,0.6901119,0.686366,0.22586946,0.7661046,0.7272205,0.7618015,0.20711881,0.7675337,0.55835307,0.7697765,0.3412935,Stable
0.38789928,0.41238517,0.48523915,0.59951425,0.49739012,0.31987497,0.6879829,0.6923752,0.6877341,0.22907963,0.7637205,0.72479,0.7510006,0.21686491,0.7699579,0.55846655,0.77147603,0.3420759,Stable
0.38782772,0.41238946,0.48519528,0.59955734,0.49737287,0.31994754,0.6880721,0.6924247,0.6876342,0.22909606,0.7637884,0.72480476,0.7509684,0.21685782,0.76993006,0.5583944,0.7714004,0.3420589,Stable
0.3825445,0.41631544,0.48682213,0.60658056,0.49670956,0.32415098,0.69173276,0.69528604,0.66886604,0.24243453,0.7703016,0.7326094,0.76155365,0.21840486,0.772392,0.5627942,0.7717165,0.34201002,Stable
0.3828257,0.4206468,0.488289,0.61117476,0.49442828,0.32250056,0.69507694,0.69563216,0.6808913,0.239097,0.7720773,0.73186374,0.76275396,0.23277184,0.77685326,0.57166314,0.7787739,0.34881315,Stable
0.37450323,0.43584725,0.49084255,0.61614144,0.5016622,0.33429426,0.69560206,0.70130795,0.67837393,0.23986201,0.7692684,0.73927224,0.75405663,0.23093471,0.77424043,0.5759535,0.7728784,0.35890576,Stable
0.37923512,0.43597645,0.4921199,0.6181288,0.5013696,0.33427238,0.70046806,0.70835733,0.6782396,0.24852745,0.77348113,0.738903,0.76533926,0.23178938,0.77938914,0.58074,0.7788729,0.3603377,Stable
0.37990996,0.43568882,0.49202383,0.61805934,0.5012834,0.33446333,0.70037174,0.70815396,0.6779673,0.24846481,0.7734353,0.7393036,0.76524466,0.2316893,0.77950966,0.58037233,0.7790216,0.36016017,Stable
0.3820917,0.4349688,0.491493,0.6186709,0.49652183,0.3495612,0.6982219,0.70787656,0.6630591,0.25849676,0.7666856,0.7465438,0.75804615,0.23217833,0.777773,0.5756477,0.7760409,0.36554497,Stable
0.38129747,0.43379992,0.48963755,0.6217202,0.49732637,0.35102695,0.70012724,0.7102775,0.66768456,0.25876448,0.76943827,0.74235934,0.75948143,0.23786841,0.7791609,0.5794753,0.777717,0.3736483,Stable
0.3810429,0.43293905,0.49265522,0.6289299,0.49705276,0.35221168,0.69680834,0.7143818,0.67266786,0.26494637,0.7732115,0.74958295,0.75705504,0.2456836,0.7788505,0.5851033,0.77734804,0.38165244,Stable
0.37986654,0.4397092,0.49667427,0.6316793,0.49680406,0.3561402,0.70085406,0.7189622,0.6689195,0.26811928,0.77580804,0.7507338,0.74420536,0.24322203,0.77764285,0.5937289,0.78087544,0.3843469,Stable
0.38084626,0.43828046,0.49660462,0.6317854,0.49686134,0.3562835,0.70090437,0.71924233,0.6687538,0.268215,0.7759108,0.7508012,0.744219,0.2433232,0.777778,0.59357196,0.781018,0.38429785,Stable
0.3808349,0.43852484,0.49602768,0.63199896,0.49732146,0.3586503,0.6970593,0.7169604,0.66438687,0.27324688,0.76534295,0.7508173,0.75142825,0.24514425,0.7795791,0.5939559,0.7810464,0.3886354,Stable
0.37707835,0.4504604,0.49659893,0.6345507,0.49467894,0.35898837,0.70237625,0.72718996,0.6717254,0.27528834,0.76970214,0.75234795,0.73095155,0.26040018,0.7802548,0.5991103,0.7831961,0.39386004,Stable
0.36967525,0.45251054,0.49780166,0.63710475,0.4956439,0.36577928,0.70807076,0.7331678,0.6678351,0.27252087,0.75988984,0.7458129,0.75023186,0.257155,0.78037494,0.59855497,0.78182876,0.39306968,Stable
0.37398192,0.4559124,0.49789903,0.6409247,0.49834165,0.3703245,0.7136289,0.7358526,0.6679646,0.2758062,0.7607478,0.74703157,0.7443038,0.26454413,0.7818894,0.60060155,0.78309846,0.39634752,Stable
0.3732725,0.45630437,0.49793,0.6409037,0.49834546,0.37030643,0.7136697,0.7360231,0.6676866,0.27585074,0.7607982,0.7468368,0.7440386,0.26459917,0.7818114,0.6004949,0.78296894,0.39621028,Stable
0.37145376,0.4621575,0.49821028,0.642881,0.49576777,0.3682832,0.7117437,0.7363323,0.67021126,0.277556,0.77001,0.749221,0.7395808,0.2683526,0.7796289,0.600205,0.7784614,0.39460206,Stable
0.37433597,0.46644956,0.49805015,0.64271677,0.49581432,0.36768827,0.71015877,0.74165934,0.6752759,0.27695635,0.7609203,0.7553824,0.7495417,0.2690379,0.77916306,0.6025014,0.78130484,0.3982075,Stable
0.3774818,0.4635406,0.49599633,0.64571863,0.49671435,0.36455768,0.7082638,0.73517823,0.6781881,0.27814612,0.7655772,0.7618278,0.7448094,0.28035152,0.7790935,0.6021202,0.7824302,0.39723012,Stable
0.37936875,0.46536922,0.4965338,0.64830863,0.49376744,0.3724532,0.7155243,0.7409934,0.6712126,0.2756135,0.76345193,0.74713755,0.7440326,0.2733849,0.775917,0.5981294,0.7724421,0.38935453,Stable
0.37824962,0.4652093,0.49650118,0.64831376,0.49369252,0.3722585,0.7156119,0.7410188,0.67120194,0.2756741,0.7633579,0.7471769,0.7432393,0.2732244,0.7756231,0.5978354,0.7721722,0.38920015,Stable
0.38042483,0.46885437,0.5011251,0.6517636,0.49638116,0.3743648,0.7177144,0.7435993,0.6761786,0.2811667,0.75167716,0.7433614,0.740299,0.27766186,0.77859676,0.6016222,0.77811205,0.3972225,Stable
0.3777892,0.472004,0.5026248,0.65285194,0.49798465,0.37721252,0.7179903,0.74289036,0.6754419,0.27763447,0.7568101,0.75297844,0.7462174,0.2794713,0.7775662,0.60764325,0.777457,0.40412885,Stable
0.37432882,0.46881637,0.5042293,0.65314406,0.49602506,0.37495515,0.7173245,0.7440678,0.67129827,0.27998018,0.7540147,0.7532648,0.7457702,0.27193972,0.7738916,0.60356975,0.77362794,0.39445955,Stable
0.37662697,0.4622509,0.50242823,0.65394545,0.49517328,0.37392932,0.71433985,0.7380788,0.6649687,0.28091192,0.7604427,0.765592,0.7543604,0.27161598,0.77503633,0.60122716,0.7738721,0.39624214,Stable
0.37646002,0.4614151,0.5023381,0.6539135,0.49523577,0.37375093,0.71442187,0.7381668,0.6678779,0.28068507,0.7604567,0.76546454,0.75409615,0.2713719,0.7750081,0.60122097,0.7738106,0.3962825,Stable
0.3799578,0.46332824,0.50172085,0.65479815,0.49665856,0.37401932,0.7197242,0.7419373,0.6721022,0.28532708,0.7582357,0.76436424,0.75657487,0.27893847,0.77949274,0.6128067,0.7788953,0.40696,Stable
0.38080657,0.4620521,0.5029322,0.6529843,0.49833363,0.3707369,0.7218876,0.7429671,0.6763778,0.28370923,0.7681285,0.7514273,0.7549981,0.27937293,0.7804388,0.61338377,0.7807828,0.40633702,Stable
0.38104293,0.4516805,0.5016672,0.6544725,0.499238,0.37465096,0.7249148,0.74506396,0.6757895,0.28477746,0.7552508,0.72628707,0.75071585,0.27279502,0.7774536,0.6146845,0.77881664,0.40681726,Stable
0.38180134,0.44999737,0.5018124,0.6564959,0.49617,0.37566492,0.73147744,0.75204384,0.6706798,0.28543663,0.7520358,0.69159067,0.75371504,0.27266908,0.77822536,0.61284745,0.77717316,0.40605134,Stable
0.38180226,0.45028883,0.5017458,0.6565355,0.49617618,0.37567037,0.73147297,0.7521249,0.6706447,0.28537205,0.75193036,0.691556,0.7534821,0.2725308,0.7781426,0.6128991,0.7770283,0.40612614,Stable
0.38322884,0.45051116,0.501881,0.65690243,0.49789464,0.37288797,0.72128916,0.74318016,0.6750652,0.28324148,0.75158805,0.69104004,0.75690305,0.27677736,0.77797294,0.6154096,0.7776766,0.4091239,Stable
0.38633627,0.45018876,0.49982065,0.6576963,0.49982774,0.37239087,0.7317792,0.750385,0.68253106,0.28377277,0.7638198,0.74914753,0.7486977,0.28198433,0.77697533,0.61687523,0.7778201,0.41250914,Stable
0.3865583,0.44559252,0.4994052,0.6580167,0.5015944,0.3749798,0.7310683,0.75086975,0.68312633,0.29156008,0.7634554,0.75126743,0.74718136,0.28241748,0.775609,0.6149266,0.7756195,0.4094139,Stable
0.38769293,0.4392907,0.500397,0.6606677,0.5013468,0.37568748,0.73219246,0.7501306,0.6809101,0.2937262,0.7638115,0.7522947,0.7556653,0.2859968,0.77698797,0.6153606,0.77777314,0.40965435,Stable
0.38730955,0.43993783,0.50041145,0.6605532,0.50125265,0.37589762,0.7321389,0.750203,0.6805071,0.29394147,0.7634326,0.75217354,0.7549278,0.28545347,0.77683663,0.61545277,0.7775852,0.40975195,Stable
0.3890409,0.44452414,0.5017362,0.6612618,0.50453275,0.37317145,0.7326703,0.749262,0.6843774,0.29615903,0.76048124,0.7532873,0.7514001,0.2877466,0.78013694,0.61574054,0.7818538,0.411066,Stable
0.39432475,0.44614646,0.50039405,0.6601119,0.5042682,0.37288782,0.7282638,0.74368423,0.6808963,0.2950679,0.7656335,0.75797606,0.7579136,0.2919972,0.7754719,0.61276096,0.7767224,0.40924427,Stable
0.39742884,0.44607234,0.4997091,0.66145265,0.50683296,0.37062943,0.7290895,0.74353546,0.6909518,0.29564878,0.76293766,0.7549573,0.7515757,0.29251558,0.7771145,0.6142731,0.7783872,0.41033754,Stable
0.3996182,0.45139146,0.49739116,0.6602397,0.51269853,0.3765338,0.71892,0.7385106,0.69289106,0.29662767,0.7610526,0.762211,0.7506842,0.2936199,0.77655864,0.6131245,0.77834356,0.412721,Stable
0.39958188,0.45218223,0.4974384,0.66015697,0.51242244,0.3762986,0.71894705,0.73833656,0.6927086,0.2965228,0.7610934,0.7617261,0.7503635,0.29356414,0.7765321,0.61282575,0.7781216,0.4122243,Stable
0.40097186,0.44580686,0.49534214,0.66229033,0.5108208,0.37587425,0.72780406,0.74055433,0.6919438,0.29854614,0.7640109,0.76011413,0.7540804,0.29327747,0.7748381,0.6126952,0.77648604,0.409127,Stable
0.4066565,0.42943737,0.49328333,0.66311085,0.5121531,0.37669903,0.72929615,0.7407443,0.70689476,0.29557902,0.76868623,0.75667584,0.75277615,0.29651606,0.77472633,0.62165505,0.7787489,0.41768754,Stable
0.41456145,0.4285129,0.49427664,0.6628825,0.51559293,0.38263214,0.72858185,0.7411169,0.696602,0.29796353,0.7696499,0.7588052,0.760695,0.29181546,0.7733766,0.6236487,0.77793014,0.41130823,Stable
0.42100012,0.42798182,0.49306858,0.6615602,0.51586545,0.38025218,0.72650015,0.7399192,0.6959991,0.30058837,0.7673108,0.7629723,0.75501865,0.2918252,0.77199256,0.6255632,0.7772424,0.4111491,Stable
0.4215711,0.42793572,0.49307454,0.66170436,0.5159935,0.3804772,0.7263454,0.73964584,0.6960398,0.30054504,0.7674102,0.7635902,0.7550451,0.29184398,0.7718818,0.6255603,0.77715635,0.41148418,Stable
0.4222314,0.41857994,0.49203524,0.6613386,0.5153042,0.37838125,0.72786653,0.74095887,0.6996132,0.30083632,0.7661192,0.75497353,0.755464,0.2977297,0.77436805,0.61180735,0.77571094,0.40804833,Stable
0.43335772,0.40990716,0.48997316,0.6621155,0.51337814,0.38028544,0.7296318,0.7457292,0.69137305,0.30167148,0.76900834,0.7510447,0.754383,0.2932881,0.774897,0.6124193,0.77686906,0.41004,Stable
0.43108842,0.4177096,0.487652,0.66130865,0.51475835,0.3825255,0.73024434,0.74850595,0.68833345,0.30104396,0.7625357,0.73740685,0.7515118,0.29390612,0.7736764,0.6141938,0.77316564,0.41171238,Stable
0.43358716,0.41581053,0.49382234,0.6620279,0.5192142,0.38045484,0.73118347,0.7497336,0.7019261,0.29929644,0.7484677,0.6833476,0.7583379,0.29575643,0.7755424,0.626897,0.780621,0.4201636,Stable
0.43360385,0.41737497,0.49374896,0.6617999,0.51921713,0.38066548,0.72203064,0.7438159,0.701404,0.2995748,0.7482915,0.6835088,0.7585385,0.29581475,0.77555454,0.62687963,0.7806804,0.4202529,Stable
0.4414838,0.40267467,0.49238655,0.6625689,0.5172861,0.37939808,0.7293289,0.74787736,0.6931585,0.3040467,0.7588651,0.75343883,0.75679624,0.29425052,0.7747681,0.63119054,0.77991414,0.4219174,Stable
0.44703776,0.4099416,0.49094102,0.6612878,0.51588416,0.3803161,0.7203037,0.74257696,0.69651926,0.30138758,0.7441803,0.67667794,0.75356114,0.29694873,0.7752513,0.6282804,0.7793212,0.42488867,Stable
0.4425684,0.41572222,0.49020708,0.6603416,0.5180226,0.37254345,0.720984,0.7425034,0.7035092,0.300339,0.76080096,0.7531571,0.74347305,0.29750103,0.77411544,0.6313319,0.77773786,0.42347556,Stable
0.44622254,0.39695352,0.49116176,0.6594191,0.5153153,0.375087,0.7208718,0.7427262,0.68943685,0.30152616,0.76102257,0.7551562,0.76224846,0.2850339,0.77401376,0.6295329,0.7772464,0.41996333,Stable
0.44613874,0.39669162,0.4911582,0.65940833,0.5152644,0.37507924,0.72083247,0.74285424,0.6893623,0.30152205,0.76114655,0.75522727,0.7622944,0.28495947,0.7741431,0.6296495,0.77740467,0.42004806,Stable
0.45867586,0.40773878,0.4910211,0.65771043,0.51773286,0.37557852,0.7302861,0.743322,0.70780843,0.29353172,0.76296496,0.7477192,0.76376927,0.2944339,0.76977843,0.6399965,0.7766735,0.42370605,Stable
0.46460575,0.39786577,0.48465854,0.6532807,0.5165756,0.37570554,0.7321808,0.74284905,0.68829846,0.30031544,0.7632906,0.7441537,0.7610198,0.2896815,0.7688324,0.626113,0.76980615,0.41441214,Stable
0.46281326,0.394711,0.48962498,0.65312475,0.5155823,0.37139675,0.73373926,0.7435038,0.685634,0.29932043,0.7650994,0.7446534,0.7612796,0.2904695,0.7683613,0.62268627,0.7691194,0.4119134,Stable
0.45855677,0.38652498,0.49240622,0.6574452,0.5120367,0.37241876,0.7343635,0.7443236,0.69030786,0.29832202,0.74727297,0.6696366,0.7595119,0.28940415,0.7691195,0.61957556,0.76954365,0.41176948,Stable
0.4585966,0.3865037,0.48632544,0.65520465,0.51195526,0.37239414,0.7344753,0.7443923,0.69027746,0.29827797,0.747195,0.6696405,0.7597089,0.28979728,0.769359,0.61969155,0.7698252,0.41202328,Stable
0.4610041,0.38537192,0.48903856,0.6513094,0.516467,0.36745867,0.73520845,0.74256015,0.6872937,0.29814196,0.74798024,0.67162436,0.75940603,0.29338318,0.77368593,0.6228919,0.77463186,0.41017073,Stable
0.46303686,0.38433743,0.48992944,0.65066755,0.51367176,0.3687275,0.7332277,0.74621266,0.68731844,0.30196252,0.74722743,0.67083263,0.7535255,0.2947061,0.777363,0.6183068,0.7768911,0.42159963,Stable
0.46720988,0.377603,0.48991758,0.64928484,0.5120872,0.36634684,0.7319859,0.7476114,0.6874026,0.29954734,0.74654305,0.6711797,0.7449155,0.29553908,0.7758097,0.6124358,0.7739266,0.4115473,Stable
0.47427326,0.379824,0.48950228,0.6489974,0.5138221,0.3683016,0.73322093,0.7498487,0.68435943,0.29834408,0.7443537,0.6441052,0.75154346,0.2896706,0.7755668,0.6129215,0.7739911,0.41983318,Stable
0.4743206,0.37978014,0.48955995,0.6490208,0.51372343,0.36808348,0.73320574,0.74962115,0.6844422,0.29819784,0.74430394,0.6444253,0.75139344,0.28954494,0.7753985,0.61260164,0.7721998,0.41308075,Stable
0.46407312,0.37885416,0.4867768,0.64785767,0.51608616,0.36335132,0.7329589,0.7471351,0.6843965,0.29809654,0.74564934,0.64603364,0.7496457,0.29334995,0.77323246,0.61547565,0.7696872,0.41415974,Stable
0.4637022,0.37713188,0.4860168,0.6491765,0.51455355,0.36405545,0.73100877,0.7473037,0.68763995,0.29749894,0.7443894,0.64719296,0.7490932,0.2905426,0.7721448,0.6139378,0.7710797,0.4135552,Stable
0.4748832,0.38753784,0.486938,0.649522,0.5139893,0.36376032,0.72750705,0.7474619,0.6895406,0.2974738,0.7443134,0.6500772,0.7401442,0.28662214,0.77144927,0.6180406,0.7681546,0.41341242,Stable
0.46355897,0.39056873,0.48650405,0.64888895,0.519215,0.36567602,0.71870506,0.73995996,0.6898398,0.29741776,0.74659866,0.6741338,0.7434434,0.28176004,0.77004117,0.6221535,0.77247214,0.41055143,Stable
0.46358073,0.39068174,0.48652685,0.6488785,0.51920027,0.3657366,0.7186973,0.739992,0.68978727,0.29745033,0.74662745,0.67417806,0.7434919,0.28172168,0.7700778,0.6220931,0.7724935,0.41052884,Stable
0.44752538,0.38640308,0.48780167,0.64955664,0.5210215,0.3622899,0.72409713,0.74504745,0.6976085,0.29363558,0.74704874,0.67406005,0.7450386,0.28496757,0.7676098,0.62125134,0.77023244,0.40759426,Stable
0.44680557,0.40192458,0.48546827,0.6506704,0.5204932,0.37079072,0.71879953,0.7401689,0.6936573,0.29955575,0.7563902,0.7481712,0.7505147,0.2969735,0.7744612,0.62236416,0.7752546,0.41016096,Stable
0.44466788,0.40252623,0.48555994,0.65109974,0.52072895,0.36943936,0.7162688,0.739887,0.6945755,0.3001127,0.7559866,0.750906,0.7498152,0.29561394,0.77595395,0.6249081,0.7769005,0.4097221,Stable
0.43183357,0.40229568,0.48695406,0.6517587,0.5237205,0.3716219,0.7164144,0.7463964,0.6948399,0.29964,0.76133895,0.7610931,0.7501516,0.29344398,0.77109647,0.62361926,0.77412885,0.4098476,Stable
0.43175668,0.4020245,0.48703212,0.6518777,0.52378947,0.3714648,0.7165205,0.7463669,0.694853,0.29965675,0.7613058,0.76118374,0.75046897,0.29353586,0.77149224,0.62372035,0.77441347,0.4097161,Stable
0.4259877,0.40848964,0.48755392,0.6578591,0.52200395,0.37416625,0.7166695,0.7469222,0.69567144,0.30422992,0.7605128,0.76607823,0.7539265,0.29416484,0.7730539,0.6267058,0.776133,0.4122262,Stable
0.4327941,0.40733582,0.4864933,0.6608172,0.5229131,0.37954026,0.7283196,0.7539785,0.7037401,0.29964507,0.7633511,0.75738835,0.7562512,0.30379763,0.77953833,0.6278784,0.78515565,0.4220478,Stable
0.42757303,0.4116599,0.48913777,0.6593113,0.5236322,0.38049123,0.7305886,0.7544043,0.69660103,0.2988405,0.75604296,0.7450305,0.7515423,0.29941434,0.7771136,0.6233741,0.7807726,0.41358683,Stable
0.42148173,0.41193527,0.490237,0.6601126,0.5223126,0.38280517,0.7212825,0.7480649,0.6924922,0.29762286,0.7544858,0.73920435,0.7486434,0.2941188,0.77552295,0.6220947,0.77902067,0.41407198,Stable
0.42163455,0.4119196,0.49029943,0.66016406,0.52232933,0.38278228,0.72129357,0.74805903,0.6917311,0.3009819,0.7544358,0.7390687,0.748743,0.29439738,0.77536905,0.6221671,0.7788799,0.41402864,Stable
0.4151419,0.41728467,0.4923571,0.6615453,0.5189601,0.37852854,0.72461575,0.753845,0.69323695,0.30197805,0.7486818,0.70530933,0.7534318,0.2878132,0.7765114,0.6129794,0.77538365,0.4117163,Stable
0.40503073,0.4193885,0.49063617,0.66102004,0.5164183,0.3782462,0.72161615,0.75749964,0.69141984,0.30145603,0.7482041,0.7013797,0.7552788,0.27641636,0.78133607,0.6148367,0.7802326,0.4124564,Stable
0.4042889,0.4187071,0.48863885,0.663129,0.5171084,0.37798327,0.720859,0.7551236,0.69433564,0.2999405,0.76187986,0.76428956,0.756533,0.28760347,0.77760684,0.6277097,0.77993584,0.41293973,Stable
0.3991245,0.4284101,0.4883154,0.6614772,0.5173503,0.37685776,0.72175753,0.75974363,0.69146633,0.30109552,0.7453112,0.68965983,0.75691175,0.28590643,0.77795714,0.6284952,0.7812346,0.4196132,Stable
0.39883542,0.42836684,0.48834944,0.66140354,0.5174346,0.37685817,0.72167885,0.7597615,0.69144267,0.3011325,0.7453713,0.68975514,0.75666255,0.28594056,0.7778184,0.6286439,0.7811438,0.41966963,Stable
0.3967443,0.43319124,0.48953637,0.66463083,0.51500595,0.37512073,0.710931,0.75314426,0.6893927,0.30256322,0.7623445,0.75558734,0.750697,0.27778393,0.77537227,0.6279321,0.7784118,0.41278526,Stable
0.40632862,0.43448848,0.48908192,0.6647507,0.51542336,0.37636787,0.70772755,0.7513878,0.6913621,0.3029432,0.76538247,0.7585928,0.7546842,0.28085908,0.7779659,0.63033617,0.7812365,0.41304502,Stable
0.39992118,0.43003672,0.4894551,0.66567117,0.5151587,0.37754142,0.7192449,0.7535589,0.6897515,0.30165297,0.75516474,0.76212573,0.758922,0.2791556,0.7768791,0.63014376,0.7833988,0.41113538,Stable
0.39921176,0.43450665,0.48839706,0.66690624,0.51448,0.37579966,0.71852314,0.75274694,0.68998885,0.3003012,0.75608945,0.76892966,0.7603869,0.27687675,0.77752733,0.627945,0.7798614,0.40803242,Stable
0.3992245,0.43441713,0.48837715,0.6669357,0.51447576,0.37579283,0.7185694,0.7527878,0.68998474,0.30026063,0.7561219,0.76897705,0.7603068,0.27678326,0.7774429,0.6278639,0.77972835,0.40793407,Stable
0.40477857,0.4447306,0.49005234,0.66717744,0.5153433,0.37618026,0.7142684,0.74890935,0.70129883,0.2997188,0.75686383,0.7677788,0.7601215,0.2794329,0.777967,0.6302867,0.7813976,0.40983102,Stable
0.41010496,0.4453456,0.4920032,0.6685338,0.5152422,0.3770289,0.7137461,0.75154054,0.7042744,0.30038112,0.7548764,0.7675588,0.75928986,0.28595027,0.78317046,0.63193977,0.78673995,0.41147384,Stable
0.4098071,0.4442926,0.4913361,0.66907114,0.5150112,0.38002384,0.71753067,0.7530118,0.7019534,0.3017134,0.7648584,0.7684881,0.76068157,0.28598982,0.7800505,0.63093793,0.7874768,0.40981627,Stable
0.40822518,0.45965642,0.4920857,0.66718376,0.5151134,0.37790057,0.70427215,0.74510807,0.69640946,0.3050175,0.7548391,0.7684366,0.7590418,0.28290302,0.78182757,0.6326432,0.7862777,0.41717216,Stable
0.3975507,0.4564777,0.49065715,0.6662041,0.5146792,0.37762845,0.70326036,0.7439279,0.69901675,0.30329576,0.75612426,0.77097106,0.7601683,0.28648984,0.7796053,0.6312914,0.7845485,0.4168641,Stable
0.3948917,0.46162948,0.49134547,0.6674661,0.5139066,0.37857684,0.70398086,0.74484533,0.6993296,0.3042094,0.7571399,0.76846194,0.76013017,0.28682622,0.77761763,0.6322124,0.78215283,0.4186179,Stable
0.38927126,0.46671045,0.48713905,0.6677818,0.5118941,0.37950963,0.7092929,0.74581766,0.6977545,0.30463824,0.7612366,0.76806206,0.7591748,0.28678897,0.7785499,0.63165087,0.7829764,0.4201954,Stable
0.38338464,0.46780294,0.4911688,0.66603744,0.5138988,0.37930736,0.70776904,0.74641675,0.6987455,0.30365336,0.7604663,0.770158,0.75892156,0.28686184,0.7795322,0.62581915,0.7807356,0.41436142,Stable
0.38111675,0.46812552,0.4914434,0.6658336,0.51229393,0.37806314,0.70308053,0.74711573,0.69816613,0.304053,0.7639517,0.7672925,0.7581877,0.27885932,0.77822006,0.62201315,0.77846956,0.4109577,Stable
0.38113043,0.46840638,0.4914362,0.6658105,0.51214373,0.37810838,0.702872,0.7470266,0.6979818,0.3041003,0.7640487,0.76759666,0.75834966,0.27877408,0.77832574,0.6220338,0.77851194,0.41101333,Stable
0.38097715,0.47738883,0.49069023,0.6668062,0.5111574,0.37910432,0.70491046,0.74773735,0.70171416,0.30296004,0.7580384,0.7683418,0.75229645,0.28948343,0.77770615,0.62290645,0.77986884,0.41175884,Stable
0.38016838,0.48140168,0.48928565,0.66677785,0.5124722,0.38062572,0.69740057,0.7431017,0.6974863,0.30300224,0.7586667,0.7710292,0.74679106,0.29185715,0.77429265,0.6239884,0.7750496,0.4132464,Stable
0.38228843,0.47603056,0.48907286,0.66907334,0.51042426,0.3766505,0.70050234,0.7476121,0.70222414,0.30276316,0.7576808,0.76660365,0.758079,0.2888822,0.7752802,0.6229198,0.77792025,0.41096756,Stable
0.38582802,0.47195694,0.48789677,0.6696093,0.5099022,0.37762606,0.69513696,0.7450237,0.6971538,0.30861583,0.7564244,0.7704922,0.7589218,0.29037973,0.7786559,0.62308323,0.78121674,0.41725644,Stable
0.38550422,0.47178456,0.48796648,0.66970646,0.5100001,0.37761176,0.69522786,0.7450193,0.6973381,0.30867386,0.7563717,0.7704722,0.7589036,0.2904938,0.7786247,0.6230761,0.7811615,0.41724986,Stable
0.3819992,0.47113788,0.4887738,0.6734843,0.5112052,0.37917715,0.6971028,0.7477566,0.696968,0.30847386,0.75343025,0.76551545,0.7593407,0.28968576,0.7758992,0.62376976,0.78011835,0.41841683,Stable
0.38545316,0.47169137,0.4894769,0.6764697,0.5127383,0.37998384,0.6956761,0.75244224,0.69917893,0.3087326,0.75400656,0.7627446,0.76124847,0.29143053,0.77766293,0.6222707,0.7798991,0.41236907,Stable
0.38664502,0.47401518,0.48782682,0.6802504,0.5113834,0.37816548,0.69753903,0.7543506,0.7135827,0.30359364,0.75779974,0.7632873,0.76740974,0.2908017,0.7750446,0.62434936,0.77742755,0.41006154,Stable
0.38944387,0.47628662,0.49037337,0.679495,0.51156616,0.37870145,0.69571257,0.7551927,0.71821296,0.30322307,0.7533831,0.75952786,0.765896,0.2933481,0.7771346,0.63038474,0.77996874,0.41911504,Stable
0.38901985,0.47624826,0.49040398,0.67947525,0.51158166,0.37870514,0.6960305,0.75533974,0.71812576,0.30338413,0.7535159,0.7593867,0.765524,0.2931189,0.77720404,0.6304459,0.78000945,0.41910684,Stable
0.38856396,0.4752822,0.48638523,0.681405,0.51142657,0.3806921,0.699116,0.75915253,0.716479,0.30272686,0.75637454,0.75808305,0.7626822,0.29468328,0.77970076,0.6289228,0.78063834,0.41803712,Stable
0.38740572,0.4777549,0.48773155,0.6823956,0.51056826,0.38284716,0.69359183,0.75716823,0.7033645,0.30930698,0.75673217,0.76359487,0.76468605,0.2931354,0.77944463,0.63105667,0.78006357,0.41960865,Stable
0.38411483,0.4770505,0.48771894,0.6844624,0.51008356,0.38079482,0.70081604,0.7702386,0.70566577,0.31217045,0.7568804,0.76313204,0.76815224,0.2908101,0.7797749,0.6327829,0.78188324,0.4205347,Stable
0.38478786,0.47917685,0.48714763,0.68482745,0.5116201,0.38054058,0.6973817,0.76200914,0.7025751,0.31277856,0.75956,0.7590927,0.76565665,0.2907021,0.77636266,0.630936,0.7781768,0.4182894,Stable
0.38474745,0.47923025,0.48716724,0.6848198,0.51166075,0.38068593,0.6973373,0.76189446,0.7024864,0.31287488,0.7593633,0.759426,0.76571786,0.29068387,0.77653444,0.63101745,0.77836573,0.4183485,Stable
0.38250935,0.48024797,0.4867929,0.6848743,0.51091343,0.38236046,0.6984326,0.76310414,0.6941346,0.313523,0.7577392,0.7502271,0.7562367,0.29570857,0.7776797,0.6310548,0.7792839,0.4207716,Stable
0.38105902,0.48288962,0.48661876,0.68404645,0.51019984,0.383276,0.69337773,0.7583105,0.7067877,0.3124545,0.7526302,0.76187867,0.75177,0.29636094,0.777099,0.63171536,0.7801206,0.42240965,Stable
0.3820815,0.48201835,0.4873267,0.685296,0.5142572,0.38380694,0.69566387,0.7573466,0.70813096,0.3120271,0.7525293,0.7647862,0.75061315,0.2972554,0.77482146,0.63065714,0.7779763,0.4223683,Stable
0.3898732,0.48429522,0.48778123,0.686062,0.5144886,0.38660344,0.6993396,0.7694191,0.69574475,0.31394967,0.7527091,0.7635224,0.75203294,0.29848048,0.7810039,0.6295265,0.7812821,0.42096138,Stable
0.38962683,0.48426113,0.487751,0.6860165,0.5145184,0.38653773,0.6992154,0.76937056,0.6955895,0.31399825,0.7527865,0.76347756,0.7519919,0.29842883,0.7810149,0.6295035,0.7812598,0.42099056,Stable
0.38767457,0.48721647,0.4883244,0.6868155,0.51484066,0.3872519,0.699413,0.77194947,0.6909835,0.31630206,0.75236535,0.7616962,0.75353426,0.29610744,0.78094524,0.6311604,0.7814614,0.4226441,Stable
0.3833502,0.48839813,0.48776162,0.68773353,0.5133891,0.3863294,0.69740283,0.7668211,0.6907906,0.31654578,0.7524866,0.76432574,0.75447416,0.29508424,0.77892613,0.63077337,0.7804801,0.4230349,Stable
0.38305402,0.48747456,0.48747653,0.68765557,0.5144285,0.38720772,0.6989307,0.76957583,0.69346803,0.31647506,0.7535931,0.7664815,0.7570481,0.29426542,0.7799034,0.6304516,0.7816655,0.42208347,Stable
0.38223356,0.48575383,0.48916334,0.6894034,0.5114285,0.39065355,0.70310324,0.7793399,0.6955395,0.31552076,0.75164694,0.7460413,0.75421584,0.29912657,0.7775208,0.6336105,0.77903116,0.4260459,Stable
0.38183734,0.4855636,0.48925912,0.6893674,0.5114939,0.3906836,0.70309967,0.77932733,0.6954248,0.3156705,0.75160944,0.74612105,0.75440514,0.29945287,0.7777345,0.6337,0.7792043,0.4261335,Stable
0.38302636,0.48662886,0.48984903,0.6904384,0.51236206,0.3894961,0.71045154,0.7836057,0.70086324,0.31609824,0.75244737,0.74173224,0.75288856,0.30068132,0.77712584,0.63657945,0.78017014,0.42953786,Stable
0.38481697,0.48831427,0.48834473,0.6899969,0.51577854,0.38951188,0.7121687,0.7849785,0.6999063,0.315485,0.75113475,0.7366339,0.7522268,0.29946688,0.77591074,0.6375675,0.778867,0.43017197,Stable
0.38523412,0.4916632,0.48791468,0.6888842,0.5153983,0.38909626,0.70371765,0.77888787,0.7004225,0.31427175,0.7513373,0.75861996,0.75105536,0.29848266,0.7760289,0.6337812,0.7786095,0.42614782,Stable
0.38609076,0.49272558,0.48892412,0.68885005,0.5143372,0.38745674,0.69437826,0.7638538,0.6967517,0.3168446,0.7525263,0.76332414,0.75189894,0.29861015,0.77893806,0.6349477,0.78151464,0.42630634,Stable
0.38575226,0.49258697,0.48898444,0.6889009,0.5143493,0.3874689,0.694396,0.7638306,0.6968121,0.3167911,0.7525283,0.7633214,0.75184155,0.2986401,0.7789856,0.6349642,0.7815973,0.42627653,Stable
0.3864786,0.49343523,0.49076563,0.68898165,0.51303095,0.38919243,0.69713223,0.7632455,0.69342756,0.31740534,0.7592486,0.75510764,0.7497701,0.29963696,0.78251433,0.6344068,0.78309166,0.42778742,Stable
0.38578093,0.49165973,0.48979515,0.687802,0.5096913,0.3915871,0.7129053,0.7759175,0.6925974,0.31837457,0.7646925,0.73467255,0.75563806,0.29918277,0.78102964,0.63498664,0.7809857,0.43015164,Stable
0.38311154,0.4933896,0.49058837,0.68827695,0.51121336,0.38720626,0.7150502,0.77575755,0.6951682,0.31487083,0.7593569,0.7405604,0.75448287,0.29939526,0.78048915,0.6311601,0.78036714,0.4254634,Stable
0.3828549,0.48947424,0.4883719,0.6867554,0.50919795,0.3911012,0.70001566,0.7646453,0.69608116,0.3142899,0.75772715,0.74018776,0.7559267,0.3008123,0.78085434,0.6305402,0.78150463,0.42587298,Stable
0.3829131,0.4895341,0.48835605,0.6867442,0.5091759,0.39111328,0.6998582,0.7645285,0.6959831,0.3143575,0.75750923,0.74049133,0.75582016,0.30100295,0.7808112,0.630693,0.7814958,0.42594028,Stable
0.3872381,0.49107283,0.4873812,0.686859,0.51022315,0.39153308,0.6941361,0.76006377,0.69659895,0.3136133,0.7531023,0.7518868,0.75275815,0.30434927,0.7749647,0.6361793,0.7802354,0.42716295,Stable
0.38691306,0.49211323,0.4872195,0.68657225,0.51331854,0.38877714,0.69816893,0.76283497,0.6997856,0.31223133,0.75468135,0.7498945,0.7535283,0.29994237,0.77604145,0.6329831,0.77906984,0.42423734,Stable
0.37323862,0.4879722,0.4877579,0.6861181,0.5133657,0.38607192,0.6976692,0.7619754,0.70076555,0.31159365,0.75240415,0.7454401,0.7539797,0.29792818,0.773237,0.63142943,0.7761442,0.42151105,Stable
0.379776,0.48112795,0.48886406,0.6863301,0.513924,0.38552138,0.69863886,0.7545821,0.703472,0.312548,0.7525646,0.75990474,0.7494004,0.30232078,0.7735324,0.6320593,0.7783035,0.41977358,Stable
0.3797853,0.48110098,0.488831,0.6863482,0.51389754,0.38552582,0.6986971,0.7546181,0.70343393,0.3126225,0.75253594,0.75983584,0.7495301,0.3020509,0.77340925,0.6318532,0.77803576,0.41969308,Stable
0.38051793,0.48029444,0.48837075,0.6844926,0.50969756,0.3897124,0.7126715,0.7669956,0.697437,0.314143,0.7504772,0.7530417,0.7514663,0.2997722,0.77742267,0.62971133,0.7805037,0.41968057,Stable
0.38196087,0.47687456,0.4874248,0.68310666,0.50822127,0.38853163,0.7032906,0.75761557,0.6978237,0.31434244,0.7503166,0.74705374,0.75204366,0.29943332,0.7776253,0.62109786,0.7770934,0.4188804,Stable
0.3746457,0.47088692,0.48727244,0.68330616,0.50767505,0.38705254,0.7049922,0.75733894,0.69842213,0.31189147,0.7498177,0.7480678,0.7541942,0.29671377,0.7758459,0.6204381,0.7761879,0.41788265,Stable
0.38243005,0.4646289,0.49074206,0.6823155,0.5111741,0.38875562,0.7045692,0.75635386,0.69891095,0.3107614,0.74903196,0.74554795,0.75274104,0.30577567,0.7744689,0.6270589,0.77565575,0.4191081,Stable
0.38217673,0.46459728,0.49073812,0.6823217,0.51114726,0.38865715,0.7044692,0.7562598,0.69905555,0.31061584,0.7489409,0.74567497,0.7528669,0.3055368,0.77450174,0.6271125,0.775706,0.41905662,Stable
0.38641083,0.4726234,0.49101746,0.6811823,0.51104593,0.39065218,0.7043333,0.7567904,0.69787145,0.31399858,0.7479836,0.74225473,0.75353855,0.30393556,0.7756128,0.63236165,0.7767658,0.42458045,Stable
0.3869556,0.47068855,0.48814046,0.68171024,0.5160247,0.38826534,0.7049545,0.7571821,0.6998466,0.31199414,0.7459246,0.74002445,0.7504005,0.30011046,0.7749312,0.6249167,0.77567637,0.42300677,Stable
0.39041787,0.4674443,0.48853526,0.68164265,0.5130909,0.3847515,0.7037071,0.75697607,0.7016387,0.31161493,0.745824,0.7413621,0.751461,0.29978877,0.7731607,0.6335292,0.77575016,0.42455065,Stable
0.39208445,0.46505708,0.4895475,0.6822561,0.5145005,0.38446403,0.7032892,0.7554402,0.7023343,0.31031677,0.7455405,0.74344295,0.74828625,0.30316794,0.771268,0.6354891,0.7729223,0.423627,Stable
0.3921331,0.46501923,0.48951444,0.6823053,0.51442444,0.38449442,0.7031602,0.7552706,0.7022469,0.310367,0.74556893,0.7435326,0.7482206,0.30317038,0.7711543,0.635489,0.7728596,0.4235714,Stable
0.39088807,0.4732835,0.48888218,0.68210554,0.51795244,0.38360032,0.698451,0.75229543,0.6999208,0.3113461,0.74658465,0.7455186,0.74693006,0.30306214,0.7711858,0.6368198,0.7702304,0.42161375,Stable
0.38804787,0.4690147,0.4894961,0.67961186,0.5174586,0.38481188,0.7010483,0.7556435,0.7014606,0.31222588,0.74578285,0.7407536,0.7513384,0.29988438,0.77145284,0.6350112,0.77218974,0.4243593,Stable
0.3820293,0.46764752,0.4916603,0.6768563,0.51824313,0.38518947,0.6953795,0.7529465,0.6965005,0.31424922,0.7481644,0.7423382,0.7514782,0.30126593,0.7727253,0.63632303,0.7726656,0.42619523,Stable
0.3855625,0.45468557,0.49066567,0.6761353,0.5154462,0.38753256,0.69684124,0.7515799,0.6953554,0.31333536,0.75034344,0.74514127,0.74964064,0.29962248,0.771304,0.6303642,0.7732863,0.42404336,Stable
0.38544592,0.45441496,0.49060783,0.676229,0.5155119,0.38750815,0.6970073,0.75162303,0.6956069,0.3133108,0.750355,0.74500585,0.74981856,0.29957446,0.771314,0.630347,0.77327156,0.42403492,Stable
0.38874125,0.456671,0.48857754,0.6771766,0.5126399,0.38664994,0.69810975,0.75209546,0.6793535,0.31364363,0.7504181,0.7464642,0.7483126,0.29970026,0.77057695,0.6281225,0.77099955,0.42182553,Stable
0.3883115,0.46508265,0.48844707,0.67763394,0.51126695,0.3870005,0.6971254,0.75264144,0.6775905,0.31474367,0.74949276,0.7461488,0.746243,0.3048256,0.7730094,0.6315359,0.77143043,0.4221581,Stable
0.3935541,0.46257564,0.4892192,0.6774439,0.5103046,0.39035594,0.6994307,0.7536158,0.66624963,0.31430268,0.74840343,0.74075335,0.7399556,0.30809557,0.7743408,0.6295841,0.77477276,0.4246773,Stable
0.3807695,0.46370873,0.490256,0.67705977,0.5116163,0.38689697,0.70046747,0.75490874,0.6766808,0.31699812,0.7493336,0.7438252,0.7394339,0.3026596,0.7750282,0.62916136,0.77566284,0.4243213,Stable
0.38071212,0.4622602,0.4902991,0.67734385,0.5117115,0.3875271,0.7006976,0.75473136,0.67711437,0.3170115,0.74979436,0.7438885,0.73971,0.30266064,0.7754197,0.6290028,0.7758803,0.42433187,Stable
0.39093614,0.4678393,0.4890499,0.67886513,0.5094646,0.39133114,0.70044184,0.75412166,0.67642295,0.31936353,0.7489462,0.7428644,0.7400652,0.30150816,0.77694196,0.63109756,0.77522796,0.4248262,Stable
0.38973698,0.46789652,0.48775744,0.6784028,0.5105697,0.3904748,0.69882244,0.75239325,0.67922425,0.3181505,0.74961376,0.7438504,0.7425191,0.30604404,0.7737443,0.62772834,0.7717962,0.42092347,Stable
0.378808,0.46418843,0.48789448,0.67838943,0.50975364,0.39109036,0.7021762,0.75695527,0.6751585,0.31852815,0.74945545,0.7408229,0.7425148,0.30332556,0.7721748,0.6268524,0.77063715,0.42154074,Stable
0.39230525,0.47505972,0.4869898,0.6785041,0.5070976,0.38980228,0.7008092,0.75791216,0.67244124,0.3189597,0.7503259,0.73823714,0.7422328,0.30511126,0.7699902,0.62760437,0.7673037,0.41679347,Stable
0.39234143,0.47501382,0.4869601,0.678497,0.50711095,0.38981926,0.7008313,0.7578937,0.6723422,0.31898344,0.7503421,0.7381731,0.7422465,0.30517423,0.77002513,0.62756264,0.767298,0.41678554,Stable
0.37925714,0.46861443,0.48740065,0.67832756,0.5070273,0.38992906,0.70108956,0.7573494,0.68051267,0.31738168,0.749269,0.7376735,0.73826766,0.30227068,0.7738049,0.6272558,0.7718178,0.4213665,Stable
0.37388176,0.47667798,0.48784405,0.67705625,0.5085738,0.38824457,0.69749784,0.7578776,0.69854873,0.31437024,0.75130886,0.7400222,0.7380748,0.29997152,0.7740474,0.61955756,0.77233505,0.41984576,Stable
0.37228686,0.47401565,0.48763537,0.67742646,0.50813365,0.39201662,0.6993258,0.7542655,0.68912053,0.31833592,0.75255775,0.7461345,0.7379016,0.29567945,0.77482796,0.61774194,0.7722832,0.41759714,Stable
0.36712503,0.4727667,0.48751807,0.676916,0.5100827,0.3902198,0.6992313,0.7545717,0.69610083,0.3157122,0.7521266,0.7447858,0.74182934,0.29687148,0.77395344,0.6217946,0.7690479,0.40985796,Stable
0.366734,0.4735279,0.48748595,0.6769263,0.5099937,0.3902243,0.69920826,0.7545297,0.6960341,0.31572813,0.7520808,0.74481344,0.741732,0.29743195,0.7738583,0.62173116,0.7689931,0.40983006,Stable
0.36900014,0.46612757,0.48830622,0.6763255,0.5122174,0.39102775,0.69647735,0.7508668,0.69160956,0.31832352,0.7508029,0.7462933,0.74026746,0.29201004,0.7691895,0.6318821,0.7725913,0.41951048,Stable
0.3745056,0.46584636,0.48738205,0.67563915,0.5120886,0.3913723,0.6945133,0.74688697,0.6910839,0.31709352,0.7539103,0.7495719,0.7379398,0.2921369,0.7659292,0.63508534,0.7696481,0.4190441,Stable
0.3703668,0.45930895,0.48950824,0.67650664,0.5071391,0.39180815,0.69951797,0.7539257,0.6847956,0.31769827,0.75157326,0.73508286,0.73461413,0.29523763,0.76843524,0.6291024,0.770797,0.41320747,Stable
0.37192807,0.46207267,0.48986337,0.67865604,0.5068922,0.39174172,0.70944214,0.75565547,0.6857779,0.3178122,0.7521682,0.7293856,0.73473465,0.2963457,0.77312696,0.6259728,0.77547157,0.41297182,Stable
0.37190145,0.46187645,0.48984295,0.6787354,0.50678515,0.39175972,0.7097626,0.7556001,0.6857099,0.31780815,0.75214165,0.72950476,0.73486274,0.2961323,0.77312624,0.62584937,0.775515,0.4128819,Stable
0.36703905,0.4672513,0.48908028,0.677953,0.5060638,0.39229748,0.69804156,0.75449246,0.68080395,0.3211889,0.75717115,0.7306489,0.73745596,0.29345253,0.77687997,0.61938256,0.7773344,0.41296458,Stable
0.36396012,0.47068703,0.488162,0.67570776,0.5031498,0.39400858,0.699011,0.7590631,0.67264664,0.33164588,0.75287735,0.7229745,0.7374734,0.2972168,0.78095645,0.61719805,0.78126234,0.418428,Stable
0.3529533,0.47394317,0.4875422,0.67371714,0.50429153,0.39238614,0.6951189,0.7547719,0.6838095,0.3288533,0.7533931,0.7343925,0.7368061,0.2967082,0.77979267,0.6214515,0.7821023,0.41889572,Stable
0.35632822,0.47854874,0.48795426,0.67473507,0.5044589,0.39139313,0.6921742,0.7518712,0.68773216,0.32185858,0.75569224,0.7430419,0.7412696,0.29251826,0.77773684,0.62937164,0.7826048,0.41925713,Stable
0.35619876,0.47852892,0.48795196,0.6747297,0.50446594,0.3913736,0.69238496,0.75202906,0.6877596,0.3218395,0.7558944,0.7425444,0.7415659,0.29229754,0.77781457,0.6293486,0.7825736,0.4192657,Stable
0.3587113,0.48845476,0.488891,0.6734528,0.50355476,0.39098883,0.6913645,0.75088704,0.68686056,0.3198089,0.7536086,0.7393564,0.74560064,0.2904343,0.77818847,0.62165356,0.7810911,0.42050356,Stable
0.35417998,0.48951912,0.49040517,0.6717802,0.50541806,0.39050502,0.6994281,0.7561154,0.68647957,0.32051796,0.75571245,0.73148745,0.7450637,0.29262358,0.7803659,0.62111753,0.7820196,0.4211895,Stable
0.3536129,0.49067456,0.49095494,0.6731262,0.504102,0.3918217,0.70155066,0.7572924,0.685943,0.32089466,0.75692976,0.7265458,0.7441553,0.29093742,0.78011847,0.6197283,0.7808367,0.4160208,Stable
0.35413015,0.49409172,0.4920337,0.6753856,0.50376993,0.39270794,0.70266974,0.7581775,0.68416584,0.31903762,0.75716674,0.7266242,0.74812126,0.28777817,0.78339905,0.6191848,0.7833867,0.41996914,Stable
0.35394222,0.49426,0.49207664,0.67542624,0.5037744,0.39272887,0.70249665,0.7580956,0.68383664,0.31904772,0.7570242,0.7267256,0.747672,0.28811285,0.78338784,0.6192513,0.78309005,0.41474912,Stable
0.35409212,0.49419624,0.4932239,0.6777859,0.50455964,0.3945269,0.7036221,0.75879014,0.6814172,0.320455,0.7569637,0.7266393,0.7441949,0.28983623,0.7839408,0.62170434,0.78402734,0.4219689,Stable
0.36211845,0.49142453,0.49362433,0.67859364,0.5040104,0.39456546,0.70344657,0.75921345,0.6750219,0.3192046,0.7550292,0.7247747,0.7404422,0.2917187,0.7830672,0.6192731,0.7822529,0.4220773,Stable
0.3739522,0.49131274,0.489011,0.67815983,0.50371957,0.39444113,0.70384467,0.7593478,0.6764053,0.3195793,0.75213665,0.72181344,0.74002695,0.29139996,0.7830727,0.6199584,0.7835624,0.4155645,Stable
0.3699736,0.49731573,0.49318227,0.6793978,0.5021846,0.39451075,0.69976914,0.7575207,0.6768768,0.3267068,0.74989694,0.72888815,0.7386017,0.29271165,0.7809434,0.6214376,0.78224653,0.42125604,Stable
0.369829,0.49734566,0.4932046,0.679386,0.5023227,0.39442298,0.699792,0.7575033,0.67732716,0.3264953,0.7499908,0.7289323,0.7385048,0.2927488,0.78091776,0.6215016,0.7822068,0.42127824,Stable
0.37223372,0.49690288,0.4873321,0.6795505,0.5014072,0.39538622,0.7006254,0.75848,0.67553246,0.323591,0.74947876,0.72708416,0.7410127,0.29011288,0.78053683,0.62178886,0.781846,0.42135233,Stable
0.37159762,0.4996693,0.4875737,0.67989916,0.5013664,0.39497548,0.70111936,0.759351,0.68020296,0.32056743,0.7484038,0.72354805,0.7469009,0.28554642,0.7819228,0.6234598,0.7828506,0.4171847,Stable
0.37404165,0.50174046,0.49240062,0.68082166,0.50361943,0.3953461,0.69969225,0.7585602,0.68271744,0.31940344,0.7477567,0.7228451,0.74523056,0.28987718,0.7821568,0.62437904,0.78348017,0.42376173,Stable
0.3742332,0.5045795,0.4916751,0.6800658,0.50144434,0.39686808,0.6979126,0.7586767,0.6802528,0.31849086,0.74765533,0.72421515,0.7449968,0.2884122,0.78155154,0.6250003,0.7826523,0.42398685,Stable
0.3742058,0.5046174,0.4916552,0.68006194,0.5014398,0.39689213,0.6977872,0.7585761,0.6802869,0.3185296,0.74750257,0.724409,0.74511516,0.28826004,0.78154385,0.62517035,0.78264546,0.42405927,Stable
0.37416625,0.5031799,0.49221823,0.6801859,0.5011853,0.39731693,0.70077884,0.7594656,0.68196523,0.3165611,0.74773836,0.7240994,0.74292386,0.28848317,0.7813951,0.6233901,0.78183556,0.41750395,Stable
0.37418842,0.50305027,0.49296898,0.6793839,0.50071126,0.39755163,0.7026719,0.7584941,0.6794627,0.3169285,0.7476915,0.72396946,0.7423746,0.286718,0.7837981,0.6219883,0.7825371,0.41550463,Stable
0.3743598,0.5036634,0.49277312,0.67908466,0.5026869,0.39527208,0.6990143,0.7535254,0.6799276,0.3159846,0.75143623,0.72640336,0.7372761,0.2909537,0.7821635,0.62218714,0.78271145,0.4150157,Stable
0.37435564,0.50437194,0.4914603,0.6785983,0.5041607,0.39355072,0.7000141,0.7560775,0.6882388,0.3146743,0.7537935,0.72883844,0.74632394,0.28409323,0.78321284,0.62101954,0.7839738,0.41153908,Stable
0.37475738,0.5042654,0.4914508,0.67858386,0.504061,0.39351457,0.69999087,0.75564134,0.6879937,0.31474826,0.7537601,0.7285905,0.745965,0.28438872,0.7834312,0.62086785,0.78414816,0.41150984,Stable
0.37360835,0.50630575,0.48961854,0.67709845,0.50266814,0.39164814,0.6994473,0.7555501,0.68364894,0.31496304,0.7539255,0.7251986,0.7494961,0.28507835,0.7852203,0.62073815,0.78518367,0.41102457,Stable
0.3750677,0.50744754,0.49063623,0.6777239,0.50289404,0.39246532,0.70014346,0.75776166,0.6809896,0.31661925,0.7518272,0.71636623,0.74563,0.28376806,0.7845447,0.6224368,0.7846191,0.41252828,Stable
0.3715311,0.5059851,0.48973116,0.67220414,0.50524545,0.39206702,0.69636935,0.75147307,0.68134403,0.31699386,0.7558879,0.73473966,0.74568886,0.2796355,0.7854726,0.6190981,0.78452075,0.41159654,Stable
0.37325734,0.5050864,0.49018812,0.66829765,0.5057218,0.39207253,0.69384885,0.7517034,0.6802498,0.3167232,0.7575159,0.72165775,0.7505622,0.2780444,0.7824162,0.62077296,0.78311324,0.4129866,Stable
0.37367332,0.50555503,0.49008232,0.6682934,0.5057783,0.39193708,0.69357526,0.7515609,0.6804037,0.31669772,0.7574755,0.7215733,0.75067854,0.27811867,0.7825767,0.6209941,0.7832947,0.41308314,Stable
0.37044284,0.5009566,0.48966283,0.6652562,0.5067507,0.39001128,0.6941208,0.7497854,0.68422973,0.31276995,0.7544092,0.72007155,0.7492479,0.2770598,0.7807801,0.6177269,0.78084517,0.4096553,Stable
0.37037212,0.49801135,0.49068972,0.66349435,0.50548804,0.3896219,0.6994426,0.74958515,0.6921091,0.31119862,0.75478095,0.71867883,0.75065756,0.27640682,0.7819221,0.61705106,0.7817124,0.40713462,Stable
0.36807543,0.4954759,0.49129713,0.66498786,0.50558066,0.39097795,0.697098,0.74911916,0.6852689,0.31395507,0.75385344,0.7222955,0.7501449,0.2783387,0.78204507,0.6188171,0.78284764,0.4089179,Stable
0.36662742,0.4944992,0.4902695,0.66412383,0.50531036,0.3906239,0.6959902,0.74810886,0.6852398,0.3130082,0.7568631,0.7178637,0.7445756,0.27921197,0.7796361,0.6170582,0.7800068,0.40827954,Stable
0.3667409,0.49429223,0.49028775,0.6641523,0.5053292,0.3906047,0.6962755,0.74831057,0.6855016,0.31300285,0.756925,0.7175333,0.74948907,0.27783602,0.7798301,0.61708176,0.7801572,0.408305,Stable
0.3683394,0.49104476,0.49012947,0.6637413,0.5045015,0.3909652,0.69553626,0.7490486,0.68578595,0.31309932,0.7572901,0.7188988,0.74557084,0.2744531,0.7771496,0.61595345,0.7753856,0.4091987,Stable
0.3719878,0.4895719,0.48959553,0.66388243,0.5045943,0.3896529,0.69670933,0.7499218,0.6850611,0.31305873,0.7576549,0.71633446,0.74647796,0.2779208,0.77824855,0.61598116,0.7777855,0.40934086,Stable
0.37259874,0.48922214,0.48953673,0.66416353,0.5092452,0.3897594,0.69723463,0.7491499,0.6861439,0.3146367,0.7533238,0.72335184,0.747432,0.27452162,0.7789468,0.6173146,0.7792318,0.40995857,Stable
0.37517875,0.4916093,0.48985276,0.6635802,0.51141447,0.3897977,0.69659585,0.7482538,0.68518686,0.31434488,0.757589,0.7175282,0.7485775,0.2690819,0.77966756,0.6159458,0.7795581,0.4092909,Stable
0.37506935,0.4918682,0.48981345,0.6635895,0.5113277,0.38978738,0.6965313,0.7482779,0.68510306,0.31422985,0.7575207,0.71752334,0.74851555,0.26890996,0.77940166,0.61610687,0.7793908,0.40932143,Stable
0.3765075,0.49319887,0.49011272,0.6630576,0.5127195,0.38825667,0.69687164,0.7476709,0.68827355,0.3120943,0.7529118,0.7221501,0.75561184,0.27411783,0.77909803,0.61464727,0.7785922,0.4089398,Stable
0.37427795,0.48898768,0.48975524,0.6627327,0.51308507,0.38901544,0.6979672,0.7486889,0.68766415,0.30961195,0.7528226,0.72188175,0.7552111,0.27451572,0.77901435,0.61443096,0.7780541,0.40832317,Stable
0.37544307,0.48898178,0.48975617,0.6631379,0.51296014,0.38891846,0.700652,0.7530714,0.6871826,0.31039977,0.75433934,0.7199191,0.7558651,0.27601224,0.7796228,0.6137791,0.7781858,0.40838632,Stable
0.37241286,0.48845527,0.4893517,0.66315126,0.51401734,0.38920826,0.7037438,0.7533836,0.6887549,0.30913964,0.7569325,0.7162423,0.7553208,0.27688885,0.7799949,0.6132869,0.7781346,0.40739286,Stable
0.37229317,0.48847505,0.48935553,0.6631603,0.51401216,0.3892461,0.70373356,0.7534544,0.6889774,0.30896488,0.75693953,0.7160901,0.75538945,0.27680194,0.77996415,0.6133168,0.7780787,0.4073976,Stable
0.37056243,0.48750895,0.48845905,0.66315174,0.51476896,0.38852918,0.70295095,0.753724,0.6924077,0.30969983,0.75586224,0.7183797,0.7530594,0.27810568,0.7778811,0.6140584,0.7770917,0.40844,Stable
0.3738038,0.48636806,0.48781225,0.6629368,0.51527345,0.38820052,0.7016246,0.7543408,0.69038,0.30945855,0.75599235,0.7195579,0.7533936,0.27683654,0.77775776,0.614953,0.7781873,0.40972897,Stable
0.37407765,0.48444924,0.48712164,0.6623257,0.5134692,0.38870424,0.7022506,0.7532,0.6867639,0.3106025,0.75722635,0.71795094,0.7544346,0.27607322,0.7774056,0.6128355,0.778032,0.40917334,Stable
0.37427765,0.4827156,0.48762807,0.66219234,0.50935435,0.38728124,0.70312256,0.75112665,0.6871357,0.31003994,0.75734794,0.7133074,0.7530018,0.27727297,0.7792554,0.6108376,0.77906865,0.4084053,Stable
0.3746667,0.4824794,0.48764354,0.6621543,0.50935537,0.38735265,0.703088,0.75125283,0.6869203,0.3101188,0.7574777,0.7128191,0.7528783,0.27734208,0.7792389,0.6107961,0.77910614,0.40847036,Stable
0.37415382,0.47829744,0.48743707,0.66209495,0.51036084,0.38682994,0.7052337,0.7493412,0.6909394,0.30366695,0.7561299,0.71287984,0.75635684,0.27464736,0.7805052,0.60908306,0.7795595,0.4083991,Stable
0.3746428,0.47515723,0.48659676,0.6603286,0.51001656,0.3878436,0.7061684,0.7514054,0.6896209,0.30155006,0.7538817,0.7154348,0.7519181,0.27572352,0.7782707,0.6070796,0.77836215,0.40801173,Stable
0.3725301,0.47450805,0.48599154,0.6583472,0.51051587,0.38727948,0.70485616,0.74836624,0.69023335,0.3013029,0.7545871,0.7161684,0.7571184,0.27252886,0.77567625,0.60623276,0.7763134,0.40835488,Stable
0.37318182,0.47366977,0.48600242,0.6587123,0.5124529,0.3876829,0.70134294,0.74705386,0.6909866,0.30144787,0.7546167,0.7101604,0.75603724,0.27263033,0.77576345,0.60833704,0.7763473,0.4095654,Stable
0.37342703,0.4736141,0.48607916,0.6589333,0.51238704,0.3876357,0.7016119,0.74713624,0.6909988,0.30134153,0.7547605,0.71034884,0.755944,0.2725754,0.7756609,0.6081906,0.77620786,0.40945864,Stable
0.37743932,0.47515488,0.48596045,0.6590272,0.5123081,0.3876155,0.69954574,0.747523,0.6925921,0.30124557,0.7513672,0.7024517,0.7568583,0.27304676,0.77437806,0.6079061,0.774644,0.40903717,Stable
0.3762121,0.47407478,0.48589784,0.6563722,0.51306295,0.38628063,0.68692106,0.739982,0.6937462,0.30183005,0.7521338,0.70985544,0.7591438,0.269996,0.7735361,0.60873264,0.7746143,0.40984675,Stable
0.3759819,0.4733599,0.48634315,0.65838456,0.51714766,0.38513848,0.6961918,0.73982877,0.6940994,0.30176753,0.7537326,0.7116267,0.7661028,0.273999,0.7770476,0.6062863,0.7779788,0.40752888,Stable
0.375949,0.4733746,0.48711392,0.6552032,0.5171428,0.38502428,0.6964617,0.73994535,0.69422674,0.30172098,0.7539704,0.71128166,0.7661237,0.27426782,0.77715194,0.6062739,0.7780208,0.4075125,Stable
0.37781128,0.47256005,0.48739812,0.6560256,0.51906896,0.3837522,0.6950394,0.7394711,0.69877076,0.29982215,0.75337124,0.71466184,0.76352924,0.27651098,0.77589595,0.6071176,0.7778379,0.40811753,Stable
0.38215512,0.47015172,0.4859646,0.6578766,0.51959443,0.3836262,0.69540304,0.7401066,0.69700646,0.3007966,0.7517818,0.70753276,0.76085055,0.2711308,0.77618885,0.6076212,0.77931106,0.40882775,Stable
0.3802504,0.47191536,0.48446918,0.65520144,0.51914454,0.38570613,0.6864641,0.7353928,0.69731903,0.2985184,0.75225085,0.72147983,0.7611022,0.27001172,0.7744977,0.6045625,0.77762884,0.40729076,Stable
0.3791145,0.469697,0.48317155,0.6518251,0.51971984,0.3837633,0.68743205,0.7343328,0.6977316,0.29946268,0.7523937,0.72197914,0.7603859,0.27088687,0.77324545,0.602527,0.77411115,0.40523994,Stable
0.3790701,0.46972364,0.4831981,0.6519238,0.5197372,0.38384256,0.6873845,0.7342981,0.69780433,0.29945266,0.75238776,0.7221078,0.7604101,0.27069268,0.77317923,0.6025169,0.7740624,0.4052597,Stable
0.37626156,0.46977186,0.4835467,0.64981794,0.52165407,0.38273272,0.69037074,0.7347611,0.70134425,0.29857197,0.75292027,0.7184791,0.76063883,0.27016878,0.772808,0.60439867,0.7743797,0.4078315,Stable
0.3788308,0.46728694,0.48280022,0.64751506,0.5215403,0.38319433,0.6903679,0.7331972,0.69887984,0.298683,0.75626135,0.71417415,0.75711745,0.26974607,0.7744584,0.6027869,0.7746544,0.40779656,Stable
0.37847158,0.46739146,0.48230168,0.6460533,0.52183706,0.38312587,0.6899488,0.7344913,0.70047486,0.2987593,0.7568917,0.7128555,0.75906414,0.26920938,0.77561164,0.60393494,0.7760598,0.40926394,Stable
0.380303,0.466883,0.4822727,0.6474837,0.5215218,0.38253832,0.69153756,0.73428893,0.7000184,0.29762328,0.75758123,0.71332234,0.75771564,0.26827073,0.7741989,0.6027111,0.7745862,0.406389,Stable
0.380287,0.4668768,0.4822446,0.6475068,0.52151316,0.38250643,0.6915512,0.73427624,0.70002073,0.2976343,0.7575626,0.71342564,0.7577778,0.26832417,0.774138,0.60278237,0.7745763,0.4064177,Stable
0.3864556,0.46548265,0.48326463,0.6477356,0.5235093,0.38352904,0.6951935,0.736459,0.69872826,0.29998577,0.7580422,0.7063235,0.7565037,0.26258013,0.77969706,0.5986713,0.77902,0.40889513,Stable
0.38786238,0.46513176,0.48417264,0.64839137,0.5228782,0.38388336,0.6994643,0.7445352,0.6990103,0.29799655,0.7543203,0.6987051,0.7586739,0.25498208,0.7757613,0.6037759,0.77665055,0.40727907,Stable
0.3830485,0.4677765,0.48640937,0.6499758,0.52158797,0.38424885,0.7001834,0.74521434,0.70036376,0.29749024,0.75519204,0.70443654,0.76216507,0.2587999,0.7735428,0.60446656,0.7740011,0.405604,Stable
0.3844828,0.46635032,0.48681307,0.6519908,0.5209681,0.38473076,0.7007312,0.74493784,0.70068735,0.2976114,0.75393075,0.70378923,0.75984806,0.255423,0.7747636,0.60616934,0.7748417,0.40684605,Stable
0.38448212,0.46632227,0.48683333,0.6519604,0.5209689,0.38469362,0.70085776,0.74498457,0.70065117,0.2976185,0.7539553,0.7035329,0.7596678,0.2553969,0.7748138,0.6060704,0.7748444,0.4067135,Stable
0.38539678,0.4675053,0.48532218,0.6526559,0.519809,0.38575274,0.69997954,0.7459996,0.7000359,0.29828396,0.7526044,0.7038166,0.7595209,0.24876803,0.7758558,0.60694695,0.77820414,0.40738875,Stable
0.38599676,0.4690569,0.4860565,0.65303135,0.5225872,0.38319787,0.7004794,0.7462982,0.70205235,0.29837108,0.75297946,0.7028569,0.76335645,0.25714272,0.7789501,0.60689527,0.78155196,0.40725356,Stable
0.38561615,0.46864685,0.48547655,0.6546423,0.52120215,0.38383806,0.7021185,0.74731386,0.69929326,0.30102,0.7526209,0.7043663,0.7621075,0.25653931,0.77937096,0.60632616,0.7819133,0.40439603,Stable
0.39400563,0.46940368,0.48549578,0.65709585,0.5218005,0.38588795,0.70506287,0.75389934,0.6959957,0.30232745,0.7519121,0.7039098,0.7576403,0.25610644,0.7809285,0.59934515,0.7807969,0.40324423,Stable
0.39441848,0.46947235,0.48556417,0.65730345,0.52177894,0.38581035,0.7051256,0.75392306,0.6960602,0.3023646,0.75188035,0.7039479,0.7576748,0.25621375,0.78104115,0.5994104,0.7809278,0.40320036,Stable
0.39305982,0.46915597,0.48548362,0.6581073,0.51974565,0.38600644,0.6991024,0.7464068,0.69526136,0.30356097,0.7526271,0.70482415,0.75591433,0.25278014,0.77919555,0.59997225,0.7773022,0.40423116,Stable
0.39202935,0.468299,0.48462027,0.6599035,0.5191996,0.38626903,0.69792306,0.74570143,0.6981057,0.30610508,0.75361955,0.7037086,0.7546433,0.26235512,0.77639174,0.6056294,0.77858204,0.40534636,Stable
0.39386448,0.46928835,0.48676357,0.65832555,0.51862955,0.38602388,0.69571847,0.7455139,0.6934327,0.307709,0.75801146,0.7164738,0.7503826,0.26212972,0.7788653,0.60604465,0.7806789,0.40398857,Stable
0.39561236,0.4700513,0.48683152,0.6592748,0.51825887,0.38700223,0.70036364,0.75036144,0.69033307,0.30837464,0.7556652,0.6990974,0.74868727,0.26898223,0.7784567,0.60597265,0.7800132,0.40468082,Stable
0.39565414,0.47004864,0.4868259,0.6592958,0.5181848,0.38703537,0.70035565,0.75024337,0.69020975,0.30846974,0.75572157,0.699011,0.7484447,0.26873243,0.7785155,0.6059278,0.78003114,0.40468916,Stable
0.39704156,0.47123715,0.48601443,0.65999174,0.51959574,0.38731396,0.7002477,0.75373256,0.6893994,0.30870777,0.7557194,0.71485853,0.74861705,0.2718314,0.7785562,0.6069814,0.77864164,0.40551388,Stable
0.396824,0.47250742,0.48671508,0.6595323,0.5205745,0.38490507,0.695297,0.7535409,0.69039047,0.3094914,0.75776976,0.71820927,0.7468867,0.27527952,0.77879995,0.6113422,0.7797507,0.4070755,Stable
0.39862913,0.47742122,0.48803103,0.66132915,0.5217661,0.38520348,0.7014529,0.76044244,0.69496095,0.30991256,0.7550626,0.71571606,0.7491879,0.27733248,0.78251284,0.6122138,0.78294647,0.4084421,Stable
0.38865268,0.47488794,0.48906523,0.6607553,0.52081233,0.38470563,0.7033621,0.7623379,0.69629645,0.30992347,0.7558974,0.71473527,0.753216,0.26401898,0.78233945,0.6126952,0.7832236,0.40702814,Stable
0.3887145,0.47481406,0.48907536,0.66075695,0.5208231,0.384742,0.7033349,0.7623582,0.6960162,0.31006724,0.7558819,0.7147006,0.7531067,0.26393268,0.7822451,0.6126924,0.7831286,0.40698564,Stable
0.39222702,0.47354406,0.48831064,0.6622149,0.5220622,0.38478023,0.7050552,0.76250577,0.6975968,0.30963448,0.7559223,0.7116711,0.75227326,0.27791023,0.78387946,0.61194956,0.7846147,0.4077618,Stable
0.39265785,0.4726959,0.48768827,0.6639061,0.52131873,0.3880046,0.7066257,0.76309127,0.6974602,0.30847582,0.7577627,0.7086906,0.7528027,0.2827109,0.7851651,0.6119868,0.7846205,0.40901113,Stable
0.39703846,0.471107,0.48823985,0.6650052,0.5190476,0.3897023,0.70491576,0.7634126,0.6950513,0.30931872,0.7543418,0.7124889,0.7494377,0.2792018,0.7794627,0.610068,0.7818491,0.40717268,Stable
0.3964092,0.4662865,0.4885971,0.6682161,0.5181978,0.39134353,0.71969116,0.77573407,0.6943368,0.3103373,0.75498235,0.7063699,0.74741954,0.27896163,0.77966654,0.6118734,0.78025764,0.40672773,Stable
0.3968458,0.46637648,0.48863244,0.6681892,0.51803184,0.39121193,0.7074043,0.76606536,0.6942084,0.31039548,0.7549435,0.7065487,0.74804306,0.2840623,0.7796732,0.6118158,0.7803208,0.40671736,Stable
0.40339547,0.46390495,0.48827606,0.67005455,0.5171596,0.39078137,0.70762694,0.769505,0.6966126,0.31042427,0.75368756,0.7179293,0.74571085,0.28124887,0.782089,0.61402947,0.7789935,0.40898034,Stable
0.42012215,0.45947203,0.49159616,0.6761338,0.5155838,0.39174962,0.7067869,0.768729,0.6933509,0.31298766,0.75478005,0.721298,0.7534713,0.28060958,0.7805602,0.6249633,0.78239363,0.41842088,Stable
0.42142424,0.46066517,0.4889792,0.6769675,0.51603067,0.3903147,0.7040116,0.76602834,0.694873,0.31483996,0.75470686,0.7236151,0.7569589,0.27973968,0.7783641,0.62451667,0.78139937,0.410809,Stable
0.41691732,0.4571458,0.48974705,0.6781068,0.5175711,0.39047855,0.7145978,0.7706721,0.69457954,0.31440806,0.7548258,0.72174233,0.75752866,0.28217542,0.7792537,0.628363,0.7823783,0.4196975,Stable
0.41689003,0.45713246,0.48973763,0.6781263,0.5175016,0.3905203,0.714427,0.7705946,0.6944973,0.31447107,0.75481796,0.7220073,0.7575895,0.28214648,0.7792052,0.62843895,0.78236216,0.41977987,Stable
0.41387588,0.44741148,0.48834234,0.67644024,0.519173,0.38935825,0.7145717,0.7726984,0.707128,0.3105166,0.75670254,0.7218999,0.7548775,0.28677624,0.7747904,0.6358441,0.77931064,0.4113458,Stable
0.40968585,0.4386567,0.48903653,0.677685,0.5224971,0.39099956,0.7093792,0.766617,0.69837326,0.31410444,0.7560215,0.7184109,0.7503276,0.2904872,0.777101,0.6283928,0.7792686,0.42022502,Stable
0.4069843,0.4394717,0.48744792,0.67646253,0.5218725,0.39068437,0.7007691,0.7607481,0.6989216,0.31091866,0.7541107,0.72863793,0.7466148,0.28725553,0.7706822,0.63843167,0.7748352,0.41258407,Stable
0.41707212,0.4342364,0.48711205,0.67623514,0.522048,0.39633477,0.70747304,0.76319164,0.6977052,0.30995935,0.75063896,0.70606494,0.74446195,0.2859838,0.7736701,0.6261314,0.77545375,0.41130206,Stable
0.41731998,0.43411136,0.48707956,0.6762643,0.52207965,0.39632183,0.7075171,0.7632067,0.6977694,0.30996552,0.75061977,0.7060852,0.7446021,0.2858771,0.77367413,0.62629014,0.7754699,0.41146243,Stable
0.42044455,0.43295607,0.48643264,0.6779225,0.5231143,0.38838813,0.70467585,0.76244986,0.7024673,0.31241375,0.7535987,0.72195166,0.7519808,0.28916967,0.77301097,0.62690055,0.7751357,0.42014787,Stable
0.42152673,0.43055964,0.48530853,0.67672604,0.52122784,0.3893747,0.7013136,0.7615166,0.69886297,0.3143319,0.7525172,0.72852457,0.7552134,0.28480777,0.7731153,0.6257758,0.7742209,0.41921386,Stable
0.42311022,0.43072963,0.48539072,0.6754345,0.52229667,0.39036685,0.70433164,0.7661896,0.7003262,0.3110655,0.75282276,0.72771347,0.7421893,0.29927117,0.77346075,0.6237836,0.7763707,0.4188854,Stable
0.41615242,0.43332076,0.4814907,0.6716699,0.5235703,0.3855854,0.699442,0.76164067,0.70984983,0.31155372,0.7509483,0.7301508,0.7408769,0.30686313,0.7670479,0.63847905,0.77243507,0.4125712,Stable
0.41607866,0.433369,0.48146206,0.67155707,0.5235771,0.3854725,0.6994197,0.7616086,0.7099396,0.31168473,0.75098085,0.7302866,0.7409565,0.30690068,0.76707315,0.6384547,0.7725775,0.4126092,Stable
0.41699463,0.43123198,0.48179847,0.67049783,0.5240817,0.38393426,0.7011537,0.7618637,0.70370233,0.3112389,0.75121206,0.72526145,0.74445176,0.30561095,0.7703817,0.6238994,0.77234167,0.40979123,Stable
0.41668388,0.43054438,0.48290354,0.6703302,0.5229646,0.38522828,0.7007946,0.76228964,0.7028043,0.30940586,0.753463,0.73061466,0.74489844,0.29962826,0.77034175,0.6233547,0.7730963,0.41776568,Stable
0.418892,0.42690504,0.48295707,0.66936755,0.5250599,0.38730413,0.7012781,0.76293945,0.7019431,0.3095841,0.7536162,0.7278305,0.74396646,0.30138695,0.77167386,0.6250061,0.77607507,0.4208492,Stable
0.41623542,0.43049437,0.48144048,0.6697278,0.5241371,0.38838777,0.7018208,0.76228666,0.7038802,0.31268257,0.75501525,0.7262921,0.75038594,0.30041543,0.7725824,0.626331,0.77650595,0.42218968,Stable
0.4160481,0.4309038,0.48101315,0.6694057,0.52426755,0.38817704,0.70091176,0.76185584,0.7042789,0.31292814,0.7552373,0.7285657,0.7513704,0.30089784,0.772752,0.62648815,0.77669924,0.4222852,Stable
0.41606134,0.4312744,0.48114,0.67479455,0.5199176,0.3921864,0.7011291,0.76160264,0.7079589,0.31330913,0.75215995,0.7238321,0.7494856,0.30103546,0.76744074,0.6337477,0.7725536,0.42236805,Stable
0.42207858,0.4330442,0.48445147,0.67539465,0.5222006,0.38932106,0.7128743,0.7736659,0.70577586,0.31461027,0.7535326,0.72564715,0.75197786,0.29636198,0.7735783,0.62578034,0.776237,0.42595506,Stable
0.42818284,0.4372102,0.48348337,0.67802846,0.521124,0.397073,0.7009172,0.7602031,0.69559026,0.3162101,0.75223964,0.7311744,0.7462379,0.29843155,0.76716626,0.6256546,0.76768374,0.42320955,Stable
0.4210657,0.43551028,0.4790088,0.680006,0.5218902,0.39619917,0.7059717,0.7678205,0.70985335,0.31293002,0.7564212,0.7312808,0.74160016,0.3018675,0.7659925,0.63613576,0.76792234,0.42354894,Stable
0.42105263,0.43581814,0.47894132,0.6800158,0.52182347,0.39617285,0.7058785,0.7678319,0.7095782,0.31302857,0.7564821,0.7311901,0.74173754,0.30173218,0.7660436,0.63609827,0.7679765,0.42354846,Stable
0.4181285,0.43604195,0.48131442,0.6822761,0.5221674,0.39827424,0.7093077,0.7726766,0.71178854,0.31281304,0.7560517,0.73189515,0.74349374,0.30260608,0.7646847,0.6506965,0.7704632,0.42527723,Stable
0.41804236,0.43793893,0.48423213,0.6832203,0.52145827,0.3943798,0.7061128,0.7733755,0.7105779,0.3142483,0.7500057,0.7327255,0.7486303,0.30525202,0.76729244,0.65611064,0.7717008,0.42751032,Stable
0.42427444,0.44311398,0.48594996,0.6837636,0.52004087,0.39785486,0.69292057,0.7621453,0.70991397,0.31509385,0.74594164,0.745492,0.75131845,0.28426138,0.76428,0.65590787,0.7685207,0.4272295,Stable
0.41627938,0.4479296,0.48619854,0.6840863,0.52107066,0.39777848,0.70929164,0.7880454,0.6987232,0.31453955,0.7490787,0.7393129,0.74804294,0.2690454,0.76310897,0.6589925,0.76914644,0.42710978,Stable
0.41623542,0.44776255,0.48611152,0.6841116,0.5240368,0.40177542,0.7092706,0.78816885,0.6984722,0.31451598,0.74890184,0.7395181,0.74796164,0.26917014,0.7631244,0.6589482,0.7691978,0.42682123,Stable
0.42123884,0.4495804,0.48338795,0.6894553,0.51959556,0.40454572,0.7117509,0.792653,0.6900005,0.31223792,0.75227565,0.75974596,0.751264,0.26536214,0.7685303,0.65940934,0.77399087,0.42498574,Stable
0.42612314,0.45309672,0.48419628,0.6966232,0.5175384,0.40174836,0.7126002,0.79264903,0.6949922,0.3170877,0.75320566,0.7662344,0.7530629,0.2553431,0.76901245,0.65929794,0.7725219,0.42313242,Stable
0.426578,0.45550305,0.48305425,0.6954552,0.5183935,0.40338334,0.700278,0.7843962,0.6900072,0.32002386,0.7553901,0.7457844,0.7579628,0.24662589,0.7662739,0.6636031,0.77143776,0.42444217,Stable
0.4253344,0.44906288,0.4822424,0.69495744,0.51826066,0.4011875,0.7069308,0.7905159,0.67759705,0.31991154,0.75329804,0.7655036,0.7554605,0.24716312,0.7684367,0.6588421,0.77276444,0.42131126,Stable
0.42543513,0.4488978,0.48241097,0.6950923,0.51840144,0.401236,0.7078284,0.79067296,0.6778743,0.31998056,0.75328195,0.7651229,0.75525415,0.24736623,0.76864165,0.6588406,0.7729564,0.42131734,Stable
0.42205057,0.44757742,0.48696774,0.6995062,0.5184886,0.40641809,0.6940484,0.77748436,0.6943125,0.31899363,0.75363886,0.76129484,0.75618684,0.24851446,0.76971215,0.6601405,0.77851075,0.4239365,Stable
0.42297837,0.45881617,0.48469555,0.6983161,0.5154321,0.40848625,0.70290774,0.7890703,0.6778232,0.32177812,0.753947,0.75754255,0.76264095,0.22672097,0.7688672,0.6591212,0.7786466,0.42563686,Stable
0.418684,0.4529457,0.48318967,0.69871944,0.516442,0.4095969,0.7078058,0.78984225,0.6919217,0.31850642,0.7582495,0.74297637,0.7625119,0.228227,0.77390933,0.6590644,0.78029746,0.42282087,Stable
0.41629326,0.45988902,0.48729914,0.6990521,0.5174072,0.4072083,0.7184283,0.7963149,0.6938245,0.31701845,0.7550638,0.732686,0.7559716,0.24826741,0.7796745,0.64770174,0.7836825,0.42194805,Stable
0.41621357,0.46024752,0.48726794,0.69900674,0.5173608,0.4072381,0.7185483,0.7963602,0.6936938,0.31699443,0.7551466,0.73261034,0.7560724,0.24818599,0.77972716,0.64769775,0.78377837,0.4220148,Stable
0.42543936,0.4583659,0.48561165,0.70432186,0.5164307,0.40846783,0.7160406,0.7964763,0.6823399,0.31982392,0.7497782,0.7495925,0.7550477,0.24583046,0.78268975,0.63528496,0.7848062,0.41043228,Stable
0.42085847,0.4596421,0.48556197,0.7036239,0.5131976,0.4120942,0.7174276,0.79932654,0.67557764,0.32233685,0.7562746,0.7451519,0.7519235,0.19269124,0.779233,0.6468482,0.7812258,0.42243236,Stable
0.42293012,0.47172093,0.48452398,0.7025184,0.51329994,0.4074638,0.7097019,0.7967993,0.6755589,0.31856567,0.7571001,0.7454723,0.7580377,0.19483742,0.7792756,0.65116537,0.78279066,0.42306122,Stable
0.42475575,0.4807341,0.48719522,0.7042254,0.509143,0.40796357,0.71496034,0.7979659,0.6742162,0.31733418,0.7567773,0.7337506,0.75778526,0.19632906,0.7787343,0.64893436,0.78269196,0.42359516,Stable
0.4247485,0.48072875,0.48714647,0.7043047,0.5091326,0.4079209,0.71512985,0.7979035,0.6743731,0.3172588,0.7568034,0.7335788,0.7577994,0.19622175,0.778568,0.64898455,0.7825593,0.42346272,Stable
0.4146508,0.4826305,0.48457226,0.7041449,0.5119754,0.40984726,0.7174264,0.79895055,0.6704058,0.31544068,0.75600135,0.7287595,0.7581441,0.1965575,0.77667236,0.6480873,0.7823515,0.4256143,Stable
0.41634977,0.4761365,0.48361343,0.70445704,0.5098511,0.4072013,0.7082993,0.79680276,0.66249263,0.30841547,0.7514702,0.74064934,0.7597561,0.191074,0.7756444,0.63861287,0.77957034,0.42541432,Stable
0.41010317,0.4784294,0.48289144,0.703807,0.5042728,0.40470916,0.72310007,0.80022544,0.6673062,0.29880506,0.75846624,0.7294105,0.7577693,0.19132909,0.7792907,0.6446971,0.78297484,0.4228195,Stable
0.4025172,0.47761935,0.48215628,0.7046685,0.5069523,0.40461335,0.7215154,0.80797136,0.65192795,0.29538018,0.7505791,0.7263841,0.75209063,0.18774512,0.7769649,0.6412636,0.78028935,0.42229825,Stable
0.40196198,0.47778064,0.48235187,0.7046188,0.5070349,0.40446648,0.72149444,0.80789864,0.652058,0.2950867,0.75063133,0.72663516,0.7521622,0.18770337,0.77727765,0.6412081,0.7805308,0.4222618,Stable
0.4120092,0.47865126,0.48081243,0.7056792,0.50347805,0.40231377,0.7267205,0.8102378,0.6602812,0.28018397,0.7521035,0.7276398,0.7460849,0.15837474,0.7713846,0.645468,0.77849996,0.42249283,Stable
0.40632352,0.4734448,0.4828745,0.70720047,0.50814104,0.39940378,0.7395563,0.8249466,0.6560942,0.26690638,0.7553391,0.7211157,0.76083887,0.1321823,0.77935046,0.64223,0.78421044,0.41828865,Stable
0.4073341,0.4702332,0.48059076,0.70652187,0.5030663,0.39571664,0.7420472,0.8232655,0.66078234,0.25161773,0.75489444,0.707525,0.758239,0.110646114,0.77655023,0.63655055,0.7767471,0.4011976,Stable
0.39429545,0.46994776,0.4809724,0.7061042,0.5026879,0.39450702,0.7438633,0.8142431,0.66529465,0.23248246,0.7554929,0.7000801,0.75185597,0.09497313,0.7755202,0.6354499,0.7743539,0.3986592,Stable
0.39436436,0.46952218,0.48104918,0.70614195,0.5027876,0.3945738,0.74379337,0.81415886,0.66516733,0.23248754,0.7553685,0.70010775,0.75193727,0.095188156,0.7755007,0.63550234,0.7744283,0.3987633,Stable
0.3923713,0.4705145,0.4816304,0.7061486,0.5041839,0.38539743,0.7463411,0.8214904,0.6641551,0.22693942,0.7565087,0.68273544,0.7599157,0.07951103,0.7787576,0.6346575,0.77637833,0.398383,Stable
0.39304656,0.46900338,0.48235852,0.70556617,0.4973863,0.3859037,0.7449058,0.818962,0.6586927,0.23596373,0.7584901,0.6853566,0.7530235,0.09365094,0.7782937,0.62401366,0.7759039,0.39632413,Stable
0.38696122,0.4704499,0.48056924,0.7059189,0.49768025,0.38118225,0.7410066,0.82082933,0.6628667,0.21288364,0.76015663,0.6860074,0.75336444,0.07747909,0.77304643,0.62584054,0.76978886,0.38673878,Stable
0.39395154,0.4701315,0.47716373,0.70689195,0.49575722,0.37949872,0.74139273,0.82453346,0.6610386,0.20703726,0.76044714,0.6847122,0.76517177,0.058279008,0.77006793,0.63559365,0.7716367,0.39657116,Stable
0.39393932,0.47009748,0.47726965,0.70691967,0.49581715,0.37958738,0.74142444,0.8246357,0.66112226,0.20684415,0.76042473,0.6847512,0.7652941,0.05817194,0.770019,0.6356717,0.7716824,0.3967284,Stable
0.38378224,0.46838838,0.4734009,0.70704216,0.4945619,0.37913355,0.7282152,0.80337614,0.6563641,0.210376,0.7572621,0.6739347,0.75627255,0.050122157,0.7688625,0.62335956,0.7671071,0.3820187,Stable
0.38376886,0.46898517,0.47140265,0.7070265,0.49466646,0.3754213,0.7414097,0.8191699,0.6573255,0.20409897,0.7573589,0.67242575,0.7602276,0.046545368,0.7694968,0.6267581,0.7685026,0.39367348,Stable
0.38747606,0.46609092,0.47779024,0.7040178,0.49741864,0.37738776,0.7437048,0.8162181,0.65834296,0.2056677,0.7580697,0.6634918,0.75809497,0.049285896,0.7714164,0.6256283,0.7704917,0.39345634,Stable
0.39829338,0.4619552,0.47550058,0.70274687,0.49235862,0.3753639,0.7420722,0.8139281,0.6584435,0.20599413,0.7566961,0.6815242,0.75939524,0.04927341,0.7693074,0.62421656,0.7694733,0.39076525,Stable
0.39753616,0.46168894,0.47538745,0.7027718,0.49217123,0.37537774,0.74209535,0.8141672,0.6582477,0.20634487,0.7568032,0.68156135,0.7592697,0.049352497,0.76917,0.62417614,0.769324,0.39060092,Stable
0.39750227,0.4623961,0.47318265,0.7014851,0.49525493,0.37693474,0.7380268,0.8110293,0.6596827,0.20883092,0.7514601,0.6809351,0.7569121,0.047786828,0.7650699,0.6360588,0.76862097,0.3965385,Stable
0.40109667,0.46205208,0.47396907,0.698589,0.4965824,0.3730689,0.7402781,0.81077373,0.66234326,0.2026189,0.75443876,0.67899054,0.7537191,0.06419884,0.76796144,0.62549174,0.76849955,0.39311665,Stable
0.40188655,0.46017465,0.47541687,0.695549,0.49585757,0.37083393,0.7379385,0.81049454,0.6572687,0.20930794,0.7591781,0.679589,0.73142755,0.095801674,0.7653362,0.63495505,0.76884997,0.39726084,Stable
0.40817052,0.45925063,0.46795738,0.69076556,0.4996216,0.36725867,0.7260332,0.79925656,0.6605377,0.20010558,0.75746006,0.6806058,0.7542361,0.068482086,0.7693147,0.61898494,0.76885736,0.39550006,Stable
0.40835807,0.4592838,0.46788046,0.6908263,0.49969703,0.36742437,0.7262115,0.7991909,0.66067374,0.19985336,0.75762004,0.6805382,0.754305,0.06819523,0.76930165,0.6188396,0.7688774,0.39543623,Stable
0.3946,0.45446682,0.47179458,0.69145674,0.4979397,0.36535448,0.7253389,0.79752415,0.6605073,0.20044947,0.76173234,0.6735274,0.75221413,0.06790268,0.76551104,0.6257311,0.76743066,0.39408585,Stable
0.40304023,0.45497984,0.46744007,0.6896784,0.5013399,0.365479,0.72916865,0.8022939,0.658077,0.2013166,0.7611982,0.67487705,0.7516779,0.062080137,0.76911044,0.6197718,0.76876307,0.39546582,Stable
0.39903504,0.4542982,0.46693772,0.6876187,0.500474,0.36861342,0.73000187,0.7972266,0.6601264,0.19848996,0.76275265,0.67597973,0.7516613,0.055406764,0.7712385,0.6181062,0.770214,0.3927189,Stable
0.39649338,0.45391655,0.4717884,0.68407315,0.5006323,0.36847115,0.72514004,0.7889835,0.6582701,0.2015115,0.7617384,0.6770071,0.751023,0.05754885,0.76978993,0.6190449,0.76881355,0.39431155,Stable
0.39458704,0.4537847,0.47174013,0.6839577,0.5004439,0.3684557,0.7250588,0.78899825,0.6583342,0.20148288,0.76174325,0.6769478,0.7509591,0.05748671,0.7699059,0.61905515,0.7689227,0.394225,Stable
0.39457223,0.45503613,0.46705258,0.6845147,0.5006817,0.36798233,0.73257583,0.79221106,0.65905094,0.20024237,0.7642232,0.66418695,0.7524838,0.058194097,0.77275765,0.6116587,0.7690294,0.3863177,Stable
0.39030588,0.45169878,0.46569002,0.684617,0.4987626,0.36601305,0.73590875,0.7888721,0.65793055,0.20253925,0.768106,0.6563984,0.7513048,0.056587674,0.77129686,0.61658615,0.76984704,0.38946104,Stable
0.38431668,0.45525533,0.46706697,0.6851015,0.4966991,0.36217898,0.7235106,0.7869768,0.6593894,0.20144138,0.76644826,0.6603553,0.747604,0.055213824,0.7723824,0.609539,0.7674507,0.37969047,Stable
0.38416153,0.4594518,0.46619934,0.68363225,0.49591297,0.36040542,0.73255026,0.787435,0.6603749,0.19937578,0.763417,0.654815,0.75333476,0.060250662,0.7700974,0.6092454,0.76711935,0.3807161,Stable
0.38420463,0.45944893,0.4662261,0.6836118,0.4959339,0.36040577,0.73258656,0.7874545,0.6603803,0.19936138,0.7634691,0.6546077,0.7533409,0.060203325,0.7700584,0.60925144,0.7670755,0.38076895,Stable
0.38269147,0.46095937,0.46885228,0.68253773,0.495666,0.3597599,0.7393815,0.80064464,0.65398,0.21082899,0.7638736,0.6550394,0.75239,0.06698756,0.77124417,0.60851204,0.7687545,0.38024867,Stable
0.38297376,0.46221733,0.46929356,0.6817023,0.4981757,0.35855782,0.7412832,0.8000747,0.65925837,0.19892561,0.76533866,0.6473161,0.7529141,0.06126064,0.7720462,0.6077244,0.7689459,0.3807475,Stable
0.38181114,0.46041912,0.46806893,0.6812312,0.50027716,0.35896707,0.7409503,0.8002058,0.6605959,0.19677876,0.76524866,0.64934886,0.7489258,0.05507217,0.77482605,0.6080877,0.77011895,0.38157636,Stable
0.38143235,0.45973384,0.4665619,0.68126696,0.50194305,0.35791415,0.7406287,0.80049914,0.6630778,0.19562314,0.7652614,0.6485255,0.7534694,0.04890695,0.77437496,0.6078434,0.77071464,0.3809386,Stable
0.38193426,0.45993647,0.46675175,0.68139267,0.50212926,0.3578412,0.74074286,0.8005042,0.66312695,0.19568592,0.7656746,0.64803505,0.75402236,0.048259795,0.77472115,0.6076001,0.770919,0.38076055,Stable
0.38444644,0.45887706,0.46595365,0.6817905,0.5020837,0.3582866,0.7392828,0.80131245,0.6639826,0.19016019,0.7646638,0.65162325,0.75800437,0.048112974,0.7739538,0.60773396,0.7696283,0.381931,Stable
0.39341915,0.4610905,0.4666041,0.6833496,0.5061326,0.35978755,0.7391147,0.8026435,0.6639599,0.1955185,0.7660188,0.65903556,0.7610005,0.049057856,0.7755717,0.6095066,0.77140063,0.38457888,Stable
0.39047194,0.4599455,0.46656835,0.6835619,0.5029204,0.36172318,0.7392864,0.8035342,0.66050893,0.19900188,0.7661735,0.658931,0.7613034,0.046352744,0.77698743,0.6113634,0.77356493,0.38581574,Stable
0.38498795,0.45552844,0.46521854,0.68267596,0.5016088,0.363062,0.7396717,0.8043117,0.6582874,0.20828328,0.7653979,0.6588243,0.76013577,0.04713118,0.7754152,0.60778546,0.77275276,0.38296634,Stable
0.38489398,0.45562392,0.46526155,0.6826869,0.5016,0.36312088,0.73961204,0.8042254,0.658237,0.20814626,0.765407,0.6587807,0.7602178,0.04696261,0.7753862,0.6078454,0.7727134,0.38295922,Stable
0.38091025,0.45421743,0.4637934,0.68228835,0.5007348,0.360403,0.74071705,0.8038316,0.6624273,0.20071791,0.76647353,0.65384746,0.76069605,0.045411266,0.7732929,0.6070409,0.7729589,0.38190162,Stable
0.38007462,0.45411262,0.46729895,0.6792824,0.49822304,0.35961223,0.73006505,0.7903132,0.6627562,0.20326816,0.76747024,0.64430004,0.7562856,0.06590127,0.77342653,0.6024711,0.76995033,0.37904474,Stable
0.37452447,0.4519483,0.46871555,0.67874694,0.50169456,0.3578993,0.7400238,0.8003668,0.6619682,0.19520883,0.7657629,0.6482873,0.7601956,0.04717829,0.77306545,0.6019167,0.76938766,0.37604558,Stable
0.3673098,0.45009828,0.4660378,0.6763186,0.49907702,0.35416108,0.74001276,0.7989663,0.6622417,0.19810307,0.77071095,0.6366712,0.75409406,0.045596298,0.77406645,0.5952518,0.7675526,0.36524457,Stable
0.36737537,0.4501456,0.46600947,0.67623734,0.49908686,0.3542455,0.7399236,0.79886556,0.66222876,0.19821492,0.77059734,0.636862,0.753977,0.04565256,0.77410764,0.59529614,0.76761764,0.3651751,Stable
0.36976743,0.45173758,0.46596187,0.6762902,0.49943408,0.35369933,0.73930645,0.7990364,0.65852934,0.20330933,0.76890635,0.64159226,0.7547905,0.04777895,0.7714007,0.59666395,0.7655594,0.37394187,Stable
0.3732197,0.45326743,0.46771675,0.67771626,0.5007829,0.35290548,0.74097264,0.79854894,0.6600034,0.1961246,0.7702906,0.6253252,0.7610576,0.046552196,0.77002376,0.60341406,0.76520014,0.37340784,Stable
0.37251675,0.45118532,0.46859336,0.6780329,0.49960202,0.3508303,0.74055386,0.797115,0.66165876,0.18940374,0.76665205,0.59949374,0.75068086,0.050883457,0.7696949,0.6038463,0.76556414,0.37437958,Stable
0.37239295,0.45243272,0.4676715,0.6782217,0.49729905,0.35214436,0.7410003,0.79903877,0.66045773,0.19472876,0.76863945,0.6411594,0.75171745,0.049993664,0.76854587,0.6006327,0.7662275,0.37231812,Stable
0.3721103,0.45223138,0.46770692,0.67824864,0.49725747,0.35208756,0.7410013,0.7990746,0.6604099,0.19463736,0.76862925,0.6412744,0.7516537,0.049878955,0.76869005,0.60071266,0.76631534,0.37230885,Stable
0.36755678,0.45708132,0.46642157,0.6776396,0.4972384,0.35397205,0.7395805,0.80078197,0.6569751,0.2014858,0.76180714,0.6537969,0.75196046,0.06351787,0.7667928,0.6007365,0.765942,0.37597406,Stable
0.36265844,0.4592496,0.4661932,0.6787797,0.49805087,0.35621938,0.7333884,0.78955007,0.65657127,0.20164573,0.7692362,0.63987225,0.7513301,0.059079282,0.77021396,0.60322845,0.76760566,0.3780551,Stable
0.35832486,0.45981908,0.46658215,0.67987275,0.49826834,0.35718805,0.7273114,0.7871535,0.66069484,0.19051051,0.77138466,0.6394569,0.7559902,0.050186455,0.7718996,0.6033697,0.7674965,0.37566587,Stable
0.3577739,0.45878375,0.4679126,0.6807735,0.4977427,0.35759395,0.7369634,0.79128855,0.654155,0.20094495,0.7673793,0.6465033,0.7514512,0.057543255,0.77318615,0.6075914,0.76865184,0.3794185,Stable
0.35780725,0.45868105,0.46795702,0.6808816,0.49780902,0.35752058,0.7369504,0.7913198,0.6542636,0.2007092,0.7673506,0.64668906,0.75140774,0.057418652,0.7732331,0.6076648,0.76866406,0.37939596,Stable
0.35651493,0.4610073,0.46205848,0.68162465,0.49807745,0.35671282,0.73556584,0.7939441,0.65524995,0.19655034,0.76745844,0.64965475,0.7510804,0.051436514,0.77215046,0.60555667,0.7681738,0.37878615,Stable
0.35535893,0.46282846,0.4613763,0.68360436,0.49816746,0.3561766,0.73799074,0.79498905,0.65982765,0.1866896,0.77108735,0.6547873,0.75334233,0.049255796,0.7732381,0.60763586,0.76873934,0.3797023,Stable
0.35213482,0.46623275,0.46122012,0.6820799,0.4972673,0.35515222,0.73898333,0.800625,0.6616157,0.17990497,0.7722571,0.6547374,0.7528268,0.046603628,0.7734775,0.60791403,0.7698251,0.37989387,Stable
0.34946856,0.46713006,0.46187687,0.6837036,0.49600738,0.35507858,0.7412338,0.80021894,0.66169786,0.18278089,0.77279425,0.6545895,0.751301,0.04835656,0.7742557,0.6076706,0.77019185,0.37786087,Stable
0.3494594,0.46709833,0.46188188,0.6836535,0.4960732,0.3552109,0.7412162,0.80021775,0.66166425,0.18293409,0.7728588,0.65458494,0.7515042,0.048131555,0.7741915,0.60784674,0.77010715,0.37817797,Stable
0.34742758,0.4698308,0.4618375,0.6831488,0.4963356,0.3534883,0.7402433,0.800883,0.65919983,0.18715993,0.76946855,0.661155,0.74993086,0.04779242,0.7731215,0.6059079,0.7703578,0.3771419,Stable
0.34578332,0.47063884,0.462599,0.6819701,0.49576306,0.3546041,0.73268175,0.79491305,0.65501606,0.1936217,0.7658302,0.674431,0.7448429,0.04876983,0.7726275,0.60459775,0.7687614,0.36824125,Stable
0.3487566,0.46985576,0.46259457,0.683541,0.49789712,0.3523506,0.7372398,0.79571784,0.65466255,0.19289273,0.76449215,0.66775596,0.743371,0.047983088,0.77298224,0.6078151,0.7694265,0.37783188,Stable
0.34612495,0.46952507,0.46383923,0.6843724,0.5001075,0.34912407,0.73653764,0.79586256,0.6571164,0.18678015,0.7625017,0.66777575,0.7434646,0.048037037,0.771819,0.60905993,0.7685346,0.3786651,Stable
0.3460451,0.46966216,0.4637749,0.68433034,0.50007737,0.3492163,0.73657167,0.7958858,0.6571018,0.18666366,0.76258934,0.6675614,0.74345267,0.048013132,0.77179897,0.6091076,0.7684914,0.3787669,Stable
0.345589,0.4701309,0.46272486,0.68497205,0.49936002,0.3504898,0.7378645,0.79913723,0.6554093,0.18772328,0.7633196,0.6618676,0.746655,0.051790785,0.77194184,0.60984373,0.76997656,0.37981212,Stable
0.3453785,0.46880826,0.4622138,0.6856576,0.49879533,0.35096204,0.7428361,0.8032664,0.6556722,0.18368044,0.7648356,0.6510242,0.7430269,0.049410127,0.7707388,0.60880226,0.76857775,0.37878776,Stable
0.34662688,0.47027093,0.46191502,0.68630743,0.49741805,0.3498711,0.7418554,0.802035,0.6521802,0.18871902,0.76663935,0.6477138,0.7397928,0.05129608,0.77040565,0.60867584,0.7666802,0.37722182,Stable
0.35053557,0.47180033,0.4624989,0.68733835,0.49880582,0.3501131,0.7417489,0.80190337,0.65335786,0.18727171,0.7684473,0.6462895,0.7410404,0.05373487,0.7738527,0.60905397,0.77081054,0.37795615,Stable
0.3504277,0.47176903,0.46249628,0.68732995,0.49875605,0.35001215,0.74174595,0.8019128,0.65309143,0.18753259,0.7685043,0.64620364,0.7409513,0.05409382,0.77378786,0.6091167,0.77076554,0.3779562,Stable
0.3477398,0.47206056,0.46341252,0.68701756,0.49802253,0.3500733,0.7411678,0.8019973,0.6533136,0.18928365,0.7643771,0.65139616,0.7403437,0.05199361,0.7734994,0.6078003,0.7705953,0.37689266,Stable
0.34767532,0.47213638,0.46373308,0.6861285,0.49823722,0.34938166,0.7421349,0.8013711,0.65264094,0.19186157,0.76827407,0.6454872,0.74064136,0.05223675,0.7741852,0.6102871,0.77034473,0.37748024,Stable
0.34751654,0.47157916,0.46312225,0.6855705,0.49792963,0.35236356,0.7433645,0.80288184,0.6476902,0.20617655,0.7628641,0.6493609,0.7400436,0.05239367,0.7710454,0.6116506,0.76699805,0.38135153,Stable
0.34802267,0.4719691,0.4637878,0.68499935,0.49654055,0.3526487,0.74031085,0.8019438,0.64665353,0.20690784,0.76739997,0.6612014,0.7421422,0.05544358,0.7717821,0.60849106,0.7671224,0.37994584,Stable
0.34798345,0.47195017,0.46377012,0.6849903,0.4964715,0.35269123,0.74014556,0.8017761,0.6465372,0.20710084,0.76734185,0.66138697,0.74199384,0.055630967,0.7717394,0.6085323,0.76706195,0.38009128,Stable
0.35006994,0.471374,0.463224,0.68460023,0.49641475,0.35302478,0.7390374,0.80137837,0.64598185,0.20440851,0.7716526,0.64262486,0.740055,0.05369994,0.77349627,0.6057315,0.7682501,0.36763713,Stable
0.3502475,0.4707812,0.46306103,0.6833985,0.49661416,0.35198706,0.7411436,0.79922485,0.6493628,0.19825083,0.771523,0.642784,0.7434849,0.05075127,0.7755852,0.6075484,0.7689931,0.36632407,Stable
0.3499379,0.47157937,0.46250734,0.6825137,0.49504048,0.35461006,0.7403563,0.8012354,0.64737654,0.20013478,0.7724756,0.6446791,0.7448988,0.053750403,0.7756402,0.6051716,0.76891303,0.3668385,Stable
0.34591508,0.4691027,0.46476144,0.68210524,0.49808273,0.35318208,0.7432803,0.80384344,0.6473327,0.19952607,0.7751875,0.638551,0.74343413,0.05070869,0.7757994,0.60594213,0.7724842,0.37614083,Stable
0.34587786,0.46911168,0.46473417,0.68209946,0.49801415,0.353119,0.7432803,0.80387616,0.64729905,0.19957566,0.7751744,0.6386681,0.7433492,0.050803453,0.7758629,0.6058042,0.77257097,0.3759831,Stable
0.34751102,0.4656278,0.4642642,0.6806909,0.50025064,0.34912333,0.74352187,0.8010539,0.65163517,0.19434237,0.76783264,0.6462171,0.7448858,0.049133297,0.7732123,0.6024472,0.77317303,0.3741777,Stable
0.35146487,0.46169287,0.4654097,0.6811379,0.49898836,0.35028848,0.7424997,0.79827404,0.6563864,0.18562005,0.7710747,0.6259568,0.7473427,0.05146618,0.77680516,0.6047441,0.7735034,0.37486777,Stable
0.35231656,0.45339736,0.46736833,0.6805848,0.5037595,0.34938276,0.7436883,0.798778,0.66008675,0.17789537,0.7683672,0.6269228,0.7520882,0.044676207,0.7756896,0.6057199,0.77308726,0.37504047,Stable
0.34848166,0.44629443,0.46505493,0.67858326,0.5010603,0.34971833,0.74477386,0.79238796,0.6611738,0.17404006,0.76496613,0.6045684,0.7551788,0.044839364,0.7748791,0.60263366,0.7732904,0.37306845,Stable
0.34840402,0.44631714,0.46507174,0.6785549,0.5010247,0.34969515,0.7447445,0.7925481,0.66114455,0.1740359,0.7649061,0.6044073,0.7552109,0.04485179,0.77479666,0.6025436,0.7731876,0.37303412,Stable
0.35599154,0.43503243,0.4682867,0.6770398,0.5012395,0.34913248,0.7429619,0.79391974,0.65750414,0.1799954,0.7617122,0.6369206,0.74874425,0.04795993,0.7706117,0.598838,0.76770794,0.3616999,Stable
0.36540896,0.42987832,0.4713244,0.67666614,0.4997384,0.34920773,0.7408377,0.7846508,0.6609118,0.17981838,0.7598933,0.6508045,0.75047916,0.04849919,0.7731795,0.5970467,0.7700391,0.36187157,Stable
0.3748562,0.42092595,0.47073933,0.6690786,0.49513137,0.35147107,0.7320936,0.77050346,0.65772355,0.19193447,0.76001567,0.6495377,0.75143975,0.04436578,0.7650579,0.595605,0.76423323,0.36317343,Stable
0.3886584,0.41167384,0.47054383,0.6616262,0.49321088,0.35061347,0.7353643,0.7650098,0.66076535,0.1875161,0.7609791,0.64754397,0.7546069,0.033732317,0.76601005,0.58451545,0.7641604,0.3555737,Stable
0.38749358,0.4112094,0.4704948,0.6616183,0.4931656,0.35060287,0.73542404,0.7650814,0.66100234,0.18706304,0.76109666,0.6473703,0.75477314,0.03306307,0.7661544,0.58461833,0.7642598,0.3554085,Stable
0.37590262,0.39263088,0.47290528,0.65767443,0.4984369,0.33931738,0.7370386,0.76274294,0.66684043,0.16864854,0.7639824,0.59751296,0.74765956,0.047400277,0.7667321,0.5944435,0.7650523,0.35826397,Stable
0.3904284,0.3810404,0.4723018,0.6552203,0.49966246,0.33550054,0.740219,0.76039445,0.67486256,0.15936929,0.760785,0.582499,0.7569158,0.050840348,0.7679369,0.5826582,0.7668378,0.34389693,Stable
0.39846128,0.37255603,0.47019455,0.64738095,0.50303924,0.3310307,0.7363225,0.75698626,0.672064,0.15718025,0.76053727,0.5566235,0.7600481,0.037403416,0.769993,0.57875913,0.7700123,0.34311545,Stable
0.396528,0.36243623,0.46928465,0.64280784,0.50294894,0.32388043,0.7398674,0.7516298,0.6755175,0.15098119,0.75613916,0.55856276,0.75015396,0.03535805,0.7682408,0.57845104,0.7697165,0.34191653,Stable
0.3963717,0.36259696,0.4693355,0.64275485,0.50300866,0.3238474,0.73972,0.75148386,0.6755245,0.15113023,0.7561308,0.55866194,0.750324,0.035421103,0.7682409,0.5784682,0.7696725,0.3418556,Stable
0.39512014,0.34882817,0.46894154,0.63803995,0.506999,0.31323007,0.74366176,0.75737715,0.68914795,0.13465363,0.759424,0.60657656,0.74891746,0.04849259,0.76776576,0.57636285,0.77081525,0.33576256,Stable
0.4012975,0.3529646,0.47151288,0.63276315,0.504248,0.30680895,0.74070853,0.7438859,0.68473315,0.15175207,0.76196855,0.6130277,0.73762625,0.043454155,0.7689356,0.5742452,0.77167773,0.332451,Stable
0.40371305,0.35024107,0.468919,0.62280965,0.5031195,0.2971421,0.7366288,0.7392143,0.6956772,0.14416343,0.7580874,0.61595523,0.74678016,0.034328528,0.77413297,0.5751498,0.7800487,0.32324186,Stable
0.39860713,0.3381854,0.47032294,0.61721396,0.50906193,0.29437742,0.7360227,0.73821276,0.6997417,0.13403402,0.76578116,0.5989558,0.73505604,0.03925701,0.773353,0.55861926,0.7778935,0.31837314,Stable
0.3984458,0.33849996,0.47036225,0.6172207,0.50910556,0.29434532,0.7359537,0.7385337,0.69984007,0.13384174,0.76563185,0.59890276,0.73493207,0.039120656,0.7733743,0.55872834,0.7779574,0.3185452,Stable
0.3957634,0.33024305,0.46380788,0.6051661,0.50864816,0.28783303,0.7362853,0.7275617,0.70785797,0.12713742,0.763289,0.59923726,0.7421703,0.03937961,0.76949275,0.555018,0.7751908,0.31719744,Stable
0.3946935,0.324808,0.4691174,0.59773916,0.5114014,0.2813856,0.73319286,0.71871066,0.7086631,0.12042039,0.7619468,0.60364145,0.7383861,0.040657,0.7729182,0.53938246,0.77648824,0.30588585,Stable
0.40112445,0.32531005,0.46789974,0.58679616,0.5169806,0.27709508,0.7368812,0.71566784,0.7052467,0.12630698,0.76545584,0.5958115,0.7429659,0.045685764,0.7806474,0.5349171,0.7855922,0.30560368,Stable
0.4035725,0.31801444,0.47599608,0.5828935,0.5141704,0.27362925,0.7313893,0.69948906,0.7063283,0.13512984,0.76316637,0.60262525,0.7409122,0.042887114,0.77716625,0.5389479,0.7817563,0.30205512,Stable
0.40332562,0.31768382,0.47602662,0.5829323,0.5141463,0.2736728,0.73440784,0.70088667,0.70622176,0.13511169,0.76300347,0.6025663,0.7411083,0.04304315,0.77703714,0.5390065,0.78164446,0.30216533,Stable
0.3964215,0.31236258,0.47970212,0.5798565,0.5175897,0.26668555,0.73819196,0.6987629,0.7101402,0.12465204,0.7543232,0.5958789,0.74552935,0.0421718,0.7814457,0.5337347,0.78362405,0.29596978,Stable
0.40247965,0.3092259,0.48259062,0.5771841,0.5174274,0.2678221,0.73290676,0.6932608,0.7112498,0.12649627,0.75718355,0.6248386,0.73841304,0.041793212,0.7824077,0.5239556,0.7818803,0.29614928,Stable
0.40742594,0.30634633,0.47814316,0.571448,0.51933074,0.25981992,0.7328484,0.6891269,0.7055813,0.13047227,0.764604,0.61040115,0.74419665,0.04000376,0.77616644,0.51932687,0.7782625,0.29536188,Stable
0.39598125,0.29583102,0.48737106,0.56418735,0.52316856,0.24370532,0.7361178,0.6769678,0.7051344,0.120264225,0.75489277,0.60435635,0.7462245,0.03424013,0.77882975,0.5161603,0.78208107,0.28060606,Stable
0.3957364,0.29561818,0.48766005,0.56439906,0.52334976,0.2435759,0.73644936,0.6771767,0.7051281,0.1203438,0.75485986,0.6039387,0.7462055,0.034236062,0.7790208,0.5161981,0.78225267,0.280608,Stable
0.39958173,0.28206444,0.48461443,0.5538199,0.52136534,0.23528475,0.73437035,0.666944,0.69946814,0.1138885,0.75226855,0.6017479,0.74629605,0.039103784,0.7819723,0.51502883,0.78540564,0.2810409,Stable
0.41365498,0.27661967,0.4782145,0.54567033,0.52152926,0.22871897,0.72359824,0.65556455,0.7016489,0.11521812,0.7520691,0.58398294,0.7580638,0.034962095,0.772596,0.5128063,0.7784526,0.2801455,Stable
0.41322336,0.26861733,0.48181522,0.53413033,0.5213128,0.22453222,0.7055588,0.63328505,0.69630116,0.122406505,0.75001144,0.59184545,0.7501807,0.032777168,0.7786453,0.49971566,0.785387,0.28007457,Stable
0.41305512,0.26025218,0.48332685,0.53165954,0.520789,0.22151165,0.7029773,0.6309071,0.71802926,0.08815545,0.7447305,0.589785,0.7577373,0.031488888,0.7748853,0.5155184,0.7839836,0.28358206,Stable
0.4131152,0.26024804,0.48330986,0.5316864,0.52069354,0.22160995,0.7027961,0.63076246,0.71765816,0.088530526,0.7446592,0.58979166,0.75751513,0.03146539,0.7746153,0.5152951,0.78368795,0.2832552,Stable
0.41160604,0.2542284,0.48101842,0.5202863,0.51701635,0.217467,0.69343233,0.6273565,0.71606207,0.090300374,0.7477123,0.6114132,0.7606413,0.024976522,0.77868855,0.5059054,0.7848352,0.27977633,Stable
0.40712333,0.24904343,0.4851364,0.51625896,0.5209371,0.21342431,0.7098899,0.64162946,0.7259071,0.08811273,0.74640244,0.611493,0.76989734,0.03232769,0.77936494,0.5020689,0.7861497,0.27909583,Stable
0.41672957,0.25253046,0.4836222,0.51365775,0.52055264,0.2132312,0.706242,0.6385292,0.72088045,0.10818349,0.74148405,0.60388386,0.76895803,0.043140452,0.7809722,0.5028535,0.7882142,0.27543584,Stable
0.4170912,0.2548502,0.4780074,0.5108347,0.524707,0.21170048,0.6809875,0.6281074,0.7268441,0.09480105,0.7412438,0.61865056,0.77266854,0.047204077,0.7799697,0.5152234,0.7895911,0.28109375,Stable
0.41715872,0.25485992,0.4780438,0.51081264,0.52467144,0.21159673,0.6809942,0.6281346,0.7267629,0.09506236,0.7411546,0.6186916,0.7726188,0.04716664,0.77995414,0.5151789,0.7895321,0.2809977,Stable
0.41400263,0.25116593,0.48288772,0.510985,0.52142215,0.21346942,0.7185039,0.6471407,0.7206372,0.101952836,0.75003743,0.6092082,0.7655,0.045079704,0.7870578,0.49324566,0.79570645,0.2760214,Stable
0.4226379,0.25804317,0.48562643,0.51308763,0.52072066,0.21418415,0.7253618,0.6558794,0.7155857,0.11260778,0.7430291,0.62687075,0.77530473,0.047833383,0.77927965,0.50529957,0.7890873,0.27786896,Stable
0.4131709,0.2650894,0.48805472,0.5154506,0.52160084,0.21505627,0.6870567,0.63655,0.7229416,0.113625824,0.74828184,0.64770806,0.7697355,0.049046136,0.7837453,0.5050583,0.79628634,0.27913538,Stable
0.415632,0.28130454,0.48900783,0.5209629,0.5215957,0.21881512,0.70961773,0.6592913,0.72301376,0.12568077,0.7514145,0.675039,0.773905,0.072894424,0.78213376,0.5102041,0.79111093,0.2797819,Stable
0.4161548,0.2810933,0.4892454,0.5211131,0.52157813,0.21895269,0.7097695,0.659353,0.72292703,0.12569861,0.7512481,0.67467,0.7738432,0.07293348,0.78140366,0.51768064,0.7911953,0.2797254,Stable
0.4271385,0.28149426,0.48842224,0.5197729,0.5199004,0.22594458,0.66757464,0.6492872,0.71848476,0.13278562,0.7506942,0.6828854,0.781593,0.118280426,0.7766656,0.5095612,0.78603804,0.283527,Stable
0.4205987,0.27051175,0.4778465,0.51581216,0.52222335,0.21858785,0.67107075,0.65073746,0.72202504,0.12771995,0.7482691,0.67719024,0.7693665,0.1215398,0.7708999,0.50791264,0.781783,0.28616965,Stable
0.41264617,0.27563202,0.48169836,0.5219056,0.5187901,0.22283511,0.69281733,0.6601805,0.72655094,0.12943271,0.75152034,0.6776264,0.77711815,0.107976556,0.77636355,0.514012,0.788525,0.28247884,Stable
0.41570652,0.28010786,0.48149925,0.53080094,0.51260304,0.22701333,0.69949937,0.6649071,0.71786106,0.12839824,0.7488252,0.6828574,0.76537865,0.10502794,0.77427197,0.5074543,0.7788724,0.2672764,Stable
0.41536662,0.27985078,0.48137647,0.5306828,0.51267385,0.22690499,0.6991538,0.66483915,0.7225555,0.12452097,0.7490938,0.6827101,0.7651064,0.10505536,0.7744237,0.5072837,0.7789774,0.26729447,Stable
0.42080843,0.29349753,0.47923386,0.5378965,0.51517236,0.23681822,0.6625823,0.6562997,0.7073309,0.14294884,0.7361686,0.6819114,0.76234007,0.1026675,0.7756333,0.51828223,0.78422946,0.27902937,Stable
0.4092048,0.31176448,0.48413444,0.54168904,0.51222676,0.24944678,0.658463,0.6545238,0.693438,0.16413438,0.7258341,0.6830462,0.76017565,0.11127114,0.77205634,0.51529026,0.77712774,0.28696293,Stable
0.4019669,0.31378242,0.48856366,0.54446495,0.50479984,0.25458467,0.66190666,0.65573484,0.68829983,0.16801864,0.7373756,0.68883437,0.7613292,0.11428118,0.7712707,0.52065337,0.7793828,0.29529917,Stable
0.3998803,0.33058608,0.48421144,0.5440003,0.50899494,0.2581635,0.65976524,0.6538399,0.6956083,0.16904901,0.7439368,0.6945192,0.75155824,0.13647044,0.76853365,0.52265394,0.7751355,0.29818717,Stable
0.3992858,0.33210853,0.48418134,0.5438726,0.50899434,0.2580515,0.65975964,0.65386033,0.69537807,0.16919468,0.743927,0.6941086,0.75156426,0.13655055,0.7685217,0.52264583,0.7750169,0.29817382,Stable
0.39850706,0.33018228,0.48591048,0.54235923,0.50692356,0.26271635,0.6549735,0.651974,0.683439,0.18420093,0.7492788,0.6982542,0.745293,0.13632847,0.7662494,0.5228369,0.77257633,0.30235636,Stable
0.4007803,0.30945283,0.48426414,0.54513603,0.5050862,0.26788795,0.66339654,0.66760623,0.6807631,0.18833809,0.74530077,0.6987981,0.7291621,0.16336833,0.7603452,0.5217819,0.76661414,0.3050539,Stable
0.40175676,0.29915124,0.4845024,0.54641914,0.50433147,0.2704334,0.65388775,0.6597974,0.67872614,0.18894456,0.7488266,0.7088608,0.72778004,0.16506663,0.7577561,0.5169053,0.7624353,0.30721527,Stable
0.40854365,0.29863617,0.4851992,0.54911834,0.50582147,0.27344322,0.653878,0.6699004,0.67700475,0.19905393,0.7499726,0.71376747,0.7287013,0.17499179,0.7641384,0.5236347,0.77191776,0.32573014,Stable
0.4087286,0.29722506,0.4853315,0.5492799,0.5057194,0.27384496,0.6541753,0.6701572,0.67704594,0.19903249,0.75005335,0.71399516,0.7289251,0.17476551,0.7646028,0.52381766,0.7721142,0.3257502,Stable
0.4032591,0.30918083,0.4825737,0.5537275,0.5077883,0.2782312,0.6539296,0.6861706,0.6777414,0.21674067,0.7484336,0.72257054,0.7333436,0.18675065,0.76908517,0.5427233,0.77796733,0.34356698,Stable
0.40051818,0.32423896,0.47930834,0.56085265,0.5092927,0.29341182,0.65136814,0.688221,0.6752884,0.22578876,0.7521195,0.740059,0.7380618,0.20117164,0.76475227,0.5457917,0.7715448,0.34987745,Stable
0.39524883,0.3285684,0.4734649,0.56694925,0.506384,0.2991695,0.6411921,0.69479364,0.678085,0.24084672,0.74651706,0.7415781,0.7426402,0.21415985,0.7589502,0.5582222,0.76598585,0.3515744,Stable
0.40443993,0.33461636,0.46920985,0.5746482,0.5059899,0.30849493,0.6369891,0.7086983,0.6640728,0.25516737,0.74390626,0.760334,0.7386234,0.22562748,0.766843,0.56978506,0.7716238,0.37170124,Stable
0.40434453,0.33479607,0.46936202,0.57462895,0.506258,0.30846715,0.63724303,0.7086425,0.6642958,0.25510824,0.74398744,0.76028955,0.73872566,0.22583124,0.76707506,0.57005376,0.77195656,0.37183818,Stable
0.39464504,0.34247738,0.47321972,0.5822574,0.5047083,0.31351015,0.6447704,0.714151,0.6633923,0.26542473,0.7480997,0.76397204,0.72401583,0.23517811,0.7667723,0.57470155,0.76664495,0.37217885,Stable
0.40596515,0.34960276,0.47588667,0.5912013,0.5036019,0.32484394,0.6427988,0.727602,0.6668017,0.27375013,0.73972416,0.7701244,0.72405356,0.25953728,0.7635417,0.5905831,0.7615746,0.39054763,Stable
0.40870163,0.3764671,0.4774087,0.59510124,0.5037813,0.33790416,0.6453359,0.73512995,0.67033976,0.27839816,0.751467,0.79481184,0.74600804,0.2644559,0.7722508,0.6067172,0.7714988,0.40856192,Stable
0.41202438,0.37929758,0.47566903,0.60501456,0.5025965,0.349534,0.6350993,0.73490304,0.66349554,0.28964218,0.75051045,0.8002361,0.73691416,0.28144166,0.7690531,0.6014964,0.76754993,0.41313896,Stable
0.41287416,0.3802285,0.4759508,0.60533714,0.5024051,0.34958506,0.63518214,0.7349064,0.66339153,0.289519,0.75046456,0.80020833,0.73645854,0.28095925,0.7695586,0.6027938,0.7676534,0.4130882,Stable
0.4152729,0.38523442,0.47987983,0.6181243,0.5002151,0.35828167,0.6393633,0.7414264,0.65847945,0.30504507,0.74950755,0.73152924,0.7334161,0.29777348,0.7739599,0.60285115,0.7693597,0.4166875,Stable
0.3948121,0.40831047,0.48280942,0.63244,0.50163174,0.36463898,0.64757884,0.7569635,0.6656715,0.3133964,0.75539744,0.8261849,0.73055357,0.30273354,0.7676859,0.63422215,0.77018774,0.4335087,Stable
0.4022407,0.40439802,0.488653,0.6448415,0.5033023,0.3736962,0.66162115,0.7703316,0.7023253,0.31697124,0.7658409,0.8417399,0.7565031,0.32269695,0.7748996,0.6563373,0.7828459,0.46758825,Stable
0.41159743,0.40607342,0.490623,0.66030526,0.5045895,0.3887453,0.6635883,0.78061646,0.69381154,0.32854673,0.76852196,0.86112535,0.7560185,0.34277067,0.77605146,0.6732713,0.78550977,0.4875146,Stable
0.4115458,0.40618694,0.4904686,0.66038394,0.5044056,0.38909966,0.66351414,0.7805203,0.69370097,0.32845128,0.7685172,0.8608626,0.7559096,0.34258157,0.7761144,0.67320526,0.7856394,0.48742017,Stable
0.41426405,0.40480483,0.48507938,0.6680294,0.5043464,0.39346343,0.6593474,0.7911202,0.66694486,0.33704716,0.76939416,0.8700836,0.74405944,0.3542802,0.77379364,0.66475457,0.7762734,0.48118183,Stable
0.41486382,0.4187929,0.4823159,0.678195,0.5078007,0.40303037,0.65701663,0.80325115,0.6689881,0.35319597,0.7629335,0.8687672,0.74430716,0.364326,0.77498007,0.6989848,0.7848853,0.5039046,Stable
0.41300732,0.4233783,0.48425996,0.69170594,0.50726926,0.4101635,0.67440903,0.8235663,0.67632145,0.35712025,0.75098395,0.81585324,0.74758303,0.36630327,0.78066415,0.6867894,0.7865826,0.49567604,Stable
0.40360028,0.43847093,0.4858634,0.70457405,0.50125843,0.42310375,0.68063253,0.83068436,0.6802002,0.36189598,0.74966073,0.79036844,0.71389955,0.3671578,0.7758118,0.6920304,0.7782309,0.49312544,Stable
0.40377653,0.43863174,0.48583648,0.70455647,0.50101435,0.42328998,0.68053555,0.83049345,0.6791967,0.3618226,0.74993396,0.7902264,0.7140919,0.3673306,0.77545667,0.6921586,0.7778286,0.4931656,Stable
0.40591583,0.45337504,0.4797696,0.7026178,0.50468266,0.4289599,0.67267627,0.82295084,0.64580226,0.37762612,0.7690525,0.8862192,0.73588085,0.37958556,0.7773203,0.68389165,0.78032243,0.5007782,Stable
0.40432525,0.4530358,0.48461097,0.706651,0.5070532,0.4292465,0.67778504,0.8265664,0.66299295,0.3751354,0.75665617,0.8382087,0.75671506,0.38263664,0.77732325,0.6967826,0.7786052,0.50039715,Stable
0.4025861,0.4604724,0.47853363,0.7063362,0.50600314,0.4301746,0.6721317,0.8237292,0.6638582,0.378375,0.76792735,0.89252895,0.7432575,0.3823751,0.779608,0.6816082,0.77948684,0.5003637,Stable
0.4022014,0.46360755,0.48036957,0.7137074,0.50727236,0.43325627,0.6678878,0.8291518,0.6630043,0.38265288,0.7712095,0.90463895,0.7417018,0.37775815,0.7783248,0.6799719,0.77748895,0.50061476,Stable
0.40255892,0.46355075,0.4802805,0.71382105,0.5068914,0.43316752,0.6675393,0.8291902,0.6632761,0.38254076,0.77104634,0.90460885,0.741238,0.37730235,0.7782723,0.6801491,0.7773316,0.50062037,Stable
0.40659016,0.4661437,0.48608276,0.7230321,0.51090384,0.43279403,0.6746184,0.8387031,0.68752515,0.38369077,0.75616115,0.8603098,0.75109816,0.3979802,0.7831966,0.6872644,0.7820679,0.4989278,Stable
0.40887034,0.4593924,0.48748904,0.72218454,0.51316315,0.437827,0.6763669,0.84275717,0.697778,0.39014262,0.76940024,0.9169015,0.7499318,0.39771515,0.78441995,0.70230174,0.7850412,0.5046545,Stable
0.4087463,0.45954356,0.49337626,0.7237143,0.51079184,0.44032118,0.6826912,0.83975613,0.6893295,0.3826695,0.7715699,0.9114034,0.74792475,0.39222533,0.79077375,0.70275784,0.78638834,0.5125848,Stable
0.40735066,0.45967156,0.4934119,0.7236249,0.51036465,0.44014364,0.6825146,0.8395569,0.68809646,0.38288462,0.7715823,0.91138697,0.75846547,0.39102328,0.7908001,0.7022287,0.78602594,0.503358,Stable
0.40740824,0.45714504,0.49511933,0.7244574,0.5114759,0.44217628,0.6942097,0.84247243,0.6911835,0.38793445,0.75359404,0.80203265,0.7507299,0.3984841,0.789473,0.7071082,0.78758264,0.51700205,Stable
0.4062603,0.45805812,0.49439928,0.7220434,0.5124004,0.4422931,0.6996076,0.8385033,0.688774,0.38742578,0.75544953,0.84554744,0.75852984,0.391254,0.7896938,0.7150372,0.78527904,0.51916826,Stable
0.40935326,0.45302045,0.48974428,0.72486377,0.5132245,0.44305095,0.7004577,0.84164333,0.6872098,0.3847843,0.75141615,0.7771586,0.75901496,0.3911345,0.7840779,0.7041275,0.78303874,0.51547104,Stable
0.41178498,0.45209628,0.48747048,0.72296834,0.5106443,0.44244248,0.6978371,0.83660233,0.6876041,0.38342914,0.75260925,0.777699,0.75483316,0.38276124,0.7858634,0.7027284,0.7851984,0.5124971,Stable
0.4117502,0.4528439,0.48751014,0.72299635,0.51088285,0.4428079,0.6979076,0.8364555,0.687766,0.38345787,0.75255644,0.7776176,0.75470823,0.3828765,0.78583944,0.7025484,0.7852604,0.5122524,Stable
0.41260552,0.45491323,0.48947847,0.7236204,0.51496625,0.44675428,0.70810485,0.8395154,0.6878959,0.3843308,0.7552066,0.7790421,0.75294393,0.3782143,0.78875136,0.7038479,0.78918195,0.5147734,Stable
0.41778252,0.45371753,0.48839402,0.72464037,0.51062465,0.44614905,0.7127103,0.8318779,0.6911135,0.38538337,0.7549385,0.771729,0.73408836,0.38497886,0.79559845,0.7221915,0.7934537,0.51687783,Stable
0.41309044,0.4460487,0.48740956,0.72520113,0.5093472,0.44370013,0.70288277,0.8251616,0.6814165,0.37631354,0.755093,0.7816121,0.70696515,0.37312412,0.7955801,0.7022129,0.79135954,0.50837666,Stable
0.409813,0.44769514,0.48858175,0.7234168,0.5079321,0.4427169,0.7148463,0.82826555,0.6869096,0.37314582,0.7529959,0.7527857,0.7159438,0.3772905,0.79990786,0.70596665,0.7974419,0.51167864,Stable
0.40968233,0.44746685,0.4885766,0.723499,0.5076838,0.4426824,0.7148173,0.828377,0.68699074,0.3730832,0.7530656,0.75270855,0.71592796,0.37709507,0.79987717,0.70579815,0.79747045,0.51149267,Stable
0.41452426,0.4427609,0.48618877,0.7226932,0.50655323,0.44046563,0.7146334,0.8259636,0.6814996,0.36995026,0.75296444,0.75744224,0.71012235,0.3677107,0.79648274,0.70362926,0.7892735,0.49408817,Stable
0.41616142,0.45181745,0.48281062,0.72153354,0.5106014,0.44158542,0.7180718,0.82653284,0.6888387,0.35886797,0.7548742,0.7587991,0.714303,0.36619937,0.79239815,0.70483744,0.78557205,0.4953553,Stable
0.42271146,0.44056678,0.48068655,0.7237415,0.51096225,0.43075022,0.70958424,0.8121423,0.69143003,0.35593054,0.75401294,0.7366823,0.70822525,0.35760924,0.78689945,0.7051501,0.7813332,0.49320143,Stable
0.41531968,0.4427985,0.47911298,0.721992,0.51552945,0.4340473,0.70766795,0.812974,0.6843815,0.3567619,0.7514913,0.7314665,0.71419543,0.35806164,0.7913457,0.70713896,0.78556746,0.4957567,Stable
0.4154758,0.442924,0.47890717,0.7220456,0.51546,0.4343087,0.7075126,0.81310356,0.6844036,0.35686934,0.7514614,0.7313861,0.7139567,0.3582772,0.79117954,0.7074815,0.78548926,0.4962268,Stable
0.42393577,0.4419757,0.47920856,0.7200482,0.51565784,0.4346089,0.7138569,0.8221855,0.6917194,0.35537964,0.7555647,0.7332716,0.73323023,0.350121,0.792771,0.71015716,0.7914888,0.514541,Stable
0.42893466,0.43352243,0.47628468,0.71951663,0.5147572,0.4380756,0.71940947,0.82643795,0.68095195,0.35516676,0.7562518,0.7311124,0.70837283,0.35745773,0.79541636,0.73103845,0.7923676,0.5197263,Stable
0.43658623,0.42573142,0.47694406,0.7185013,0.51787716,0.43236357,0.72300375,0.82887745,0.7043593,0.35267884,0.7558975,0.73023695,0.7030883,0.3571107,0.8006973,0.738042,0.7966356,0.54080606,Stable
0.43539858,0.42340955,0.47832173,0.71628666,0.50885534,0.4307079,0.73555934,0.83081746,0.6851765,0.35457098,0.7554463,0.6877099,0.66869164,0.35496706,0.80450237,0.739257,0.7963797,0.5185262,Stable
0.4358434,0.42429766,0.4781742,0.7161293,0.50896114,0.43004808,0.7354574,0.83054996,0.68700993,0.35362494,0.755509,0.6880695,0.6676452,0.3549486,0.8047843,0.7393985,0.7964126,0.5191349,Stable
0.4387704,0.41985738,0.48181522,0.72002876,0.5063852,0.42550665,0.73852724,0.8291571,0.68835276,0.3518066,0.7558583,0.68578696,0.65989685,0.3472125,0.80188435,0.7374147,0.795699,0.51556474,Stable
0.44096184,0.41816196,0.47957072,0.7206125,0.5055606,0.42874265,0.73716104,0.8292775,0.6899897,0.35196447,0.7542573,0.68207693,0.69503635,0.351866,0.8020169,0.75422084,0.7973261,0.5225743,Stable
0.44609153,0.41726983,0.47913325,0.7214874,0.50767684,0.42740223,0.7367618,0.8296334,0.69344795,0.34973735,0.7551786,0.6713318,0.62336206,0.34217533,0.80308807,0.75526476,0.7991585,0.537943,Stable
0.4439151,0.41260856,0.4759164,0.71734804,0.50968254,0.4157847,0.73292965,0.826472,0.7049854,0.3427063,0.7507192,0.6906005,0.583238,0.33841687,0.7912292,0.7473917,0.79251885,0.51312906,Stable
0.4443143,0.4128909,0.47562897,0.7173238,0.5093099,0.41601986,0.73272103,0.8263599,0.70454377,0.3429105,0.75071454,0.6905774,0.583177,0.33864924,0.7912876,0.7473153,0.79258645,0.51292956,Stable
0.43278503,0.41451368,0.4773373,0.71590036,0.50964916,0.41077113,0.7283869,0.82741606,0.7252376,0.3447942,0.7509835,0.7101633,0.61167896,0.3382774,0.7986363,0.72883296,0.7963525,0.51332223,Stable
0.42214572,0.41744205,0.4763754,0.71482444,0.5079206,0.41343138,0.72824776,0.82682896,0.7042322,0.34171832,0.7503172,0.7129485,0.6147363,0.33532947,0.79906553,0.7245013,0.79458904,0.50942826,Stable
0.41632134,0.42289078,0.47478133,0.71320504,0.5047743,0.4127235,0.7274606,0.8241615,0.6996662,0.3440901,0.7568737,0.73463464,0.60890186,0.3260796,0.79257387,0.7032935,0.7878162,0.48637277,Stable
0.41798997,0.42849374,0.47143766,0.71194124,0.49861497,0.4051141,0.72945035,0.82435167,0.6971451,0.33881193,0.757137,0.7154829,0.6077659,0.33066195,0.78740895,0.69954556,0.78043604,0.46942335,Stable
0.41815126,0.42821783,0.47151715,0.71207,0.49850947,0.40514594,0.729481,0.8243362,0.696936,0.33874154,0.75712764,0.7153699,0.60768944,0.33067733,0.7873664,0.6996441,0.78036445,0.4695425,Stable
0.4197516,0.42673025,0.47325504,0.71242666,0.4986263,0.41086072,0.7364167,0.822752,0.68926513,0.34348318,0.7578666,0.73767084,0.64441323,0.3338631,0.78693384,0.6793183,0.77665615,0.46796,Stable
0.42264175,0.4205547,0.47532782,0.71351355,0.49794394,0.41491994,0.72811127,0.8110261,0.694391,0.34664398,0.7600447,0.71498823,0.6497398,0.33743474,0.7900764,0.6960215,0.78170586,0.4693128,Stable
0.42034578,0.4297181,0.47756815,0.71219146,0.49793884,0.4159114,0.72597855,0.8116069,0.6873735,0.35069355,0.75564694,0.71225137,0.7080895,0.33691287,0.78210825,0.67923445,0.7774708,0.47357363,Stable
0.42625496,0.42770672,0.47895193,0.7168139,0.4973855,0.41815567,0.7346902,0.8079281,0.68675554,0.3438787,0.7531306,0.6974999,0.6469482,0.31852603,0.77895516,0.6785545,0.7775824,0.47057486,Stable
0.42663246,0.42806298,0.47895354,0.7168972,0.4972173,0.41786358,0.73461556,0.80795777,0.686773,0.3438499,0.7530238,0.69738984,0.6471808,0.3186996,0.77887547,0.6784584,0.77759314,0.47011706,Stable
0.42715937,0.42836854,0.4780451,0.715935,0.4926605,0.41631827,0.7382405,0.816132,0.68423796,0.3545754,0.7522456,0.69681567,0.656914,0.3263152,0.77546805,0.67265385,0.7690885,0.46438503,Stable
0.42627263,0.44041345,0.48024595,0.7170884,0.48979115,0.4171558,0.7377093,0.81292164,0.67933667,0.3573506,0.7488367,0.697957,0.71501774,0.33698833,0.7775685,0.65717214,0.76690555,0.45357236,Stable
0.4303367,0.43579194,0.4787323,0.7150612,0.490092,0.4185409,0.7324203,0.8044946,0.6799923,0.35788497,0.75100654,0.70275897,0.7092659,0.33003986,0.7743189,0.670144,0.76798695,0.45335063,Stable
0.4317351,0.43877953,0.48012298,0.7134778,0.49418932,0.41443774,0.7400157,0.8154401,0.69280696,0.3615924,0.7483913,0.70235837,0.70530224,0.35342658,0.7795404,0.67786115,0.78108615,0.46419126,Stable
0.43164587,0.43871498,0.48004457,0.713205,0.49429092,0.41447383,0.7397825,0.8153488,0.69313955,0.36164877,0.74842805,0.7021458,0.7076496,0.35357866,0.7796079,0.67865336,0.7813834,0.46479416,Stable
0.43176764,0.43792385,0.47997662,0.7120938,0.49571663,0.41918203,0.7374386,0.80891556,0.68755114,0.35815644,0.7472262,0.68570536,0.6873927,0.3364125,0.777362,0.67899823,0.77933615,0.4665211,Stable
0.4261422,0.44074708,0.4801411,0.7112738,0.49683595,0.41965115,0.72535866,0.7982323,0.68714,0.35401842,0.7443111,0.688409,0.7208566,0.3425269,0.77487195,0.6744685,0.77642816,0.46434078,Stable
0.42207584,0.44639656,0.48183498,0.711468,0.50341886,0.4084146,0.7333424,0.80092025,0.7068121,0.34908557,0.74780726,0.7154104,0.71653813,0.3406846,0.78002083,0.67454267,0.77929467,0.4493668,Stable
0.42132366,0.45037076,0.48106036,0.70881927,0.49836525,0.40630886,0.7265188,0.7944674,0.694821,0.35094103,0.7492337,0.7087308,0.72296286,0.34545717,0.7752857,0.65660346,0.7718183,0.44600838,Stable
0.42196327,0.44961807,0.4810711,0.70903456,0.49809927,0.40624142,0.726447,0.79448736,0.6946924,0.35096526,0.74921894,0.708791,0.72270435,0.34530097,0.77528214,0.6562875,0.77181625,0.4455509,Stable
0.42084354,0.45301974,0.4801525,0.70950127,0.49736673,0.40608853,0.72090495,0.7931554,0.69854045,0.35085148,0.7458355,0.70930386,0.74496305,0.34572136,0.7731074,0.65570635,0.7682869,0.44693142,Stable
0.42115018,0.44917926,0.48106563,0.7095952,0.50094396,0.4025457,0.7302646,0.7971394,0.70316565,0.34424466,0.7489234,0.7110591,0.7599225,0.3431546,0.77359456,0.65524495,0.77157253,0.44594702,Stable
0.42202616,0.44379255,0.4799249,0.70825404,0.5067276,0.40179214,0.736356,0.7942359,0.7174486,0.3368894,0.7545872,0.7197005,0.75066054,0.33755895,0.77590555,0.6682745,0.77439106,0.44503826,Stable
0.42584628,0.44105887,0.47662193,0.70620626,0.51429653,0.39981723,0.7391969,0.79461306,0.7288398,0.33429727,0.7533103,0.7188994,0.75297064,0.33535537,0.7762313,0.665754,0.7792248,0.4429261,Stable
0.42588753,0.44153517,0.47671795,0.7062654,0.5144161,0.39955086,0.7391243,0.7945088,0.72896093,0.3345071,0.7532046,0.718924,0.7529572,0.33609152,0.77618396,0.66590357,0.779204,0.4430309,Stable
0.43057716,0.44275755,0.47655162,0.70367277,0.51504695,0.4014188,0.7356271,0.7934333,0.72856945,0.32951057,0.7537644,0.71857965,0.75072265,0.32039413,0.77852196,0.66530836,0.78133774,0.44565845,Stable
0.4308157,0.44014722,0.47779065,0.7002148,0.5046673,0.40208778,0.73038626,0.785907,0.7084255,0.33652458,0.76326513,0.778361,0.7545838,0.32786962,0.7765967,0.6663972,0.7805347,0.44870573,Stable
0.43385383,0.4405188,0.47772366,0.70023155,0.50798887,0.4023692,0.735173,0.7905127,0.7111517,0.34608573,0.7570838,0.71713865,0.7546712,0.32800633,0.7767887,0.66585004,0.78029245,0.45178288,Stable
0.42948443,0.43801606,0.47853148,0.7028923,0.5082202,0.40195036,0.7357921,0.7896914,0.7119888,0.33841336,0.7565981,0.72224206,0.7574598,0.3274661,0.77758014,0.6638873,0.78099626,0.44890797,Stable
0.42956147,0.4380232,0.47853506,0.70295346,0.50827026,0.4019576,0.7356634,0.78967875,0.7120697,0.3383375,0.75673854,0.72227144,0.75741,0.32748014,0.7776675,0.6639905,0.7810961,0.44902188,Stable
0.42627388,0.44207454,0.47484517,0.6992464,0.5105394,0.40132976,0.7303448,0.783626,0.72349757,0.33229917,0.76974475,0.7796464,0.7528455,0.31891412,0.7751359,0.66213423,0.77975917,0.44875228,Stable
0.4271723,0.4485478,0.47753918,0.70008034,0.50685203,0.40023428,0.7261898,0.78289884,0.71199316,0.33594212,0.7523966,0.7215595,0.75047827,0.31616437,0.7750136,0.6631583,0.77887547,0.45075187,Stable
0.42504427,0.44776833,0.47560605,0.69967455,0.50566363,0.39828575,0.7346411,0.7872453,0.71310186,0.33449623,0.75392926,0.72193563,0.75251245,0.31904185,0.7741828,0.66277444,0.7800745,0.44749805,Stable
0.42660615,0.45642254,0.47438166,0.6996075,0.5004027,0.4015183,0.7308302,0.78731537,0.7054912,0.33712894,0.7655441,0.7729616,0.75607395,0.31794947,0.77216804,0.6594709,0.7762601,0.44960487,Stable
0.42650312,0.456115,0.47456357,0.6997027,0.5002756,0.40156263,0.73061824,0.7872454,0.7055308,0.33733523,0.76532364,0.7732383,0.7562102,0.3182565,0.7720114,0.65939546,0.77607596,0.4494184,Stable
0.42490393,0.46072018,0.47309288,0.6990339,0.50230396,0.40116477,0.7225682,0.78239167,0.70229065,0.3368859,0.7642927,0.7712535,0.75088656,0.31988937,0.77076024,0.66203964,0.7752847,0.45237178,Stable
0.42298064,0.46020156,0.47069758,0.6963283,0.50097406,0.40215248,0.72049206,0.7837004,0.69888633,0.333286,0.763657,0.7586572,0.7504195,0.3122386,0.76964927,0.662905,0.7738848,0.4518757,Stable
0.4201058,0.45664668,0.47310835,0.69767946,0.5046322,0.3991204,0.71358484,0.7775353,0.70794773,0.33067858,0.7708146,0.7776336,0.7524481,0.31341213,0.769678,0.6604459,0.77373743,0.4492496,Stable
0.41890782,0.45760077,0.47484267,0.69951195,0.50649667,0.39980483,0.71554494,0.77811354,0.7042815,0.33112016,0.7723237,0.7741926,0.755228,0.31027085,0.77156943,0.65838766,0.7795014,0.44927046,Stable
0.4189739,0.45763254,0.47467276,0.6994476,0.50658184,0.3997355,0.7154541,0.7781042,0.7044351,0.33115047,0.77241075,0.7742619,0.7552618,0.31039768,0.7715277,0.6584815,0.7795953,0.44948435,Stable
0.41809964,0.45644218,0.47618055,0.7003827,0.50412154,0.3984462,0.71290505,0.77592105,0.7010674,0.33125895,0.77096623,0.78408754,0.7474592,0.31155646,0.7700485,0.66023093,0.77905905,0.4487419,Stable
0.41776884,0.45566344,0.47652838,0.7008218,0.5057195,0.3995552,0.7115407,0.77655643,0.70207304,0.3310594,0.76380885,0.7493243,0.7474601,0.3121524,0.76860183,0.65778255,0.7762549,0.44672784,Stable
0.4185335,0.4594446,0.47483915,0.6971152,0.50853884,0.39884838,0.7089121,0.77434826,0.7067913,0.3312881,0.7619042,0.75254506,0.7498343,0.31317943,0.7699267,0.65757036,0.77666914,0.44496298,Stable
0.4183448,0.45958567,0.47484398,0.69705576,0.5109489,0.39764112,0.70908165,0.7743234,0.71630573,0.32901424,0.76329035,0.75169146,0.7526776,0.31219813,0.7722248,0.64563453,0.7763631,0.4416146,Stable
0.41853583,0.45935985,0.4748577,0.6971604,0.5107857,0.39772913,0.7092682,0.7743231,0.7086197,0.33148056,0.763497,0.75172615,0.75267065,0.3122092,0.77218115,0.6457467,0.77630174,0.44164914,Stable
0.41830775,0.45973593,0.47568557,0.6959952,0.51091975,0.39499936,0.7109098,0.7749216,0.71208876,0.3274229,0.7703948,0.76862395,0.7521963,0.3089233,0.77002615,0.6447557,0.773221,0.4396782,Stable
0.41880423,0.45957443,0.47789055,0.6965792,0.51031196,0.39438087,0.7169649,0.77718514,0.7114905,0.32771823,0.7684251,0.7676197,0.7529921,0.30916858,0.7702317,0.6423722,0.7724781,0.43166432,Stable
0.41880906,0.4605577,0.47639865,0.6942846,0.50690556,0.39529705,0.7180104,0.77740324,0.70663923,0.32768777,0.75812715,0.73216283,0.7527646,0.30992457,0.7714714,0.64001024,0.77236855,0.4289798,Stable
0.41713187,0.46116862,0.47696337,0.6931543,0.50671864,0.39513445,0.71746206,0.77590764,0.70911324,0.3258201,0.76767266,0.7601561,0.7531129,0.30973524,0.77077264,0.6439048,0.77517545,0.4400077,Stable
0.41669327,0.46138948,0.4769828,0.69315094,0.506441,0.3950808,0.7172667,0.77588856,0.70911765,0.32577705,0.7674899,0.7604184,0.7531102,0.3096287,0.7708174,0.644012,0.77527565,0.43992686,Stable
0.41571838,0.46383473,0.47799906,0.6930935,0.50517535,0.395539,0.7184268,0.7747733,0.70434904,0.32587886,0.7608208,0.73332924,0.75070775,0.30200475,0.77393925,0.63853574,0.77503383,0.4305656,Stable
0.41439757,0.4663826,0.47663626,0.6911999,0.5065308,0.39270324,0.7180369,0.7737886,0.7092599,0.31674376,0.77156204,0.7645204,0.75463307,0.29455376,0.77548635,0.63764286,0.7763772,0.42977488,Stable
0.41315758,0.46900272,0.478382,0.6925858,0.51060474,0.391802,0.7132306,0.7711928,0.70701194,0.3175239,0.7708005,0.75962174,0.7611753,0.29525366,0.77647877,0.64064115,0.7789327,0.42919788,Stable
0.41495165,0.4686631,0.4806653,0.69311786,0.5079555,0.39380214,0.71989316,0.77342904,0.711416,0.31798193,0.77196217,0.7563529,0.75870866,0.29735368,0.7763764,0.63937175,0.77845705,0.43136904,Stable
0.41468272,0.46853918,0.48067915,0.6930415,0.50784683,0.3938104,0.71976066,0.7734449,0.7110559,0.31763387,0.77192223,0.75637263,0.759045,0.29717612,0.77630746,0.63957286,0.77839965,0.4311933,Stable
0.41320595,0.4720744,0.48138842,0.691977,0.5086438,0.39222598,0.71777105,0.77243847,0.7163495,0.31623274,0.772417,0.7615417,0.7584517,0.2956135,0.77953,0.6392211,0.78239936,0.4294563,Stable
0.41242024,0.47228742,0.48294675,0.69477916,0.5073501,0.39267707,0.7185304,0.7758958,0.71191764,0.31701958,0.76866287,0.75850266,0.7540567,0.29606962,0.77627265,0.6425898,0.7791146,0.4322763,Stable
0.4125217,0.4731737,0.4806363,0.69171256,0.50797033,0.38958776,0.71218145,0.7731459,0.71167207,0.3150951,0.7658156,0.7613565,0.75246656,0.29961357,0.77556705,0.6348716,0.77698016,0.4389283,Stable
0.41102886,0.47331497,0.48142716,0.69182444,0.507703,0.3877794,0.70872426,0.7707955,0.71272063,0.31886265,0.766099,0.7673544,0.7536575,0.30094767,0.7735752,0.6350747,0.7787039,0.4304434,Stable
0.41103798,0.47330758,0.4814218,0.6918515,0.5077009,0.3877412,0.7087786,0.7707128,0.7126949,0.3188702,0.7662763,0.7675009,0.7538807,0.30072567,0.7735376,0.63499784,0.77867377,0.4302803,Stable
0.41250128,0.47239292,0.4790449,0.6925651,0.5053422,0.38912818,0.7052846,0.77240133,0.70995736,0.31489766,0.756739,0.7540163,0.7520956,0.29878724,0.77386475,0.64172024,0.7788099,0.430016,Stable
0.41305435,0.46529138,0.47902557,0.696021,0.50772405,0.39149112,0.7167982,0.7758678,0.71037525,0.32393646,0.7615696,0.748134,0.7552161,0.30172816,0.77841306,0.64446706,0.78225064,0.43979084,Stable
0.4174025,0.4541949,0.48372686,0.6992612,0.5064059,0.39176843,0.71774095,0.7750153,0.7077946,0.3268186,0.7569438,0.74689215,0.74938023,0.30366582,0.77200735,0.65601546,0.77876484,0.44170582,Stable
0.42200106,0.45277223,0.48429364,0.69938385,0.50261647,0.3947762,0.72368073,0.774873,0.7048454,0.3182326,0.7646636,0.7633312,0.7513616,0.29692486,0.77373207,0.6440253,0.7730224,0.42994463,Stable
0.422208,0.45286232,0.48430702,0.69940746,0.5025043,0.39473873,0.7236786,0.77485406,0.70751804,0.31400067,0.76478815,0.76324177,0.7514783,0.2971046,0.77384365,0.6439889,0.7731141,0.42996877,Stable
0.43110484,0.4555714,0.48354635,0.69772214,0.5058166,0.38981348,0.725151,0.7841513,0.70947593,0.3147976,0.7549124,0.7509915,0.7471328,0.30064467,0.76898205,0.65551186,0.7705623,0.4300947,Stable
0.4145783,0.46250838,0.48818243,0.7011459,0.5092331,0.38323888,0.72919095,0.7881026,0.714182,0.3189128,0.76092434,0.7500992,0.7484571,0.31106627,0.7717266,0.6455189,0.77411926,0.43165386,Stable
0.41905028,0.4519034,0.485849,0.7014949,0.50131017,0.39112854,0.70704573,0.77836984,0.7030603,0.32207975,0.7606429,0.76047605,0.73666334,0.31652054,0.76565135,0.64692235,0.7655658,0.43940073,Stable
0.42048794,0.45093903,0.4831401,0.70270455,0.502056,0.3936457,0.7061872,0.7798958,0.7078254,0.32612145,0.7608588,0.7622403,0.74837035,0.30867463,0.76327914,0.6629599,0.7660782,0.44623932,Stable
0.42075178,0.45086202,0.48309097,0.70268404,0.5019784,0.39375705,0.70609975,0.7797579,0.7075547,0.3261987,0.7606508,0.7623908,0.7485281,0.30861002,0.76311576,0.66288334,0.76589936,0.44625533,Stable
0.4146822,0.4601544,0.48289824,0.7029337,0.50092906,0.39134908,0.7017765,0.77847433,0.7221167,0.32324275,0.7649907,0.7748427,0.73649263,0.31222743,0.769009,0.659768,0.7692105,0.44033512,Stable
0.41526335,0.44442374,0.48204172,0.7036352,0.50509155,0.39792454,0.7084023,0.78747916,0.7072238,0.3216879,0.7679116,0.7834915,0.71724623,0.3064222,0.76908946,0.6577745,0.7674823,0.43109065,Stable
0.40569288,0.4469058,0.4821599,0.70361614,0.5030515,0.4039557,0.70368284,0.7829838,0.70327663,0.31959143,0.76820385,0.78915757,0.7436392,0.29195762,0.77003443,0.6494214,0.7676282,0.4386319,Stable
0.4132418,0.44633,0.48015147,0.70282716,0.50543714,0.40015945,0.7159297,0.7896595,0.70347583,0.3210516,0.7651412,0.7830937,0.7429496,0.30249938,0.7703137,0.6494151,0.76602805,0.43099424,Stable
0.4133856,0.44614184,0.48010635,0.70284146,0.5054084,0.4001847,0.7157328,0.78962135,0.7031347,0.32092685,0.7648861,0.78339744,0.7428404,0.30261976,0.77036786,0.6493762,0.7660351,0.4309156,Stable
0.41790327,0.44443935,0.48060057,0.7036346,0.50988424,0.3995011,0.71937984,0.7946855,0.71272844,0.3174669,0.76640093,0.77329826,0.7471942,0.30226547,0.7699635,0.6608657,0.7696172,0.44037756,Stable
0.41506022,0.44592077,0.48151994,0.7042398,0.5105299,0.39829755,0.70922315,0.7843935,0.71620214,0.31527123,0.76377267,0.780812,0.7423099,0.3074125,0.7701871,0.6508008,0.76755047,0.4402189,Stable
0.42109793,0.44160587,0.48252165,0.70474803,0.51176214,0.39492375,0.70947427,0.78433746,0.7177247,0.31402624,0.764017,0.77646035,0.74486226,0.30286166,0.7669434,0.64585316,0.7619872,0.4299886,Stable
0.42023528,0.4325993,0.48253644,0.7054956,0.5116292,0.38856912,0.7161896,0.7923819,0.7209341,0.31453767,0.76547,0.77549595,0.7446541,0.30254602,0.76706666,0.6450171,0.76136315,0.42586884,Stable
0.41994497,0.43254775,0.48259422,0.70548433,0.51161736,0.38840374,0.7161559,0.7924081,0.7210812,0.31439197,0.7655181,0.77551055,0.74443316,0.30264527,0.766839,0.6448841,0.761183,0.42586243,Stable
0.40695843,0.441251,0.48096484,0.7033047,0.5112678,0.38839194,0.7079936,0.78605306,0.73447245,0.30591285,0.75731945,0.76431704,0.74110484,0.30828655,0.7670928,0.6441859,0.76200575,0.42876396,Stable
0.40764162,0.4517951,0.47892174,0.70387214,0.5140481,0.3941283,0.70505893,0.78711665,0.7201378,0.31623292,0.751752,0.75156564,0.74375737,0.3062353,0.76869786,0.64738667,0.7645189,0.43140098,Stable
0.41963527,0.44720766,0.47576866,0.70041454,0.51661336,0.39883143,0.705554,0.7885434,0.7176423,0.31832865,0.7521411,0.75122565,0.7446792,0.3067139,0.7697922,0.66130006,0.7681333,0.44370338,Stable
0.41508397,0.44576603,0.47798967,0.70112675,0.5178317,0.3998259,0.7115375,0.79397106,0.7140465,0.31868923,0.7519096,0.7467922,0.73605293,0.30521488,0.7701797,0.6638346,0.7697746,0.44599319,Stable
0.41499156,0.44579312,0.47798133,0.7010914,0.51777375,0.39987332,0.71150994,0.79394,0.7151333,0.31867972,0.7518903,0.7468393,0.7359423,0.30566096,0.77001536,0.6637565,0.7695751,0.44595504,Stable
0.42332566,0.4359766,0.47805402,0.7025827,0.51403236,0.40352792,0.72265494,0.79886425,0.69745326,0.32833636,0.75303924,0.73417085,0.7233529,0.30584112,0.76974154,0.665092,0.7688931,0.4469738,Stable
0.42143473,0.44052607,0.4795748,0.70068586,0.5160724,0.39844593,0.72451925,0.79824376,0.70663846,0.321061,0.7530681,0.73415923,0.74911976,0.30345964,0.7704391,0.6635545,0.7704415,0.44387543,Stable
0.42180938,0.43421316,0.4796743,0.69991696,0.51650155,0.3980069,0.72427696,0.79603565,0.70171416,0.32825327,0.7538254,0.7326342,0.75044745,0.30217004,0.7714635,0.6642458,0.7718894,0.4472228,Stable
0.4218422,0.43238866,0.478056,0.7002174,0.5143817,0.40023422,0.7323457,0.7989969,0.70539755,0.32021222,0.7543714,0.732569,0.7502824,0.29820687,0.768252,0.67712283,0.77084464,0.44683227,Stable
0.4219978,0.43115467,0.47823748,0.70048326,0.5143274,0.40042925,0.7322686,0.7989963,0.69795287,0.32839692,0.7544004,0.7326066,0.7504722,0.29793346,0.7686949,0.6772875,0.7712507,0.44691238,Stable
0.41833,0.4343402,0.4751783,0.69735205,0.51591086,0.40080124,0.72738814,0.8006542,0.69313025,0.32997376,0.7539832,0.7323091,0.74903107,0.29732552,0.7639288,0.6784536,0.76701283,0.4475834,Stable
0.41395956,0.43345636,0.47366345,0.69500375,0.5159274,0.40136367,0.7204373,0.79727983,0.69323254,0.33013394,0.7568678,0.7326025,0.744919,0.29762834,0.76614946,0.66576993,0.7648341,0.44675574,Stable
0.41649562,0.4385938,0.47251564,0.6979274,0.5165347,0.4028705,0.71535397,0.7942567,0.6994983,0.32926568,0.7562388,0.734401,0.7413993,0.30186185,0.76240563,0.66627425,0.763086,0.4456297,Stable
0.41937038,0.4408997,0.4711092,0.7005665,0.5165716,0.403174,0.71998537,0.79717886,0.70892787,0.3258194,0.75291395,0.74851394,0.7485609,0.30277622,0.7628962,0.67701185,0.7667248,0.44363672,Stable
0.4195188,0.44092494,0.47109586,0.7005593,0.5165553,0.40321204,0.7199735,0.7971629,0.7086731,0.32597294,0.75290704,0.7484392,0.74868846,0.30271035,0.7629549,0.67688155,0.7667881,0.4435765,Stable
0.41733283,0.4340796,0.47146362,0.70271444,0.5178919,0.39638996,0.7251214,0.802438,0.7226962,0.32018802,0.75764126,0.7341641,0.73858064,0.30486405,0.7640463,0.6798625,0.7674196,0.44244212,Stable
0.41961026,0.42508543,0.46980774,0.7028641,0.51986593,0.3978594,0.7223482,0.80425924,0.7287557,0.31368867,0.765342,0.7763395,0.72341514,0.30525076,0.7671404,0.68059695,0.7664816,0.43126127,Stable
0.42078155,0.42598554,0.4707868,0.70483255,0.5165437,0.40103373,0.7092737,0.80091375,0.7162701,0.32076293,0.75966805,0.7845018,0.74031204,0.30006057,0.76943374,0.6797745,0.76856935,0.43232214,Stable
0.41558295,0.43827313,0.47073215,0.70565003,0.5163397,0.40212354,0.70439076,0.8034824,0.7060137,0.3316034,0.7633457,0.7867855,0.72313654,0.30370507,0.77116,0.66808844,0.7662368,0.43202323,Stable
0.41547152,0.43840748,0.47084916,0.7056789,0.5162188,0.40220356,0.70437753,0.8035082,0.70578855,0.33164078,0.7634778,0.7868635,0.7232586,0.30379018,0.7711631,0.6678393,0.765993,0.43193707,Stable
0.41496956,0.44152963,0.46619627,0.7069925,0.51665074,0.40269968,0.704756,0.7997271,0.71889347,0.32734716,0.76166236,0.79496205,0.73477805,0.29976875,0.7738385,0.68196005,0.7715525,0.4409814,Stable
0.42152953,0.43201858,0.47125357,0.7101669,0.5177932,0.40384096,0.72264934,0.8122647,0.71709025,0.32584682,0.76953924,0.787668,0.7425227,0.30122834,0.7823919,0.6815754,0.7807037,0.4464867,Stable
0.4234264,0.4319814,0.47617036,0.71495336,0.5144947,0.40230805,0.7204553,0.8245882,0.7038065,0.3300563,0.76281375,0.7890451,0.74216247,0.2981463,0.78346795,0.6814305,0.7792809,0.44447812,Stable
0.4229971,0.42466044,0.47993216,0.7140311,0.5156256,0.40518257,0.7185924,0.8210459,0.7172777,0.32241166,0.7581937,0.7912607,0.7463281,0.29840213,0.78735846,0.68238944,0.78091097,0.43394074,Stable
0.4229983,0.42472538,0.47994658,0.71398604,0.51565206,0.40506443,0.7187373,0.82097286,0.7174401,0.32245195,0.7581439,0.79117155,0.745914,0.29855978,0.7873415,0.68234336,0.78090024,0.43391487,Stable
0.4229252,0.4313017,0.4773571,0.7153524,0.5163958,0.40350187,0.72403073,0.82131165,0.716309,0.3221243,0.7616576,0.78666496,0.7398648,0.29867384,0.7837538,0.68323135,0.78141946,0.44337747,Stable
0.4224045,0.43105632,0.47642225,0.7170641,0.51607996,0.40092692,0.7264659,0.8234303,0.71728134,0.3241135,0.7662844,0.7974187,0.75194997,0.28853303,0.788397,0.68867457,0.7834839,0.4459414,Stable
0.42107433,0.4314605,0.47601327,0.716691,0.5172242,0.4015902,0.7376098,0.8297924,0.7214842,0.31018156,0.76594687,0.78634375,0.74944353,0.29595464,0.7796761,0.68532157,0.7759646,0.44250783,Stable
0.42133552,0.43016648,0.47800562,0.71746767,0.5190428,0.4066112,0.73589253,0.83110684,0.70436835,0.31554785,0.76592886,0.7809257,0.7497208,0.2961402,0.78233165,0.69895756,0.78414345,0.44657513,Stable
0.42124194,0.43011194,0.47800505,0.7175101,0.5190774,0.4066995,0.7359919,0.83121026,0.7044828,0.31563446,0.7661443,0.7806236,0.74983406,0.29596967,0.7826861,0.6990119,0.78451467,0.44669348,Stable
0.42344686,0.42785248,0.47977656,0.7201555,0.51867145,0.40747648,0.7377557,0.8281387,0.70054364,0.31601217,0.7658062,0.7850497,0.7554773,0.2930187,0.79230165,0.69613594,0.7887405,0.44829834,Stable
0.42079055,0.42231008,0.4812499,0.7185812,0.51620984,0.4044085,0.7351209,0.81727505,0.7065918,0.3230172,0.76390284,0.7837624,0.7484181,0.2876485,0.785499,0.68286455,0.78478706,0.444408,Stable
0.41915163,0.42259574,0.47988683,0.7156122,0.5189738,0.40084767,0.7379698,0.8177954,0.6982984,0.3158887,0.7687944,0.77478707,0.75740945,0.2778229,0.78683513,0.68349594,0.78934306,0.4409132,Stable
0.42801255,0.41736954,0.4784412,0.7151386,0.51460415,0.4003322,0.7421614,0.81587744,0.7029645,0.3149175,0.7712385,0.7263889,0.75322473,0.2957022,0.7906446,0.6828239,0.78808784,0.44331408,Stable
0.42803687,0.4173727,0.47839364,0.71507144,0.51463866,0.4002175,0.74216676,0.81601095,0.70310944,0.3148141,0.77126783,0.7262957,0.75330365,0.29568556,0.7906581,0.68282574,0.78825325,0.44326854,Stable
0.4275404,0.41785163,0.4766894,0.7127646,0.51699823,0.39988968,0.7449802,0.83455324,0.69798297,0.31373286,0.7709136,0.7209492,0.7504634,0.28207695,0.7880719,0.6842532,0.78583944,0.4402297,Stable
0.42540094,0.4194191,0.47403085,0.71226704,0.5157403,0.4012601,0.74103826,0.82086766,0.6997966,0.3122388,0.7655194,0.7281665,0.7363476,0.28728354,0.7932135,0.68641365,0.7909864,0.44526285,Stable
0.41838813,0.4221925,0.47483358,0.70868254,0.516742,0.40352008,0.7534747,0.84218144,0.6983026,0.31536883,0.7648573,0.72052586,0.7320689,0.28729868,0.7933847,0.68591034,0.7920417,0.44601005,Stable
0.42156798,0.41577047,0.47486413,0.7080537,0.5196037,0.40449435,0.751011,0.82634985,0.6986932,0.30979073,0.7727398,0.71840656,0.7581321,0.27534264,0.79377174,0.6833651,0.7983099,0.44489813,Stable
0.42141938,0.41556522,0.4749245,0.7079448,0.519552,0.4043913,0.7513272,0.82688653,0.69864976,0.3096283,0.77188325,0.7176895,0.7580318,0.27549475,0.79345644,0.68316305,0.79774916,0.44469535,Stable
0.42511958,0.41238102,0.47245595,0.7073402,0.51405084,0.40124378,0.75095177,0.8345262,0.6915061,0.30975598,0.7701453,0.718017,0.75541806,0.27083555,0.79079026,0.69642556,0.7934017,0.4468422,Stable
0.431284,0.41179487,0.46978998,0.70809376,0.513965,0.4017434,0.75142455,0.83140296,0.6897144,0.30892423,0.7649354,0.7071829,0.7369958,0.27699727,0.78969216,0.6840153,0.7939307,0.44497216,Stable
0.42669052,0.4142525,0.47173476,0.70633096,0.52230704,0.39901662,0.7472874,0.8305366,0.6891424,0.29641294,0.7601439,0.71870965,0.75606394,0.26437238,0.79057,0.69980395,0.78911126,0.43275994,Stable
0.420809,0.40480977,0.4721592,0.7035057,0.520469,0.39857477,0.7486303,0.83039874,0.6987848,0.30518553,0.7627189,0.70319057,0.760368,0.2649497,0.79562247,0.7005705,0.8006922,0.44394144,Stable
0.42083842,0.40488243,0.47219044,0.70353246,0.520607,0.3984519,0.7485704,0.8301613,0.69908464,0.30494982,0.7631966,0.70334715,0.76031935,0.26510614,0.79572076,0.7004577,0.8006886,0.44384238,Stable
0.4249483,0.3934908,0.47213563,0.70468616,0.51825535,0.39887238,0.7510047,0.83271426,0.70583224,0.3034069,0.763245,0.6999297,0.75656074,0.27263102,0.7967396,0.70299864,0.8038174,0.44600034,Stable
0.42801535,0.3958112,0.47311288,0.7062268,0.516544,0.40087613,0.74065363,0.812031,0.6860041,0.29819626,0.7582488,0.69381946,0.76645195,0.22535782,0.7961504,0.6730436,0.79601896,0.4310518,Stable
0.42150494,0.40444896,0.4742486,0.7059146,0.51704127,0.39654157,0.75183165,0.8148322,0.6983061,0.30227426,0.7594828,0.6929405,0.766865,0.22648215,0.796301,0.670516,0.79719627,0.44139463,Stable
0.43013018,0.39997518,0.47756034,0.7060737,0.5163037,0.39607713,0.75184035,0.81600595,0.68437237,0.2971634,0.75926775,0.69519657,0.76398087,0.23816025,0.79702294,0.6728522,0.79695785,0.44172204,Stable
0.43024966,0.40064272,0.47550583,0.70283306,0.5161699,0.39627796,0.75375456,0.83528996,0.68412393,0.29733592,0.7592503,0.69504464,0.77264893,0.21412653,0.79389846,0.70128244,0.79202366,0.43236876,Stable
0.42421407,0.40502203,0.47678298,0.7048224,0.51998377,0.39341813,0.75353086,0.81811875,0.683088,0.29758397,0.7590467,0.6854136,0.7677944,0.225351,0.79787576,0.67348933,0.79870224,0.44179916,Stable
0.43051,0.404978,0.4707677,0.70347637,0.511551,0.38492125,0.7522356,0.8154398,0.6869117,0.29020458,0.76064056,0.6912378,0.77312446,0.21069732,0.7910948,0.673516,0.7904195,0.42651635,Stable
0.43007684,0.3966384,0.4713722,0.6998606,0.5181513,0.38622913,0.75130033,0.8161056,0.6893939,0.290151,0.7582442,0.6748783,0.7719953,0.20723185,0.7863492,0.67482424,0.78702444,0.44177723,Stable
0.42297113,0.39719445,0.46845672,0.69557273,0.5166428,0.38336957,0.74195373,0.80815405,0.69011426,0.28750044,0.7615332,0.68746704,0.7743541,0.20901123,0.7864443,0.6761106,0.7886263,0.44371197,Stable
0.4230176,0.3969457,0.46841788,0.69563454,0.516727,0.3835424,0.7418432,0.8081388,0.6899229,0.28744406,0.76174664,0.68705547,0.77437687,0.20880853,0.7863358,0.6760533,0.7884159,0.44376147,Stable
0.42316315,0.39792705,0.46438974,0.6931047,0.51231277,0.38892314,0.74104226,0.80637825,0.6783047,0.29439378,0.7620146,0.68665254,0.77387303,0.20388189,0.7859824,0.67356575,0.78645384,0.44505712,Stable
0.42321795,0.39014924,0.46448871,0.69409966,0.5148252,0.39034984,0.7389718,0.8078811,0.6857214,0.29246664,0.76274824,0.6900904,0.7704855,0.20864287,0.7853519,0.67179453,0.7863437,0.4425304,Stable
0.42193556,0.3914301,0.46459103,0.6904913,0.51975286,0.3808595,0.739077,0.8082673,0.7079148,0.29095584,0.7687974,0.69890285,0.763549,0.24907117,0.7831113,0.6683556,0.78463185,0.43190455,Stable
0.4189847,0.40080795,0.46601972,0.6893865,0.52535695,0.3743466,0.73103756,0.7964057,0.7108256,0.28423345,0.7632772,0.7095841,0.7621913,0.2419915,0.7820098,0.64991695,0.7781908,0.42376608,Stable
0.41896027,0.40085423,0.46602607,0.68939996,0.5254158,0.37433788,0.731014,0.7963471,0.7107455,0.2843089,0.7633597,0.70952725,0.76219714,0.24206118,0.7819285,0.6498252,0.77803797,0.42374605,Stable
0.4240398,0.39062893,0.46527177,0.68890727,0.5173519,0.37374353,0.73129076,0.79542375,0.70767426,0.28893068,0.7629906,0.7062987,0.7665448,0.22299078,0.7776313,0.64621615,0.7666809,0.4076092,Stable
0.43090445,0.39063776,0.4660946,0.68954086,0.51660985,0.38418695,0.7289643,0.79660547,0.69834083,0.30096996,0.7579266,0.71034884,0.7642621,0.22320014,0.7750727,0.646713,0.7685408,0.4226945,Stable
0.42419848,0.38809502,0.46644148,0.68887806,0.5089623,0.3781939,0.72081935,0.7942594,0.68243355,0.3058144,0.7575781,0.74463415,0.7636719,0.22485195,0.77261996,0.62704307,0.7641951,0.40780067,Stable
0.43400726,0.3964128,0.4686637,0.686151,0.50634253,0.37845242,0.7132225,0.7816884,0.67925906,0.3063271,0.75860226,0.7334672,0.7618844,0.22607408,0.76766884,0.6263715,0.7571113,0.41886944,Stable
0.43411908,0.39649522,0.4687394,0.6861578,0.5060996,0.37837026,0.71842396,0.7871627,0.6792567,0.30621433,0.758188,0.7438044,0.76214147,0.22575852,0.7677046,0.6266606,0.75609696,0.40966272,Stable
0.43792152,0.40045977,0.4658671,0.6871264,0.5040626,0.38177717,0.72264236,0.7875868,0.6576712,0.30972236,0.76046026,0.7283225,0.7490555,0.22936258,0.7661314,0.6443624,0.75944656,0.42252922,Stable
0.4321466,0.39965245,0.4688962,0.6868099,0.51576483,0.37582058,0.7269566,0.78512156,0.67878693,0.29991856,0.76202273,0.7274364,0.75694513,0.2323625,0.7755696,0.6500576,0.76695204,0.42612514,Stable
0.43242723,0.39340255,0.46850595,0.68646455,0.50632125,0.38318858,0.7355611,0.799956,0.65952533,0.2993823,0.77061504,0.7021047,0.73616683,0.23443836,0.77743447,0.66483825,0.7799217,0.42980716,Stable
0.43684995,0.38527855,0.4647119,0.68436337,0.50094503,0.38270962,0.73631895,0.80611587,0.65985096,0.30181885,0.7699782,0.69258094,0.7540039,0.23096965,0.7784042,0.6636628,0.7804021,0.44068298,Stable
0.43685085,0.38517928,0.46474537,0.6843054,0.5010898,0.3828451,0.7363794,0.806154,0.66069365,0.3018173,0.77014625,0.69230884,0.7539455,0.2309531,0.7784424,0.6636535,0.7804682,0.440697,Stable
0.4354497,0.3989483,0.46908292,0.6850052,0.5081004,0.38525254,0.73759186,0.8041994,0.6820333,0.2942683,0.7704331,0.68877757,0.7572756,0.21554995,0.77598333,0.6666707,0.7819163,0.4441213,Stable
0.4216474,0.39260858,0.46269518,0.68572426,0.50593925,0.39304683,0.7359046,0.8049476,0.67177695,0.29203928,0.7744702,0.6995203,0.7650253,0.20555186,0.7790613,0.66490436,0.78337145,0.44358885,Stable
0.42420286,0.38991928,0.46072215,0.68368405,0.50510615,0.39034188,0.735199,0.7936815,0.67326325,0.28625846,0.7697799,0.6829049,0.7629427,0.20463467,0.7842917,0.63773924,0.78512585,0.44162858,Stable
0.42377585,0.39196098,0.46678194,0.68381965,0.5057746,0.3919435,0.7374405,0.80483717,0.6711256,0.28681928,0.7651722,0.6896769,0.76571554,0.20676062,0.78393024,0.63423675,0.7848753,0.44037825,Stable
0.42420396,0.3917544,0.46671796,0.6837961,0.50566685,0.39209577,0.73744166,0.8048428,0.67087615,0.28694707,0.76541126,0.6899852,0.76559514,0.20704345,0.78396577,0.6343392,0.7848077,0.44038427,Stable
0.43179557,0.39307374,0.4680866,0.683732,0.50810367,0.38243246,0.7393491,0.8042517,0.68375367,0.2828927,0.76338077,0.67279816,0.7636448,0.19859664,0.7797045,0.6629329,0.7868513,0.4436319,Stable
0.43645436,0.39583588,0.46557614,0.68448156,0.5069443,0.38048822,0.7375792,0.80439514,0.69189084,0.28003594,0.7661163,0.69222116,0.7589567,0.20540842,0.77729696,0.66206336,0.7835176,0.44159445,Stable
0.4336476,0.39333794,0.46516675,0.6833908,0.5102937,0.38194126,0.7390353,0.80560803,0.69707954,0.2755821,0.76526755,0.68744826,0.7580341,0.2157921,0.77762645,0.6643228,0.78613496,0.44389337,Stable
0.4253683,0.39015302,0.4607906,0.6873412,0.5066258,0.38850912,0.74092925,0.80640435,0.6882162,0.2801749,0.76268387,0.67657655,0.646274,0.16852733,0.7769699,0.6637755,0.783875,0.4437101,Stable
0.42576453,0.39040384,0.4609676,0.6873478,0.50649667,0.38811338,0.74097264,0.80650973,0.6884351,0.28003722,0.7627293,0.67663425,0.64632946,0.16844591,0.7771623,0.663562,0.78408694,0.44357294,Stable
0.42568454,0.39559683,0.46087846,0.68775433,0.5146497,0.38620603,0.738408,0.8057451,0.6922943,0.27731168,0.7629253,0.69638765,0.6450509,0.17093258,0.7772026,0.66320676,0.78548026,0.44368255,Stable
0.42905128,0.39276037,0.4595601,0.68734956,0.5163798,0.38650274,0.740932,0.8177241,0.69462407,0.28191274,0.7595149,0.7219993,0.7525492,0.21836612,0.7789699,0.6597175,0.787377,0.44212887,Stable
0.42636174,0.39642602,0.4605238,0.68839926,0.51265115,0.39031816,0.7259111,0.80070615,0.6842396,0.29450044,0.7614,0.71198314,0.64620084,0.16815452,0.779433,0.6462613,0.7836145,0.43343502,Stable
0.41640627,0.4061626,0.4642824,0.6845157,0.51847976,0.38661906,0.7227332,0.7961031,0.68003196,0.2957571,0.760214,0.73117876,0.75545686,0.21299413,0.7805521,0.64385194,0.78134245,0.42873606,Stable
0.41587958,0.406058,0.46428156,0.6846525,0.5187357,0.3867432,0.72277474,0.7961206,0.6800696,0.29572633,0.7603495,0.7314509,0.75529075,0.2126854,0.7807955,0.6439248,0.781656,0.42893577,Stable
0.42036292,0.40637553,0.46438238,0.68559337,0.51142454,0.3906104,0.7200786,0.80409807,0.67513245,0.30100626,0.7556786,0.7307994,0.6521619,0.15622714,0.7752473,0.64526975,0.77631783,0.42689955,Stable
0.42728147,0.39556134,0.46119964,0.69071066,0.51069605,0.38894218,0.73624694,0.8129531,0.68071693,0.2895081,0.75743806,0.70002973,0.6549129,0.15195808,0.7703277,0.6502569,0.76510644,0.43145078,Stable
0.4280816,0.40051335,0.4622652,0.6918721,0.5103071,0.38961,0.73676276,0.8153213,0.69092745,0.29443762,0.7583107,0.7167597,0.6603744,0.14311716,0.7751726,0.65078545,0.7699885,0.43218958,Stable
0.42738706,0.4040415,0.46494278,0.6967416,0.5121112,0.39516294,0.7388465,0.81442475,0.6931201,0.28982496,0.76042926,0.7098528,0.75845903,0.21753949,0.77846444,0.6492391,0.77856463,0.43077084,Stable
0.42755795,0.4033022,0.46511734,0.6968416,0.5118307,0.3950636,0.73880166,0.8144397,0.6932587,0.28959835,0.7603581,0.7096425,0.75854504,0.21767199,0.77811044,0.64924854,0.7781398,0.43077883,Stable
0.41961312,0.40171075,0.47069216,0.70161474,0.51727664,0.39914465,0.75072044,0.81656027,0.6958163,0.29707927,0.75079024,0.68961465,0.76008034,0.22999167,0.78219557,0.6433536,0.78673875,0.44260782,Stable
0.4162624,0.40920275,0.47114617,0.7039418,0.51740944,0.4014215,0.7506828,0.833503,0.6988578,0.2976284,0.75253916,0.6890322,0.7634651,0.22917506,0.7796919,0.6554609,0.77966565,0.44304323,Stable
0.41788745,0.41151708,0.46953782,0.70269585,0.5133109,0.40249,0.74159515,0.830415,0.69952023,0.29487938,0.7552091,0.7057125,0.7678406,0.23480034,0.7740757,0.6673416,0.7763182,0.4467622,Stable
0.4169773,0.41584048,0.47391817,0.70268244,0.50813913,0.40074253,0.7416193,0.8295581,0.69492996,0.30070555,0.75898814,0.70217365,0.6730999,0.09085207,0.77537966,0.64848024,0.76712203,0.43055385,Stable
0.41747683,0.4143905,0.47385785,0.70271057,0.5079718,0.40073514,0.74147624,0.82954973,0.694654,0.30061835,0.7589736,0.7023024,0.67370725,0.09070366,0.7750022,0.6483438,0.7667605,0.43040568,Stable
0.41546768,0.4202317,0.47419876,0.70606697,0.5060534,0.40814218,0.7379911,0.8294084,0.6940908,0.30043298,0.7633285,0.7157835,0.67932963,0.088743776,0.7781095,0.6524613,0.76869965,0.43380213,Stable
0.41904157,0.41951275,0.47162402,0.7102574,0.50803304,0.41322207,0.74097264,0.8252275,0.6964421,0.29820132,0.75650525,0.70222294,0.6759646,0.09114664,0.77060217,0.66632736,0.7616606,0.4428173,Stable
0.4180913,0.42483336,0.47386426,0.7114229,0.5069901,0.4174512,0.73751587,0.82121414,0.69718,0.31049716,0.7606932,0.7342942,0.7622354,0.26094446,0.77475417,0.66355574,0.7660259,0.4343303,Stable
0.42792565,0.43295932,0.47203892,0.7132846,0.5022805,0.42377073,0.7349299,0.8221055,0.69973963,0.30644095,0.757864,0.77382374,0.7549299,0.26607102,0.7764765,0.6623038,0.77022254,0.44482952,Stable
0.42803073,0.43318266,0.47215578,0.7132672,0.5022036,0.42382726,0.7350143,0.8219991,0.6998205,0.30650312,0.75792307,0.77381366,0.7548754,0.26612517,0.7762518,0.6621591,0.7701452,0.4448486,Stable
0.43630347,0.43325162,0.46611953,0.7170005,0.4935963,0.42689747,0.7210963,0.8149523,0.66457665,0.32302406,0.75743186,0.7789905,0.74750483,0.28123575,0.77215666,0.6608401,0.7651392,0.44145748,Stable
0.4285619,0.43843827,0.46641466,0.71508694,0.4965181,0.42711526,0.724272,0.8179555,0.68654394,0.3204185,0.7593221,0.78542936,0.74862134,0.29340166,0.77135897,0.6598712,0.7631726,0.44422683,Stable
0.43391603,0.4402624,0.46913385,0.71676105,0.4951756,0.42418513,0.72483957,0.8162937,0.6777277,0.3376479,0.7615763,0.7876465,0.7501394,0.29423186,0.77083623,0.6599268,0.76136416,0.43418425,Stable
0.4238302,0.4396298,0.4691599,0.7158421,0.49709547,0.42261302,0.7256686,0.81870496,0.6667351,0.34123623,0.75975317,0.78102446,0.74178386,0.30086,0.76979303,0.6605108,0.7610841,0.44547045,Stable
0.42391333,0.43932196,0.46912736,0.7159996,0.49669003,0.42274544,0.72560996,0.8188373,0.6667123,0.34119546,0.7596638,0.78098625,0.7416239,0.30091614,0.76837915,0.6731567,0.7610373,0.4455745,Stable
0.419057,0.44553918,0.46513817,0.7159116,0.48953104,0.4263978,0.7132869,0.81300294,0.65624976,0.35269958,0.75966066,0.79030836,0.7450578,0.30469334,0.7650614,0.6603061,0.75934184,0.4467674,Stable
0.41379377,0.449157,0.46294737,0.7180037,0.4939139,0.4272645,0.71093845,0.80774057,0.6705567,0.35231847,0.75665295,0.81273574,0.74270433,0.29902554,0.7675492,0.65774244,0.75902027,0.4372507,Stable
0.41333288,0.45743722,0.4613764,0.720503,0.49656403,0.42711473,0.7072665,0.80446976,0.6728234,0.35517478,0.765506,0.81232876,0.74501485,0.31536317,0.7713825,0.6600551,0.76688427,0.4462214,Stable
0.40430483,0.4664789,0.46304506,0.7178156,0.49580175,0.42163008,0.69834536,0.8038839,0.6746246,0.35655165,0.7623737,0.8177818,0.7461962,0.3102023,0.77068114,0.65970504,0.7672159,0.4460741,Stable
0.40555012,0.46541318,0.46245524,0.71747804,0.49527586,0.42237255,0.6986942,0.8024289,0.66928995,0.3580932,0.763085,0.81636137,0.7478525,0.3189208,0.7694807,0.6589151,0.7654989,0.44675863,Stable
0.397516,0.47232795,0.46428093,0.7165901,0.5002515,0.42878982,0.6989543,0.8056587,0.67090243,0.35929823,0.75939345,0.81566966,0.7500025,0.30948478,0.7704546,0.66147393,0.76645654,0.4513623,Stable
0.39472693,0.472786,0.4701696,0.7196519,0.4965667,0.4233817,0.7066227,0.8040229,0.6727164,0.35900497,0.75897515,0.79297066,0.750103,0.31538287,0.77196705,0.66159284,0.7685721,0.44767866,Stable
0.39493227,0.47204694,0.47212312,0.7180266,0.49602517,0.4227551,0.70148605,0.8077778,0.6759167,0.35934457,0.7614834,0.81463784,0.7552802,0.31312466,0.768607,0.6622212,0.76698226,0.44837236,Stable
0.4027555,0.47576863,0.47031486,0.7201466,0.49762484,0.42309636,0.7052177,0.8003177,0.6827237,0.3577927,0.7601923,0.7937743,0.7477906,0.3085161,0.7713975,0.6629605,0.76891315,0.44976315,Stable
0.40269956,0.47594723,0.47025847,0.72009873,0.4976153,0.42332098,0.70504475,0.80029243,0.6827027,0.35793468,0.760172,0.79387236,0.74795294,0.3087067,0.771475,0.6629584,0.7689067,0.449849,Stable
0.402942,0.47744417,0.47125444,0.7191643,0.4959041,0.4251957,0.7100894,0.80227995,0.6796577,0.35798892,0.76209366,0.80767745,0.75641286,0.31248298,0.772102,0.65928954,0.7675768,0.4463552,Stable
0.39600086,0.48596165,0.47109503,0.71812797,0.50285125,0.43018878,0.7096131,0.80505216,0.67709386,0.35841858,0.7633275,0.7892491,0.7550768,0.31363294,0.77362657,0.64872986,0.7692017,0.44972083,Stable
0.38574395,0.48943383,0.47228512,0.7127719,0.49549899,0.4251325,0.70029664,0.79530233,0.66771954,0.36003464,0.764842,0.8170792,0.756309,0.30626363,0.7696256,0.64402115,0.7655884,0.44318646,Stable
0.39073437,0.48780274,0.47140986,0.71120185,0.49634454,0.423338,0.7043993,0.7977652,0.67383116,0.35900235,0.7587919,0.81041735,0.75403327,0.3163167,0.7683059,0.6446436,0.7640096,0.44526124,Stable
0.39078218,0.48787054,0.47143596,0.711205,0.49645782,0.42309397,0.7041645,0.7977048,0.6740722,0.3588806,0.7587627,0.8103823,0.7540108,0.3167228,0.76831144,0.6448273,0.76409566,0.44535097,Stable
0.3906983,0.48114106,0.47135782,0.71003485,0.49495742,0.42624897,0.7045397,0.7982863,0.67705816,0.35929263,0.75986785,0.8091788,0.7570016,0.31286654,0.77102464,0.64730954,0.7648896,0.44515604,Stable
0.39060956,0.47912544,0.47130224,0.71052074,0.4974788,0.4289096,0.7071378,0.79808515,0.67984235,0.35767817,0.7659423,0.8059919,0.7557089,0.3120262,0.77410364,0.64566386,0.76684594,0.44632918,Stable
0.39857945,0.4805059,0.4711586,0.7129301,0.49612164,0.43128228,0.70517206,0.7930652,0.67675364,0.3564021,0.76512563,0.80995774,0.75677794,0.31053442,0.77257484,0.64085585,0.76330423,0.4363695,Stable
0.39758822,0.4698337,0.47187695,0.7126013,0.49621016,0.42635703,0.71167874,0.79399645,0.6818051,0.35858673,0.76565975,0.7977633,0.7540445,0.3064698,0.7729427,0.63990724,0.76265967,0.43771666,Stable
0.39775297,0.4698189,0.4718206,0.712551,0.49623746,0.4264223,0.71149486,0.7940461,0.6818886,0.35850596,0.76538914,0.7976808,0.75392646,0.30673808,0.7729238,0.63998795,0.7626418,0.4377552,Stable
0.39385098,0.4694746,0.47592062,0.7138169,0.49725947,0.42410672,0.7128975,0.7992517,0.6794237,0.35775232,0.7580172,0.7829167,0.7507292,0.3186284,0.77141273,0.64082813,0.7613559,0.43656218,Stable
0.4003734,0.45186362,0.47790965,0.71129817,0.49706993,0.4257557,0.7137221,0.7950399,0.6786424,0.35222876,0.75046295,0.7490823,0.7509226,0.31798846,0.7715225,0.6444293,0.76372826,0.43359303,Stable
0.40535283,0.45537528,0.47916102,0.71153843,0.4987129,0.427311,0.7240321,0.80059326,0.6834166,0.35155267,0.7512459,0.72288585,0.75573295,0.30341515,0.7738914,0.64281905,0.7671099,0.43691283,Stable
0.40690094,0.4534275,0.47991642,0.7113413,0.4979853,0.42742848,0.72926724,0.8011729,0.6820864,0.34927452,0.7513704,0.72162604,0.7551092,0.30222192,0.7747146,0.64154506,0.7662777,0.4365875,Stable
0.40700424,0.45349,0.4798845,0.7113096,0.49787912,0.42753133,0.7289852,0.8012094,0.6794977,0.35008392,0.7512386,0.7215593,0.7555132,0.30191356,0.7746083,0.6414177,0.76614785,0.43626064,Stable
0.4106626,0.4520876,0.47566837,0.7122543,0.49898955,0.43088064,0.7214433,0.79434484,0.6783795,0.3491807,0.75484455,0.7163708,0.7541226,0.3031189,0.77692765,0.6318496,0.76843596,0.44426855,Stable
0.40302476,0.4438833,0.4765516,0.71103185,0.4990161,0.4330637,0.7217721,0.7937016,0.67749137,0.34916705,0.7554865,0.7125486,0.7537246,0.30358914,0.7780194,0.63389176,0.7678125,0.4472112,Stable
0.40423056,0.4485819,0.47988853,0.70991725,0.50100744,0.43047655,0.7272584,0.8018204,0.6707581,0.35410613,0.7548477,0.72742414,0.75464886,0.30497354,0.77374005,0.6313022,0.76380414,0.44549975,Stable
0.40376574,0.4483578,0.4820891,0.70803034,0.5006599,0.42745513,0.72935176,0.8031542,0.6759548,0.35334057,0.74904644,0.7014247,0.7523352,0.30758497,0.77527666,0.6340113,0.76797676,0.44561023,Stable
0.4036551,0.44835448,0.48205888,0.7080444,0.5006937,0.42741784,0.72937465,0.8031641,0.6760287,0.35326648,0.7490391,0.701353,0.7523133,0.3076613,0.7752688,0.63414896,0.7680088,0.44576067,Stable
0.39945242,0.4461858,0.47902036,0.7077946,0.4991349,0.42444855,0.7300157,0.80136937,0.67772907,0.35226125,0.7465603,0.6845968,0.75256485,0.3055914,0.7739918,0.6426003,0.7695954,0.4433504,Stable
0.39922887,0.44747207,0.4766698,0.7077057,0.49875984,0.42396426,0.7271787,0.7969188,0.6746534,0.35429788,0.7529683,0.7084634,0.75299037,0.30362117,0.7740685,0.63803387,0.76696247,0.43346164,Stable
0.3998948,0.44949386,0.47519583,0.706995,0.4968729,0.42429098,0.7266618,0.79438156,0.67198193,0.3561414,0.7532284,0.71358055,0.7508656,0.3033902,0.77511513,0.62649035,0.7639002,0.43239707,Stable
0.40097424,0.45138663,0.4816526,0.7062956,0.49854442,0.4236256,0.7294798,0.79472274,0.6766405,0.35313997,0.74956584,0.7082414,0.75193685,0.30476955,0.7713804,0.6394284,0.7663244,0.43097502,Stable
0.40050364,0.45000136,0.48162252,0.7063486,0.498367,0.42336327,0.7297127,0.7947759,0.676743,0.35324436,0.7496612,0.707816,0.75188005,0.30484688,0.771419,0.6394209,0.7663958,0.4310217,Stable
0.40164417,0.4453696,0.4788323,0.7055239,0.49742663,0.42300785,0.72619045,0.7930564,0.67893857,0.35271597,0.7470832,0.7052227,0.75201976,0.30643243,0.7700589,0.6406593,0.7684779,0.43424353,Stable
0.39681917,0.44021916,0.4769441,0.7050806,0.497661,0.42355323,0.71973556,0.7861406,0.6791608,0.35203922,0.7571539,0.7065334,0.7540142,0.3052275,0.77406335,0.64403045,0.7719092,0.44404376,Stable
0.39660805,0.43876356,0.48062503,0.70289505,0.49679917,0.41570884,0.721691,0.7881509,0.6837649,0.3504154,0.75107855,0.6923556,0.75373316,0.30380124,0.7739763,0.6444832,0.772608,0.44596434,Stable
0.39659798,0.4388066,0.48057956,0.70287275,0.49680722,0.41578907,0.72164214,0.78813976,0.68380827,0.35034364,0.75108564,0.69236624,0.75354546,0.30395907,0.77398294,0.6445093,0.7725909,0.44607922,Stable
0.40711066,0.44860908,0.4785802,0.70004886,0.4979841,0.41902754,0.72609466,0.79275286,0.6785357,0.3488471,0.75505555,0.714081,0.7499875,0.30306256,0.7710039,0.63794273,0.76705706,0.43601117,Stable
0.40707693,0.44807944,0.47513026,0.695116,0.49808693,0.4185573,0.7137848,0.7804793,0.6772351,0.34709477,0.75554407,0.7234882,0.7409503,0.30351683,0.7702004,0.6205765,0.759983,0.42944235,Stable
0.40466642,0.4459737,0.47465166,0.6929693,0.49719512,0.41335702,0.7220094,0.7896931,0.68000764,0.3451092,0.7622855,0.72752714,0.74398804,0.30238196,0.77060574,0.6376004,0.7652519,0.4360685,Stable
0.4017596,0.44575793,0.47234046,0.69136614,0.49724504,0.4133383,0.718763,0.7918563,0.6793989,0.34379518,0.75896037,0.72776115,0.74501014,0.3026741,0.77059233,0.64016736,0.76770985,0.44306552,Stable
0.40152204,0.44582182,0.47240692,0.6914322,0.4973331,0.413192,0.7186452,0.79190725,0.679847,0.3435883,0.75890434,0.72788,0.7450628,0.30278108,0.77061,0.6402066,0.7678107,0.4430464,Stable
0.4040678,0.4461218,0.47234592,0.6891978,0.49831182,0.41210136,0.7054453,0.7798734,0.6766965,0.34112054,0.76304334,0.7236924,0.743185,0.30325773,0.7671063,0.63806075,0.7648299,0.44382095,Stable
0.4044153,0.44940484,0.47560972,0.68986243,0.49766767,0.41368887,0.70192194,0.7726443,0.6746518,0.34028018,0.7587255,0.727472,0.7401736,0.3056563,0.76869595,0.6222609,0.76397705,0.44216856,Stable
0.4055569,0.44828933,0.47578406,0.6883623,0.4983498,0.41264695,0.70985305,0.77687526,0.6739973,0.33959234,0.759506,0.7221062,0.7451713,0.30047178,0.76899713,0.63715196,0.7638688,0.4424902,Stable
0.40061912,0.44418204,0.47598824,0.6872389,0.49782908,0.41185015,0.71973604,0.7844465,0.66909873,0.34249884,0.7622057,0.71960557,0.7464664,0.30084735,0.7731265,0.6352733,0.7690946,0.4443966,Stable
0.4011461,0.44454873,0.47594914,0.68705076,0.49791834,0.41182613,0.71983117,0.78426737,0.66875476,0.34260428,0.76235074,0.71910775,0.7462325,0.3010459,0.77326775,0.63526106,0.7692866,0.44447598,Stable
0.39826685,0.4389289,0.4761799,0.68470085,0.49741185,0.41150177,0.7146455,0.7814207,0.6704109,0.34171852,0.76158416,0.7256385,0.75423735,0.29974526,0.7764338,0.62183195,0.76839125,0.43523443,Stable
0.40691218,0.44029486,0.47674674,0.68555677,0.49748528,0.4142235,0.71311736,0.77562547,0.6645633,0.33878446,0.7610265,0.7271139,0.7600174,0.29501304,0.7740156,0.61984974,0.7641851,0.430376,Stable
0.40506023,0.442972,0.48045182,0.68665004,0.50124365,0.40939635,0.7171701,0.7800054,0.67846894,0.34072003,0.7643554,0.7251369,0.7530371,0.30273375,0.77476764,0.6235267,0.76535594,0.43392953,Stable
0.40451193,0.4361566,0.48123872,0.6839294,0.5010065,0.40835246,0.71719706,0.78014815,0.6787449,0.33686262,0.7590513,0.7071849,0.7485839,0.29946947,0.7756805,0.620724,0.76664066,0.43124136,Stable
0.40397382,0.43597186,0.48126197,0.683851,0.50101477,0.40824077,0.7171103,0.78013885,0.67879903,0.3368531,0.75913346,0.7074401,0.7484329,0.29940602,0.7756614,0.6207254,0.76668644,0.4312032,Stable
0.39957532,0.43556303,0.48206425,0.68203247,0.5014825,0.4075091,0.71410227,0.77859586,0.6809373,0.33998471,0.7635977,0.72152394,0.7510346,0.29533675,0.7756003,0.62077045,0.7686484,0.43154424,Stable
0.39998028,0.43377453,0.48303398,0.6802002,0.50229645,0.40814376,0.70685166,0.7754257,0.6829784,0.34099978,0.75842106,0.7209586,0.75430727,0.29335952,0.77397317,0.62406325,0.7695588,0.43389902,Stable
0.39878237,0.4367207,0.47827423,0.68189543,0.5019047,0.4082548,0.7032765,0.77440405,0.68198204,0.34121567,0.754159,0.72511137,0.7538415,0.3020457,0.7680832,0.63621306,0.7664582,0.43509746,Stable
0.40107477,0.43447348,0.4765898,0.68134046,0.5011579,0.4072482,0.6977167,0.7704823,0.68135303,0.33641845,0.7597642,0.72520375,0.7538724,0.2892541,0.76877105,0.6239341,0.76541936,0.4296645,Stable
0.401049,0.4344567,0.4765647,0.68130636,0.50121504,0.4070611,0.697649,0.7703377,0.68136656,0.33638927,0.7600278,0.7253811,0.75404686,0.28915814,0.7687714,0.6238012,0.76538295,0.4296747,Stable
0.39733407,0.43365753,0.48020512,0.6796979,0.49833095,0.40521014,0.6977708,0.76653236,0.6780155,0.33307713,0.76306546,0.75789523,0.760028,0.2840703,0.76990217,0.6195799,0.76446235,0.4263426,Stable
0.39359364,0.43374848,0.47866428,0.6766278,0.5032936,0.4069613,0.69729346,0.7641596,0.6772234,0.3300569,0.7576243,0.7421269,0.7593548,0.28317872,0.7701422,0.61042005,0.7637388,0.42420173,Stable
0.39339015,0.4311752,0.4781344,0.6744787,0.5050007,0.4090924,0.7001233,0.76431787,0.6792755,0.33177003,0.7616497,0.7403752,0.75904393,0.2847808,0.7723303,0.6091088,0.76438403,0.42490777,Stable
0.39656007,0.43643898,0.4790305,0.6757289,0.5009626,0.4046952,0.69698536,0.7586086,0.6779177,0.33574826,0.7626045,0.7594894,0.75627196,0.2881127,0.77116793,0.6184534,0.76438254,0.41673124,Stable
0.396509,0.43654308,0.47904235,0.67581177,0.50098604,0.40481287,0.69708574,0.7587956,0.6776731,0.33582792,0.76256603,0.7593314,0.75619406,0.28821322,0.7711253,0.6184376,0.7643501,0.41671044,Stable
0.39368463,0.4371333,0.4792804,0.6775739,0.50172204,0.4045884,0.69455767,0.7562357,0.67960465,0.33454162,0.7646297,0.74349016,0.7586857,0.2894693,0.7728185,0.6213789,0.7683265,0.42358488,Stable
0.39460403,0.43191296,0.47989652,0.6795816,0.5022475,0.4020449,0.6980518,0.76184726,0.6798214,0.33073923,0.76493496,0.74140763,0.7597313,0.2869778,0.7739247,0.6191491,0.7684042,0.42391336,Stable
0.39396763,0.43640956,0.47571653,0.68022525,0.5010791,0.40149623,0.6981064,0.75916445,0.6806177,0.33251184,0.763416,0.73986053,0.75823617,0.28762332,0.7752589,0.62009335,0.7690968,0.4233422,Stable
0.391088,0.4339704,0.47917724,0.6805228,0.5005098,0.40096104,0.70022225,0.7597434,0.68194056,0.32981473,0.7640235,0.73695457,0.7608955,0.28815013,0.7721572,0.63279283,0.767468,0.42303002,Stable
0.3916483,0.43424222,0.47919604,0.6805687,0.500529,0.4010821,0.7000059,0.75959295,0.68162036,0.3300941,0.76372516,0.73705834,0.76094973,0.28838727,0.771945,0.632879,0.76731217,0.4232372,Stable
0.39023185,0.43687576,0.47894773,0.6804134,0.5022871,0.40489194,0.68036,0.7488475,0.6694454,0.32704446,0.76322,0.7563468,0.7622752,0.27715605,0.7697887,0.62332416,0.7628437,0.41994318,Stable
0.39478922,0.43477616,0.47976086,0.681765,0.5057544,0.41149235,0.6946246,0.75584334,0.6730412,0.32933056,0.7629973,0.7552048,0.76043385,0.28640682,0.774738,0.62033206,0.76867193,0.42232084,Stable
0.39753282,0.43464375,0.47782132,0.6809416,0.50178754,0.40246975,0.69658893,0.7553464,0.6805367,0.32868472,0.7577206,0.76248217,0.7602564,0.2870892,0.77579015,0.6195361,0.76861334,0.4133321,Stable
0.4100718,0.43687415,0.4795755,0.6788091,0.50472826,0.40132937,0.6939115,0.7550473,0.68137854,0.33052707,0.76132816,0.76372993,0.7576264,0.28694102,0.77647626,0.6203567,0.77054286,0.41589242,Stable
0.41066307,0.43670315,0.4795401,0.67890215,0.50466037,0.40137613,0.69391316,0.75508356,0.6811857,0.33063394,0.761474,0.7637433,0.75732327,0.28717095,0.77646923,0.6201364,0.770486,0.4156798,Stable
0.4129605,0.44105706,0.48177978,0.67645353,0.5065523,0.39938825,0.69587815,0.75664943,0.6861395,0.32661256,0.7641277,0.74284405,0.75846857,0.2897337,0.7799587,0.60963875,0.77391934,0.4218343,Stable
0.40612862,0.4349326,0.48296854,0.6767771,0.504357,0.39749464,0.7029798,0.7583696,0.6867838,0.32564533,0.762148,0.7456831,0.76151437,0.29066157,0.7767484,0.6119198,0.76917994,0.4200823,Stable
0.4092198,0.43877912,0.4798877,0.6768632,0.5044166,0.39743122,0.69447035,0.75473255,0.6850575,0.3266247,0.75929487,0.75103986,0.75332916,0.3017834,0.77749413,0.6171678,0.7743757,0.4215487,Stable
0.41149864,0.44197878,0.48152992,0.6742519,0.5061395,0.3977883,0.69668,0.7564387,0.6820347,0.32965738,0.75551856,0.7562465,0.7516103,0.30502462,0.7809765,0.61912775,0.7787155,0.42311078,Stable
0.4114893,0.44215533,0.48151502,0.6744269,0.5061918,0.39782116,0.696794,0.7564782,0.6820347,0.32961398,0.75543445,0.7557025,0.7516633,0.30492663,0.7808618,0.6189407,0.77862513,0.42309284,Stable
0.41021153,0.44501862,0.4823047,0.67529505,0.5035674,0.39909658,0.7057349,0.77237356,0.6872058,0.32738227,0.7548703,0.74467224,0.7618305,0.28812268,0.78024364,0.6198559,0.77520674,0.4203629,Stable
0.41697025,0.45068204,0.4795501,0.67627144,0.5059004,0.4056036,0.69656986,0.7727131,0.6772331,0.33094865,0.74481213,0.7539418,0.75524855,0.29045793,0.77719235,0.62073463,0.77032083,0.42169642,Stable
0.4164885,0.4533224,0.47603446,0.67777455,0.5046757,0.40472722,0.68744224,0.76401275,0.6702101,0.32791707,0.75102127,0.7628085,0.7506711,0.29328996,0.77749836,0.6210372,0.77031076,0.42066526,Stable
0.4133335,0.4578166,0.47476888,0.67637897,0.5050075,0.40340874,0.69323176,0.7695109,0.67141247,0.32502455,0.75676155,0.747424,0.75192285,0.29632956,0.77783674,0.62048197,0.7726605,0.42398065,Stable
0.4133198,0.45786864,0.4747176,0.67640066,0.50499153,0.40337723,0.69314325,0.76935494,0.671445,0.32499602,0.75660276,0.74778724,0.75191104,0.29673865,0.77773726,0.6203689,0.77256244,0.4238349,Stable
0.41514072,0.45246038,0.47806317,0.6761247,0.50357264,0.4038642,0.696726,0.76427597,0.6686331,0.32259357,0.747534,0.73752344,0.75296426,0.29596016,0.7749223,0.6096822,0.7680115,0.42001504,Stable
0.4083668,0.45931268,0.47606808,0.67919105,0.4994006,0.40104294,0.69154584,0.7601087,0.6707768,0.32024676,0.7462725,0.75262964,0.7538135,0.2944605,0.77347076,0.61211205,0.7671462,0.41159004,Stable
0.41197634,0.45759302,0.48013377,0.6807958,0.50109553,0.40263197,0.6928898,0.7523737,0.66712993,0.32113713,0.75235283,0.75551957,0.7513653,0.29656008,0.7766013,0.61243826,0.76783633,0.41888592,Stable
0.40785038,0.45821235,0.4812063,0.67826474,0.50125206,0.40178543,0.6970172,0.7627554,0.6642098,0.32118756,0.75040007,0.74654007,0.757455,0.2888554,0.77371335,0.6108693,0.7670877,0.41999337,Stable
0.40817258,0.4581614,0.48121655,0.6783016,0.5010737,0.402076,0.6972674,0.7629377,0.66394174,0.32113865,0.75062865,0.74645984,0.7573459,0.28842634,0.773738,0.61071706,0.76716423,0.42011833,Stable
0.40577692,0.45680088,0.47684264,0.67897695,0.49975264,0.40101203,0.68387353,0.76104325,0.6682617,0.32307887,0.7490627,0.7537068,0.75527966,0.29160216,0.77544945,0.6111844,0.76800656,0.4182186,Stable
0.4057312,0.45770156,0.47748446,0.6779976,0.500049,0.39968652,0.6921269,0.7615139,0.6673701,0.32478926,0.74912995,0.745646,0.75290215,0.29588398,0.777812,0.61056215,0.77073073,0.4190006,Stable
0.4117665,0.46273768,0.4723173,0.6787645,0.5005952,0.40100956,0.69243425,0.7611746,0.67486155,0.33033097,0.7491266,0.74518394,0.75008464,0.29371202,0.7725692,0.62048113,0.77006614,0.42021248,Stable
0.41205108,0.45903593,0.47793075,0.68082285,0.5025803,0.40248132,0.6931305,0.75529945,0.66961735,0.32947004,0.75064564,0.74664617,0.7534369,0.29104403,0.78100157,0.6175746,0.7742069,0.41998476,Stable
0.41125256,0.45987833,0.47783145,0.6807513,0.50268567,0.402426,0.69319296,0.75528735,0.6694662,0.3296407,0.75053227,0.74656093,0.7534169,0.29123116,0.7810215,0.61746025,0.77429104,0.42003807,Stable
0.41354948,0.45656687,0.4784035,0.67881966,0.50176686,0.40067708,0.69391537,0.7550143,0.6670801,0.32889962,0.75133985,0.74264467,0.7526342,0.2945294,0.78122467,0.60792434,0.77402866,0.4187038,Stable
0.4119473,0.4597823,0.4760084,0.6763217,0.50160474,0.39918393,0.68896115,0.7512386,0.66437155,0.32502225,0.75201726,0.74465656,0.7552258,0.28442898,0.7770709,0.609347,0.77221173,0.417866,Stable
0.41041148,0.45468843,0.47276852,0.6741292,0.50358194,0.39952597,0.69152725,0.75286454,0.66889954,0.32104576,0.7515012,0.7351965,0.75991595,0.2836377,0.77657646,0.6137111,0.7726642,0.41876972,Stable
0.41253835,0.46114004,0.4761264,0.67331076,0.5040407,0.3936838,0.69503516,0.7545649,0.684764,0.3186309,0.7526735,0.737378,0.7665076,0.28021297,0.7808625,0.61313516,0.7751295,0.41430375,Stable
0.41349888,0.4577803,0.4761326,0.6731652,0.5041461,0.39396203,0.695012,0.7545167,0.6844133,0.3188253,0.7527195,0.737604,0.76655716,0.2802199,0.78089917,0.6129656,0.77500284,0.41431636,Stable
0.41402787,0.4530368,0.4773075,0.67296356,0.50318193,0.39192504,0.6977432,0.75495285,0.68268865,0.31945696,0.7572352,0.7318498,0.7659807,0.28104863,0.7809989,0.61053586,0.77677935,0.41399214,Stable
0.41730666,0.45150638,0.48014924,0.67338896,0.5048604,0.39212462,0.6982318,0.7529534,0.6860237,0.31735733,0.7558507,0.7344219,0.7616559,0.27769926,0.781609,0.60811156,0.7770374,0.41167694,Stable
0.41691548,0.44631988,0.4812144,0.6741268,0.5042126,0.3904954,0.7068293,0.75675416,0.6813048,0.319286,0.7629689,0.7215996,0.76757276,0.2729825,0.78145194,0.6051374,0.78039324,0.40969643,Stable
0.41825038,0.44212574,0.4827469,0.67227864,0.5037892,0.38960835,0.7071451,0.7557057,0.6807791,0.3183354,0.7596314,0.7233819,0.7606833,0.27744347,0.7795727,0.602381,0.7772762,0.40602696,Stable
0.4184756,0.4416265,0.4826463,0.6723332,0.50368977,0.38967812,0.707168,0.7557914,0.6806449,0.31833106,0.7596413,0.7233016,0.76068807,0.2775078,0.7795415,0.60227007,0.7772225,0.4059319,Stable
0.42069167,0.44397587,0.48161864,0.6678499,0.50486964,0.38944492,0.70218384,0.7529888,0.6794169,0.3191109,0.75893396,0.72583616,0.76711434,0.2720803,0.7808394,0.6037702,0.7788729,0.4077723,Stable
0.42344734,0.43897194,0.48091567,0.666979,0.5071723,0.38866752,0.691918,0.74805635,0.67635226,0.31792027,0.75334996,0.739762,0.76317376,0.27435791,0.7851846,0.609576,0.7790853,0.40781936,Stable
0.42857462,0.43663356,0.48211563,0.66667265,0.50823474,0.3900563,0.69662493,0.7486018,0.68075013,0.31559613,0.7541689,0.7331559,0.7676476,0.2707373,0.78571224,0.61101586,0.7810638,0.4172002,Stable
0.4245488,0.43740475,0.48255956,0.6667856,0.5071364,0.3911795,0.69815135,0.74904674,0.68233216,0.3143791,0.75645775,0.7350098,0.76212704,0.27535403,0.78295815,0.60786027,0.78010905,0.4107529,Stable
0.42456743,0.43739647,0.4825241,0.6667787,0.5071669,0.39105257,0.6980767,0.7489547,0.68251395,0.31432307,0.7565179,0.73527455,0.7622571,0.27536923,0.7829927,0.6078583,0.7801504,0.41073483,Stable
0.42532927,0.43527842,0.4827293,0.6669711,0.5039519,0.3928202,0.6974904,0.74683285,0.68101156,0.31558362,0.7562088,0.73473066,0.75972486,0.27652535,0.78091806,0.60328317,0.77661514,0.40768704,Stable
0.42552876,0.4325424,0.48242784,0.66620415,0.5034869,0.3942613,0.69803613,0.7458868,0.6870179,0.3122284,0.75642383,0.738034,0.7578363,0.27510327,0.7812942,0.6140716,0.7769871,0.4096989,Stable
0.42587182,0.43011868,0.4828061,0.6660356,0.506841,0.39233392,0.6986568,0.7459418,0.6855861,0.3113764,0.75696564,0.7349566,0.7564394,0.27633643,0.78333485,0.60672283,0.7760743,0.4090645,Stable
0.42778045,0.42970237,0.47992957,0.66571474,0.5053065,0.39163983,0.69780695,0.7455274,0.682336,0.31407028,0.7585732,0.7319827,0.7568605,0.2776847,0.7828649,0.6051159,0.7756082,0.40809518,Stable
0.42773062,0.42976385,0.47994766,0.66573274,0.5053648,0.3917656,0.6977121,0.7455386,0.68227243,0.31403685,0.7583461,0.7319224,0.75685495,0.27764302,0.78280294,0.60523665,0.77558464,0.40822887,Stable
0.42891818,0.4281312,0.4804462,0.66659987,0.50606704,0.39220566,0.6987947,0.7462599,0.6849667,0.31290162,0.7579803,0.72863543,0.7569988,0.2774703,0.7792772,0.6151072,0.7763276,0.4082799,Stable
0.42756283,0.4301028,0.48121393,0.6647454,0.50840515,0.3929634,0.6971202,0.74578947,0.6845803,0.31422088,0.75873315,0.73074937,0.7569902,0.27804595,0.7794573,0.6144195,0.7769406,0.40827343,Stable
0.42856297,0.42829043,0.48260015,0.6652415,0.5088843,0.3949778,0.69864815,0.74589086,0.686942,0.31260943,0.7573742,0.7313704,0.75935054,0.2774482,0.7812347,0.614025,0.7788495,0.40796372,Stable
0.42821467,0.42837486,0.48229605,0.664707,0.5077056,0.39375755,0.7003844,0.7472719,0.6858768,0.31316966,0.75933874,0.7284907,0.75814295,0.278224,0.78159165,0.61390483,0.7791642,0.4087822,Stable
0.42828557,0.42827433,0.4823526,0.66466683,0.5077617,0.39379364,0.70047784,0.7472972,0.68601346,0.31316072,0.7593765,0.7283311,0.7582302,0.27816546,0.7816515,0.61394495,0.77936214,0.40884063,Stable
0.4285496,0.42773744,0.48303568,0.6665968,0.50820225,0.39275092,0.70068526,0.7479701,0.6879131,0.311978,0.7594323,0.729076,0.7573015,0.2775374,0.7821211,0.6137076,0.7797434,0.40962994,Stable
0.42895746,0.42742985,0.4807858,0.6660836,0.5069996,0.39396322,0.6994821,0.74841946,0.6865744,0.31334835,0.7582314,0.72358745,0.7581284,0.27740592,0.78059983,0.612997,0.7784656,0.409203,Stable
0.42763495,0.42897922,0.47834644,0.6667339,0.5051214,0.3920833,0.69740415,0.74706674,0.6836233,0.3149985,0.7554735,0.72342885,0.7566747,0.27779618,0.7812524,0.6031499,0.77546084,0.40792352,Stable
0.4273623,0.4291377,0.4785858,0.66665703,0.50595605,0.39302784,0.6999278,0.74799526,0.6842119,0.31431672,0.75648826,0.72198594,0.7584621,0.277167,0.7824786,0.60346854,0.7768272,0.4077145,Stable
0.42731565,0.42915317,0.47856486,0.6666803,0.5058814,0.3930754,0.6999682,0.7480042,0.68411493,0.3143169,0.75651205,0.7219565,0.75838745,0.277184,0.78256005,0.6035428,0.77691185,0.4077654,Stable
0.426957,0.42927632,0.4791699,0.66567045,0.50698954,0.39165962,0.700349,0.74852455,0.6850842,0.3141332,0.7576673,0.7218983,0.75765485,0.27728993,0.78042936,0.6119376,0.7775166,0.40792036,Stable
0.4262471,0.42922437,0.47924125,0.66584224,0.5056354,0.3916454,0.7016933,0.7486743,0.6824867,0.31514472,0.7582104,0.7275669,0.7561518,0.2795335,0.78077066,0.612349,0.77757853,0.40996,Stable
0.42560238,0.4318356,0.47949487,0.6663997,0.5061995,0.39342672,0.69736457,0.746132,0.6833321,0.31544188,0.7521619,0.72741497,0.7573035,0.2847611,0.77954954,0.6150874,0.7774202,0.41119394,Stable
0.42498982,0.43231148,0.4794031,0.6658892,0.50655216,0.393709,0.6953386,0.74433154,0.6825348,0.31705976,0.74960274,0.72730935,0.7582172,0.28179783,0.77873826,0.6152545,0.77667946,0.4112581,Stable
0.42495164,0.43229795,0.47941613,0.6658933,0.5066646,0.3936431,0.69532216,0.7443366,0.68241614,0.31717074,0.74960196,0.7273595,0.7581951,0.28212884,0.77881444,0.61537385,0.77688825,0.411385,Stable
0.4230677,0.43280768,0.47935575,0.6663229,0.5068003,0.39458168,0.6975746,0.74446934,0.6800935,0.31743604,0.7506981,0.7260971,0.7583487,0.27823886,0.77899504,0.61586857,0.7769108,0.41177088,Stable
0.42646956,0.43210977,0.4808782,0.66808,0.50517225,0.39310154,0.69713706,0.7442645,0.6858925,0.31508696,0.75055,0.7263884,0.7568542,0.27691525,0.7786939,0.6161898,0.77691853,0.41168654,Stable
0.4249131,0.43278036,0.48074338,0.6681706,0.5044797,0.39329156,0.69630885,0.74386567,0.68462455,0.3159305,0.75123477,0.7263176,0.7556066,0.27725565,0.78028286,0.60665643,0.7748384,0.41069242,Stable
0.42439938,0.43194434,0.48128054,0.66801417,0.504515,0.39311445,0.69991106,0.74596655,0.6874268,0.3146109,0.75299686,0.72094774,0.75466883,0.27953526,0.78229773,0.6054838,0.77671456,0.40987074,Stable
0.42437994,0.43186003,0.48129496,0.66798204,0.5045215,0.39306784,0.70002025,0.7461838,0.6873874,0.31464875,0.7531859,0.72049445,0.75461686,0.27963394,0.78219354,0.6054729,0.7766124,0.40988693,Stable
0.42450637,0.43265042,0.47973344,0.668725,0.50714636,0.39344794,0.7001827,0.74809253,0.6880731,0.3140825,0.75505966,0.72129846,0.75383043,0.2803316,0.7818229,0.60801196,0.7770471,0.41127187,Stable
0.42356074,0.43237826,0.47873423,0.6690246,0.50787747,0.3942824,0.69764376,0.7461733,0.68922484,0.3146668,0.75207186,0.7262539,0.75670093,0.27672914,0.7770185,0.61675584,0.7756908,0.4111365,Stable
0.42346674,0.43308777,0.47816905,0.668471,0.5086028,0.39517474,0.69680405,0.74652326,0.6910808,0.31437272,0.75362206,0.72872436,0.7549545,0.27970946,0.7764275,0.6175902,0.7757529,0.4123333,Stable
0.42268774,0.43428117,0.4777881,0.66701216,0.5085021,0.3943101,0.6954384,0.7458262,0.690568,0.31388232,0.75218904,0.73278064,0.75616735,0.2813233,0.77867216,0.6170301,0.77507496,0.41270906,Stable
0.42258453,0.43436903,0.477745,0.66699755,0.5085856,0.39422116,0.695529,0.74586004,0.6907482,0.31390518,0.7522272,0.7327223,0.75628936,0.28129303,0.7787428,0.6170808,0.7751845,0.41272604,Stable
0.42134267,0.43589061,0.4772057,0.66732633,0.5088399,0.3947901,0.693395,0.745053,0.68821704,0.31627423,0.7527949,0.73555875,0.7562627,0.28169382,0.77637374,0.61640716,0.7757021,0.41279387,Stable
0.42228508,0.436445,0.47806463,0.66649747,0.50700414,0.39387056,0.69399637,0.7452407,0.68821424,0.3150445,0.7533591,0.7372246,0.7603588,0.28390437,0.7770369,0.61670876,0.7772123,0.41980228,Stable
0.42158753,0.43225226,0.4761551,0.66586024,0.50671136,0.39405245,0.6907531,0.7449869,0.68320006,0.31690127,0.7538508,0.74231696,0.76060385,0.28107744,0.7780969,0.61788577,0.7767743,0.41960105,Stable
0.4214234,0.43280968,0.47641143,0.66659653,0.51126516,0.39555427,0.6916568,0.74472517,0.68819755,0.31574905,0.7536298,0.7428667,0.76267874,0.2767023,0.7765001,0.6192055,0.7787232,0.4194257,Stable
0.4213223,0.43287978,0.47633862,0.66662276,0.51123977,0.39560336,0.6914804,0.7447238,0.6880344,0.31581947,0.7536337,0.7429335,0.76255816,0.27678728,0.7764691,0.6191556,0.7786821,0.41940698,Stable
0.42011154,0.4335431,0.4762257,0.66706157,0.5096881,0.3961277,0.69130105,0.746011,0.68450665,0.31736,0.75350446,0.7425911,0.7628269,0.27920902,0.77807164,0.6192349,0.77573955,0.41293567,Stable
0.41834363,0.43407512,0.4754692,0.66701216,0.5112169,0.39363527,0.6902308,0.7466396,0.68682134,0.3180531,0.7533059,0.7421899,0.7648299,0.27767956,0.77880144,0.62034565,0.77861047,0.41896254,Stable
0.41754302,0.43416756,0.4769284,0.66708636,0.5115161,0.3940555,0.6910164,0.7462454,0.68826663,0.31895274,0.75326055,0.74205345,0.770429,0.27114066,0.7791399,0.6202614,0.77738833,0.41072083,Stable
0.4181292,0.43493152,0.47656697,0.6669183,0.5117433,0.393234,0.69221234,0.74541295,0.6905577,0.31707284,0.7532661,0.7419171,0.7715453,0.27212536,0.778706,0.6211766,0.7765522,0.41047335,Stable
0.41812226,0.43494952,0.4765552,0.6669294,0.5117226,0.39327967,0.692105,0.74545187,0.6904313,0.31709886,0.7532653,0.741892,0.7714481,0.2721792,0.7786762,0.6212003,0.7765039,0.41051126,Stable
0.41749725,0.434635,0.47771698,0.66821307,0.51300627,0.3940994,0.69263333,0.74767727,0.69532704,0.31698972,0.75478506,0.7384256,0.77383417,0.27002156,0.7760605,0.61997,0.7769319,0.4095798,Stable
0.41764915,0.43380642,0.4791449,0.6688926,0.5148796,0.39476344,0.6929958,0.74807096,0.6985327,0.31546757,0.75366235,0.73709226,0.7742914,0.26645067,0.7766485,0.62146795,0.77788484,0.41133904,Stable
0.41827127,0.43411213,0.48146975,0.6710328,0.51666147,0.39506084,0.6962079,0.74713826,0.6999892,0.3152572,0.7545103,0.7321272,0.767753,0.2741024,0.776833,0.6208146,0.7780971,0.41261923,Stable
0.41796875,0.43326938,0.48270616,0.6716434,0.5179377,0.39369035,0.695938,0.7476606,0.7003627,0.3140387,0.75414896,0.7300975,0.7721452,0.2691896,0.7772716,0.62114644,0.77823085,0.41206652,Stable
0.41797596,0.43331242,0.48271987,0.6716461,0.51794845,0.39368677,0.6959448,0.74767125,0.70034164,0.31404686,0.75416505,0.73008335,0.7721423,0.26913303,0.77728486,0.62115896,0.778245,0.4120701,Stable
0.42016125,0.43334955,0.48253542,0.674785,0.5178864,0.39328274,0.699435,0.7527069,0.7015985,0.31308445,0.7536011,0.7377137,0.7663302,0.2754105,0.7789906,0.6202146,0.78119344,0.41853222,Stable
0.420343,0.43437874,0.48307455,0.67536944,0.51748735,0.39287537,0.6972182,0.74779284,0.70129097,0.31298184,0.75334454,0.7399169,0.76684,0.27703094,0.77815264,0.62004095,0.7802421,0.41865623,Stable
0.42509198,0.43749508,0.48623532,0.67662257,0.514973,0.39319187,0.7023963,0.7513555,0.7001039,0.31281,0.75599694,0.735952,0.76866317,0.27778745,0.7797663,0.6169339,0.7794881,0.41047275,Stable
0.4251861,0.43628642,0.4876103,0.6774894,0.51365906,0.39350402,0.70495343,0.75374,0.70104027,0.31289285,0.7552837,0.73693097,0.76871014,0.2736419,0.7808374,0.6164744,0.78010696,0.4088467,Stable
0.42530453,0.43650877,0.48758265,0.67751896,0.5137578,0.39371383,0.70439565,0.7533654,0.7008835,0.31304187,0.7550459,0.7380425,0.7686564,0.2736557,0.7808807,0.6164873,0.7800797,0.40901646,Stable
0.42541966,0.43684983,0.48696655,0.6776044,0.5142437,0.39498502,0.70215285,0.7542788,0.7017294,0.31327805,0.7534803,0.74198544,0.76950896,0.27430683,0.7799889,0.6173837,0.7796558,0.41075665,Stable
0.42540023,0.43669638,0.48529482,0.676559,0.5137998,0.39712936,0.70154333,0.7540122,0.70092356,0.31414717,0.7535739,0.74245423,0.76937115,0.2743224,0.77858776,0.61747634,0.778996,0.41145307,Stable
0.42574137,0.43624255,0.48372003,0.67862225,0.5140462,0.39686757,0.69604075,0.7480363,0.7013451,0.31475425,0.75372994,0.745747,0.7679507,0.27449566,0.777375,0.61875343,0.7777216,0.41128027,Stable
0.42482978,0.43923092,0.48384166,0.67874634,0.51201934,0.397191,0.6964778,0.74702156,0.6975759,0.31501558,0.75465465,0.74630654,0.76829267,0.27194738,0.7759391,0.6182147,0.7757766,0.41106147,Stable
0.42489016,0.43909764,0.4838814,0.67875236,0.51200503,0.3970928,0.69661206,0.7470914,0.69748735,0.31497228,0.75470245,0.7461648,0.76822895,0.2718677,0.7760476,0.6181064,0.7758261,0.41090402,Stable
0.42589194,0.43569243,0.4832744,0.67815924,0.51287,0.39647382,0.6945163,0.74811506,0.6965647,0.31464508,0.7532499,0.7449054,0.76724935,0.26776558,0.77870053,0.6187008,0.77686906,0.4125235,Stable
0.42458948,0.43931204,0.4844426,0.6759851,0.51486135,0.39516318,0.69871247,0.75315523,0.69958293,0.3120888,0.7537703,0.7439715,0.76407313,0.269047,0.7781352,0.6172008,0.77793694,0.412013,Stable
0.42571518,0.43670246,0.48478445,0.6779606,0.5153674,0.39424035,0.7004306,0.7498939,0.69758,0.3141234,0.75917625,0.7410524,0.76612276,0.26874667,0.7783925,0.6155387,0.7767576,0.4106424,Stable
0.42523038,0.43633413,0.48375803,0.67761934,0.5137739,0.3923642,0.7017524,0.7518951,0.69367445,0.3151102,0.75716555,0.73797035,0.7636701,0.27742618,0.7777983,0.6147652,0.77674645,0.40884882,Stable
0.42553708,0.43621767,0.48398584,0.677734,0.51390874,0.39249384,0.7018756,0.7520633,0.6935751,0.315073,0.75738496,0.73783755,0.76390165,0.27731586,0.7779853,0.6147265,0.77689624,0.40886074,Stable
0.42147225,0.43444285,0.48254478,0.67542547,0.5152875,0.39262316,0.7009863,0.7521082,0.6944634,0.3153376,0.7570822,0.73462766,0.7652178,0.27429295,0.78005946,0.6153798,0.7801143,0.40897378,Stable
0.419139,0.43377623,0.4841228,0.6736095,0.51799464,0.39026698,0.6998639,0.75255626,0.6970513,0.31554562,0.75483143,0.736204,0.7601445,0.28076246,0.77941084,0.6159969,0.7797235,0.4088635,Stable
0.41592252,0.43323743,0.48397416,0.6710713,0.5179118,0.3894891,0.7005944,0.7519421,0.701873,0.31320664,0.7554513,0.7382206,0.76043046,0.28149492,0.7766528,0.61579007,0.776297,0.40734214,Stable
0.4184543,0.43238074,0.48382184,0.67112154,0.519657,0.38759804,0.7034053,0.7537753,0.7022564,0.31375775,0.75430745,0.7311388,0.76096666,0.27771622,0.780898,0.6175763,0.77921045,0.40979403,Stable
0.41834173,0.43231398,0.4838074,0.67118,0.5197069,0.38766068,0.70359373,0.7538158,0.70234895,0.313722,0.7543728,0.7313421,0.76081836,0.27772412,0.78085935,0.6175807,0.7792029,0.4097868,Stable
0.4172313,0.42993927,0.4830103,0.6680329,0.5188788,0.38707492,0.70456755,0.757143,0.69684905,0.3153109,0.753829,0.72091603,0.7641815,0.2786951,0.7800712,0.61852026,0.7791302,0.41154382,Stable
0.4135731,0.4286402,0.48649368,0.66750395,0.5206251,0.3854282,0.7065624,0.7573661,0.69626796,0.31520188,0.7531397,0.71527624,0.76155204,0.27648777,0.7768668,0.6215844,0.7800316,0.41897985,Stable
0.41443163,0.4261173,0.4871391,0.66579175,0.5224838,0.38317475,0.70801944,0.7562734,0.70723855,0.31188336,0.7532529,0.71865046,0.76466346,0.2791516,0.77695024,0.6227629,0.7779783,0.412698,Stable
0.4120079,0.42630744,0.48328787,0.6633185,0.5225824,0.38206637,0.7059075,0.7543725,0.7028055,0.3129981,0.75555134,0.717644,0.7671374,0.27880195,0.7792928,0.62016594,0.77975315,0.4183658,Stable
0.41245672,0.4268191,0.4832319,0.66339743,0.5227398,0.38211986,0.70591927,0.7543744,0.70274925,0.31307214,0.7556252,0.7175187,0.7671571,0.27868655,0.77933145,0.6200511,0.7797532,0.41834438,Stable
0.41509205,0.42588395,0.47918805,0.6606277,0.52016324,0.38437495,0.6997408,0.74953717,0.681885,0.3126917,0.75706047,0.72173685,0.7710116,0.2719487,0.77909565,0.6073771,0.7756852,0.40969366,Stable
0.41503417,0.4248997,0.48349783,0.66106206,0.5193114,0.38320667,0.7064438,0.75294137,0.67917293,0.31643096,0.75427526,0.71499705,0.7645689,0.2825023,0.77884334,0.6045768,0.7743057,0.40785965,Stable
0.41705784,0.42299876,0.48114973,0.6612456,0.51810205,0.38376522,0.70781964,0.7531289,0.67448604,0.31778777,0.7564856,0.7130445,0.7621616,0.2855423,0.7774757,0.6034087,0.7693192,0.40918905,Stable
0.41712403,0.42239344,0.48170325,0.66053545,0.5190114,0.38901314,0.71157014,0.75427926,0.67300147,0.31643766,0.7603556,0.7105582,0.7632024,0.28039202,0.7807259,0.6042179,0.7729816,0.40910292,Stable
0.41715965,0.4223498,0.48172778,0.6605021,0.5189892,0.38903198,0.7113852,0.75422806,0.6730489,0.3165008,0.7603817,0.710592,0.7632029,0.28043026,0.7806783,0.60419,0.7729565,0.409142,Stable
0.41721603,0.4251722,0.48543927,0.65980947,0.51761544,0.39038333,0.7078173,0.75370455,0.6716261,0.31657755,0.7603111,0.71541184,0.7598161,0.27875075,0.7809014,0.6054798,0.7737454,0.40817198,Stable
0.4175541,0.42689967,0.48777944,0.65861833,0.51462096,0.39018148,0.70811594,0.75437635,0.66756797,0.31516176,0.7637607,0.7046062,0.75521296,0.2819473,0.7810967,0.60526055,0.7719389,0.4087387,Stable
0.41541398,0.42468536,0.4821691,0.6616599,0.5178319,0.39033383,0.7111757,0.75309634,0.6798913,0.31365347,0.75959873,0.70544046,0.76059526,0.28203708,0.77687144,0.62101436,0.7713599,0.41323775,Stable
0.41466412,0.42639264,0.48098895,0.66511476,0.51483184,0.39371222,0.7134929,0.752715,0.67987055,0.30286968,0.756488,0.7092256,0.76020265,0.26768082,0.7754208,0.61908865,0.7686078,0.41210622,Stable
0.41470116,0.4264061,0.4810147,0.6651084,0.5148793,0.39368373,0.7133319,0.7526847,0.6798724,0.30291083,0.75634706,0.7093948,0.76017785,0.26775837,0.7753929,0.61910635,0.76856965,0.41212556,Stable
0.416003,0.4313112,0.48132086,0.6654951,0.5114042,0.39657027,0.7159073,0.75610673,0.67533106,0.3098445,0.75445044,0.71887076,0.7607638,0.27825344,0.7761154,0.6152671,0.76986563,0.40770936,Stable
0.42118716,0.43051228,0.48245955,0.66578543,0.50984234,0.3956085,0.71573204,0.7556843,0.68013495,0.31000593,0.7593004,0.7175435,0.7467438,0.27715528,0.7793939,0.6051678,0.77357453,0.40715128,Stable
0.42280716,0.42914066,0.48769784,0.6718706,0.5053978,0.39446437,0.71875095,0.75638217,0.6935913,0.31282765,0.76269525,0.7149739,0.7471658,0.29188198,0.77730453,0.6157868,0.7767904,0.40734908,Stable
0.42011744,0.4274604,0.48758885,0.6731566,0.5113443,0.39976454,0.71403015,0.74976814,0.695614,0.31112516,0.7658993,0.71379447,0.74912065,0.299616,0.7756369,0.6199008,0.7768862,0.4091092,Stable
0.42052805,0.4275496,0.48752388,0.673453,0.5110927,0.39976603,0.7138354,0.74964964,0.6956835,0.3110307,0.7657541,0.7140457,0.7489793,0.29970267,0.7756654,0.62004876,0.7768616,0.4092395,Stable
0.4198347,0.4293234,0.4837066,0.67286754,0.5069828,0.3973679,0.7206197,0.75380087,0.69803727,0.3118167,0.76010346,0.7060248,0.7465195,0.27994248,0.77683204,0.6232071,0.7755507,0.41213256,Stable
0.42185983,0.43171203,0.48785055,0.67686415,0.51056904,0.39730594,0.7178689,0.7549555,0.7129621,0.30743045,0.7546806,0.7051193,0.7519243,0.29814988,0.7770344,0.6247387,0.77670133,0.42170984,Stable
0.4228785,0.43359083,0.48531374,0.67531747,0.51032245,0.3948387,0.725469,0.7558142,0.7103766,0.30743808,0.75952065,0.71111596,0.7482714,0.29937437,0.7765821,0.6246407,0.7762257,0.41217586,Stable
0.42326793,0.43051946,0.4857293,0.6765861,0.5089077,0.3958072,0.72216165,0.7553959,0.7057616,0.30928236,0.7605547,0.7183663,0.7433547,0.2818418,0.77370524,0.62450415,0.77221006,0.4134618,Stable
0.42304432,0.43017027,0.48573178,0.6764752,0.5090209,0.39571163,0.7219791,0.7553598,0.7059197,0.3094014,0.76049674,0.71847725,0.7434182,0.28185734,0.7737303,0.62461317,0.77223986,0.41362906,Stable
0.42245984,0.43277442,0.4926858,0.6794107,0.5102068,0.39726302,0.7189518,0.7524745,0.7130329,0.30245355,0.7594112,0.7181798,0.7501063,0.29745913,0.77575326,0.62572575,0.7789086,0.42238852,Stable
0.4199284,0.43311068,0.49234945,0.6788056,0.5117177,0.39659005,0.7275084,0.7574877,0.7148118,0.30506003,0.7552988,0.70422006,0.75041765,0.31227535,0.7741914,0.63885796,0.7800709,0.42704833,Stable
0.4185863,0.43370485,0.4840867,0.6737312,0.51212174,0.39619637,0.72343814,0.7539091,0.7115931,0.31386748,0.75322175,0.6968011,0.75382274,0.31606996,0.7742107,0.6296375,0.7770903,0.4272039,Stable
0.4178024,0.42894822,0.4848939,0.6712744,0.51768845,0.3987412,0.72374505,0.7553077,0.7009565,0.30587494,0.7548766,0.6955557,0.7568869,0.29847592,0.7750169,0.62557846,0.7768531,0.4261902,Stable
0.41777968,0.42919752,0.48478946,0.67129105,0.51778114,0.39884567,0.72352326,0.7553433,0.7008855,0.30591837,0.7548144,0.6958345,0.7568964,0.29849938,0.77493787,0.62559456,0.7767745,0.42617178,Stable
0.42031452,0.42954487,0.48987544,0.6720709,0.51586473,0.39801475,0.7231039,0.75854886,0.7013328,0.309286,0.7606188,0.6960938,0.7549137,0.30069387,0.7749903,0.6174183,0.7808782,0.42314288,Stable
0.4184842,0.42691743,0.48903108,0.67285573,0.51352143,0.39659286,0.72181153,0.7525484,0.69957393,0.30564463,0.7610411,0.70306706,0.75370824,0.28667718,0.7759955,0.61909884,0.7789123,0.4137501,Stable
0.41630313,0.41623974,0.48250684,0.6684176,0.51345915,0.38978943,0.72812337,0.7576523,0.7025313,0.30543375,0.7556075,0.70407677,0.7531125,0.2872675,0.7731488,0.6211993,0.77467555,0.41213533,Stable
0.41774243,0.41405004,0.48539025,0.6656245,0.50888884,0.39075038,0.72964084,0.7581582,0.6968049,0.30890125,0.7599212,0.699804,0.75241107,0.27699506,0.7754056,0.618827,0.7756895,0.41043133,Stable
0.41766652,0.41401863,0.48539543,0.66558546,0.5088191,0.39081198,0.72956795,0.75815403,0.6967602,0.30897617,0.7599212,0.69993347,0.75263274,0.27711242,0.77537835,0.6187824,0.77562946,0.41048428,Stable
0.41176522,0.40697432,0.4910191,0.6636981,0.50802153,0.38901478,0.73079336,0.75561666,0.6924626,0.3149921,0.75879735,0.70032465,0.7577479,0.28022328,0.77833,0.60924053,0.7811297,0.42044732,Stable
0.41269132,0.40796793,0.4884349,0.6638253,0.51119936,0.38328278,0.71607274,0.7463357,0.70370525,0.3127736,0.7589907,0.6962716,0.7601062,0.2925961,0.77591723,0.6223311,0.78090215,0.41946268,Stable
0.40770775,0.41036004,0.48993573,0.65873,0.51176834,0.3886255,0.7340829,0.7498964,0.70141363,0.30804586,0.7613996,0.6960454,0.7574998,0.28932834,0.77807254,0.6235081,0.7836385,0.42520568,Stable
0.4065209,0.41338515,0.4852963,0.6530147,0.5099809,0.3814562,0.73199916,0.7435205,0.70653623,0.29840532,0.7665328,0.6890988,0.7563902,0.27887952,0.7793288,0.6085277,0.7780947,0.40965867,Stable
0.40716848,0.41223794,0.48542973,0.65321654,0.50996894,0.38147676,0.73199165,0.7435132,0.7067102,0.29842982,0.76618445,0.6895649,0.756006,0.27895224,0.77943194,0.6086654,0.7780446,0.40978152,Stable
0.40920585,0.41317257,0.4871142,0.652043,0.51376295,0.38410544,0.72842526,0.74290514,0.70795006,0.29888728,0.7664784,0.68956554,0.7542827,0.2800727,0.77827036,0.62104404,0.780483,0.4219423,Stable
0.41313493,0.4089774,0.48465487,0.6516477,0.5150051,0.38133967,0.7280783,0.7386855,0.7030236,0.30072796,0.76078534,0.6875353,0.7523372,0.27088672,0.7790994,0.60547477,0.77933925,0.4177491,Stable
0.4136163,0.40538704,0.48729295,0.64800817,0.5160184,0.3787168,0.7334262,0.73994344,0.7048122,0.30223122,0.7664665,0.6658134,0.75794697,0.27843285,0.7810708,0.6074445,0.7786099,0.4191031,Stable
0.41598916,0.39946637,0.48235464,0.64777315,0.51901126,0.3760414,0.7329812,0.73818564,0.71220756,0.29847306,0.76656985,0.6631882,0.75460815,0.28044182,0.77690214,0.60453975,0.77281135,0.41190356,Stable
0.41588324,0.39940938,0.48236057,0.6478026,0.51898676,0.37614238,0.7329997,0.73828185,0.7122663,0.29859275,0.7665488,0.6626455,0.75461495,0.28051752,0.7768036,0.6045203,0.7726492,0.4119309,Stable
0.41546065,0.39934894,0.4850573,0.64646655,0.51781505,0.3700858,0.7335752,0.739438,0.7047393,0.29370242,0.7692711,0.6460914,0.7631378,0.29379344,0.77766085,0.6071886,0.7727878,0.4111393,Stable
0.4134564,0.40282723,0.48910564,0.6417744,0.52175415,0.36724052,0.73153347,0.7304083,0.71307564,0.28665257,0.77115333,0.6648168,0.7529421,0.29178712,0.77887577,0.6041182,0.7741081,0.40752205,Stable
0.41237164,0.40346324,0.4850838,0.6431929,0.5235112,0.36451218,0.7352128,0.73304313,0.7224103,0.28166014,0.7738707,0.65271556,0.764389,0.30301744,0.78024286,0.6061108,0.7759933,0.41051,Stable
0.4127025,0.40217686,0.49139935,0.64316285,0.5186513,0.36744174,0.7412027,0.7347188,0.71305317,0.2858789,0.7713479,0.6528562,0.7652308,0.25544906,0.7800516,0.60421145,0.7735545,0.4053266,Stable
0.41271043,0.40180084,0.49141586,0.64318585,0.51865196,0.3674266,0.7411674,0.7347157,0.7130706,0.28577894,0.77134776,0.6530015,0.7653765,0.25571153,0.7799599,0.60420126,0.77348113,0.405406,Stable
0.41576156,0.4020751,0.4875478,0.6409088,0.51493824,0.3634374,0.73466057,0.73217905,0.7034206,0.29266173,0.76791525,0.6532695,0.7685124,0.23827545,0.77433145,0.60087776,0.7677411,0.40188715,Stable
0.41703463,0.40812075,0.49245763,0.6394439,0.52168894,0.3600008,0.7377397,0.734646,0.7165255,0.28921673,0.7642633,0.64461493,0.76923287,0.26716202,0.7738141,0.59951603,0.7687017,0.40175962,Stable
0.41760954,0.41168746,0.49259412,0.6388377,0.5233176,0.35484076,0.72637343,0.7257759,0.72171205,0.28592044,0.76418936,0.636464,0.7652997,0.24208745,0.778429,0.5910258,0.7723862,0.39863512,Stable
0.41497833,0.41024742,0.49222538,0.63970214,0.5273894,0.3576301,0.7316186,0.7234727,0.7219229,0.28052574,0.77014846,0.6334436,0.76824,0.2662589,0.77942884,0.59029186,0.7714809,0.39546627,Stable
0.4144183,0.41018116,0.49217737,0.6397375,0.5273677,0.35760006,0.7319248,0.72345424,0.72198796,0.28057432,0.77011144,0.63356733,0.7681691,0.26656476,0.77945393,0.5903431,0.7713921,0.39540166,Stable
0.40961444,0.41144848,0.49276567,0.63935417,0.52701855,0.35892615,0.73847973,0.7327849,0.72477055,0.2745216,0.77314204,0.6333405,0.768448,0.27357438,0.78238523,0.5923056,0.77248263,0.39435446,Stable
0.41660103,0.41292107,0.49278116,0.6396462,0.5249345,0.36244652,0.74012196,0.73304266,0.720917,0.2822793,0.76662374,0.62041926,0.77195716,0.2430532,0.7815455,0.5930673,0.7737206,0.3950916,Stable
0.41667002,0.41591248,0.49480307,0.64095044,0.5198063,0.36391008,0.7376733,0.7266399,0.7079999,0.28808343,0.7718632,0.6291475,0.76940894,0.24125013,0.7820331,0.59325767,0.77338433,0.3936389,Stable
0.41865212,0.42534602,0.49488944,0.6383182,0.5175611,0.3660948,0.73480463,0.724404,0.70096755,0.29180774,0.7591271,0.6556566,0.7636694,0.2267199,0.77972376,0.5902733,0.77138495,0.39152187,Stable
0.4187743,0.4255213,0.49494025,0.638346,0.51756227,0.366091,0.73481405,0.72437924,0.7009586,0.29187882,0.75913924,0.65597236,0.76392925,0.22679394,0.7796854,0.59024054,0.7713649,0.39144346,Stable
0.41902655,0.42560837,0.49577424,0.6384605,0.5172231,0.3662954,0.73652565,0.7236812,0.70154923,0.28968167,0.77077246,0.67616844,0.7617817,0.23356721,0.78181326,0.5918906,0.77572227,0.39916986,Stable
0.41920695,0.42779753,0.49624872,0.640664,0.5183357,0.36573002,0.73686594,0.72538155,0.70358795,0.28496096,0.7713636,0.6657087,0.7558267,0.2354375,0.7807054,0.59251547,0.77588385,0.4034077,Stable
0.41841075,0.43042803,0.4904824,0.63984555,0.5153121,0.3579155,0.7348735,0.72598016,0.706779,0.28127673,0.76742995,0.6502886,0.7538283,0.252389,0.77516955,0.6008052,0.7730743,0.40501186,Stable
0.41319764,0.43225408,0.4904849,0.63852304,0.51630247,0.35850403,0.73009765,0.7289901,0.702006,0.28166795,0.7709033,0.6510202,0.7538307,0.28251463,0.7768549,0.59661263,0.7729417,0.4057758,Stable
0.413356,0.4321426,0.490412,0.63857365,0.5164535,0.35843176,0.72994924,0.7291057,0.70218575,0.2815807,0.7706957,0.6510616,0.7536452,0.2827559,0.7767374,0.596614,0.77285874,0.4058885,Stable
0.40907022,0.4352859,0.4894991,0.6397038,0.518016,0.3574955,0.73280877,0.7289587,0.70555127,0.28374058,0.7685353,0.67289615,0.758335,0.2830722,0.7760669,0.6062351,0.7763634,0.40867683,Stable
0.40899166,0.4341029,0.49299735,0.64105725,0.51689035,0.35878533,0.7304385,0.72858036,0.6996967,0.29132706,0.76227564,0.6901196,0.76099443,0.28365713,0.779396,0.60300744,0.77766097,0.4094826,Stable
0.4083341,0.43465972,0.4887358,0.63931286,0.51633954,0.35848153,0.7335055,0.72767484,0.7003564,0.2844159,0.76623523,0.65240306,0.7660228,0.28271207,0.7830159,0.6022947,0.7811298,0.4083618,Stable
0.40911266,0.434625,0.48874253,0.64014995,0.51664865,0.35978132,0.7322819,0.7297509,0.6946893,0.29406786,0.771372,0.6565014,0.76231086,0.28576148,0.78206015,0.6071764,0.7828319,0.4088149,Stable
0.40909725,0.43457565,0.48879862,0.64014137,0.5166713,0.35981804,0.7325945,0.72966564,0.6947874,0.29405093,0.771358,0.65624535,0.7622535,0.28568822,0.7820565,0.60721207,0.7828039,0.4088553,Stable
0.41425675,0.434463,0.4887596,0.6412301,0.51974434,0.36404237,0.7349901,0.7285623,0.6920991,0.2951213,0.7677618,0.6512405,0.75774455,0.284645,0.78160024,0.6082177,0.7825787,0.4099103,Stable
0.41686958,0.4349402,0.49464533,0.6412358,0.5179337,0.36337885,0.73510385,0.729164,0.69173354,0.2922009,0.76463795,0.6853651,0.7571394,0.2996428,0.7846471,0.6002188,0.78273124,0.4087425,Stable
0.41536865,0.4344837,0.4928361,0.6414473,0.51841235,0.36339507,0.7338029,0.73003215,0.697157,0.28244913,0.7660904,0.6878917,0.76562023,0.2811396,0.7845399,0.5970005,0.7813479,0.4054341,Stable
0.41242027,0.4342539,0.49319753,0.6408005,0.51864374,0.36511862,0.7327043,0.7300799,0.6977503,0.28302622,0.7683343,0.65260684,0.76309526,0.25203666,0.7836046,0.59555197,0.7798861,0.40404436,Stable
0.41234657,0.43436798,0.49321854,0.6407907,0.518771,0.36519575,0.7326652,0.7300207,0.6979162,0.28305504,0.7685065,0.65272826,0.7629737,0.25204992,0.7837018,0.59558225,0.7799646,0.4042047,Stable
0.41233525,0.43554384,0.49327207,0.64108264,0.51577204,0.3609483,0.73582804,0.7306792,0.69761264,0.29033107,0.7661907,0.64791936,0.763179,0.28902853,0.784671,0.59557164,0.7821509,0.407059,Stable
0.41389868,0.43442607,0.4932528,0.6413963,0.5188801,0.36790758,0.74304724,0.7285373,0.6964178,0.29246327,0.76729035,0.6700699,0.7710078,0.26156235,0.7848892,0.5935364,0.78091526,0.40372616,Stable
0.4123714,0.43426442,0.49182403,0.64186347,0.5185068,0.36608672,0.7392418,0.72760296,0.6948831,0.29333445,0.7700381,0.66714275,0.7602073,0.28262317,0.7839982,0.5937885,0.7800707,0.40538985,Stable
0.41551358,0.43473276,0.49385032,0.64143133,0.5197374,0.36574718,0.73277044,0.73475856,0.69602597,0.28579324,0.76593673,0.66765046,0.755679,0.28624892,0.7817525,0.59972364,0.7791244,0.4118982,Stable
0.41572747,0.43467638,0.49380344,0.64139366,0.51971227,0.36580104,0.7329153,0.73463917,0.69599545,0.28583798,0.76590693,0.66768336,0.7554656,0.2863535,0.781767,0.5994885,0.77916026,0.411798,Stable
0.41919085,0.43377978,0.49161768,0.6431864,0.51959515,0.36445123,0.7312248,0.73133487,0.701138,0.2822334,0.76195765,0.6858592,0.7633783,0.28322354,0.7829337,0.59967625,0.7819369,0.40775797,Stable
0.4189123,0.43252322,0.49196744,0.6436693,0.5200324,0.36352575,0.737553,0.74190104,0.70165896,0.28315622,0.76468,0.7026068,0.76768917,0.2795341,0.7828392,0.6007564,0.78719175,0.40657112,Stable
0.4186812,0.435313,0.49169618,0.6450739,0.51992875,0.36093554,0.7400812,0.7415278,0.6998563,0.28520668,0.76129234,0.7048911,0.77448833,0.27586544,0.7853949,0.60492456,0.7899666,0.40689862,Stable
0.41744894,0.43707713,0.49214932,0.6446173,0.52194256,0.362339,0.7407627,0.74343944,0.69819903,0.2816465,0.7595526,0.66448605,0.7669117,0.24821216,0.7855102,0.6060025,0.7898354,0.4098986,Stable
0.4168191,0.4370987,0.49211258,0.6447332,0.52172905,0.36233902,0.7406787,0.7435883,0.69825435,0.28189412,0.75975484,0.6641269,0.76607317,0.24705796,0.78534305,0.60503995,0.78945464,0.40908492,Stable
0.41665947,0.43863246,0.48985517,0.64595056,0.5189514,0.35764223,0.7396208,0.7425343,0.7028729,0.28121164,0.7603798,0.59657717,0.77450436,0.28004903,0.78736126,0.6133394,0.7891593,0.40923876,Stable
0.41780907,0.44072872,0.48472714,0.64583707,0.5223048,0.36069578,0.73877954,0.72902983,0.7030994,0.28038594,0.75838983,0.66691846,0.77231634,0.29518342,0.78590006,0.6067623,0.78674716,0.41061765,Stable
0.41783488,0.4403089,0.4831642,0.64556634,0.5228817,0.36110592,0.73663116,0.72768915,0.70383257,0.2794797,0.7574707,0.6702018,0.76566947,0.29952812,0.7859937,0.60779524,0.7860283,0.41007924,Stable
0.41674003,0.4418701,0.48523173,0.6453341,0.51870924,0.35574052,0.7407369,0.7262225,0.7076976,0.27869347,0.7576427,0.6727995,0.77008265,0.29876894,0.7860722,0.60595125,0.78691673,0.40992862,Stable
0.4167455,0.44187802,0.48521098,0.64533687,0.51870275,0.35574412,0.74071884,0.7262566,0.7076968,0.2787003,0.75766134,0.6727907,0.7700915,0.29876083,0.7860912,0.6059353,0.7869344,0.40992743,Stable
0.41832685,0.4387314,0.48658842,0.6458608,0.5214159,0.36082482,0.7397741,0.7358455,0.7073313,0.2802413,0.7585162,0.6710071,0.77036613,0.29696578,0.7878412,0.60588396,0.7880887,0.4114114,Stable
0.42084834,0.43786573,0.48643732,0.6461878,0.5216215,0.3611117,0.7398324,0.7390698,0.7032084,0.28628024,0.7578598,0.66914743,0.77095187,0.2910967,0.7871901,0.6075512,0.7885055,0.41198176,Stable
0.42170367,0.43766516,0.4881824,0.6456854,0.5223602,0.36224592,0.73918104,0.74083275,0.7031206,0.2870615,0.7582239,0.6483451,0.77043176,0.28914946,0.7847609,0.6070035,0.7904924,0.4138993,Stable
0.4173283,0.43297118,0.48861074,0.64569175,0.5209424,0.3613219,0.7397808,0.7428688,0.7035402,0.2792267,0.75867593,0.5455783,0.7650985,0.2747725,0.7870282,0.60577154,0.78773874,0.41081843,Stable
0.41717404,0.43292102,0.48873135,0.64581746,0.52085024,0.36155385,0.7398081,0.7422161,0.70239544,0.28108406,0.7580217,0.5451237,0.76506793,0.27438408,0.7869941,0.60529447,0.7877285,0.4108646,Stable
0.42016685,0.43998986,0.4883394,0.6456202,0.520542,0.36202782,0.7409072,0.72840035,0.7018789,0.28173494,0.75923175,0.70469564,0.76250064,0.27194184,0.7860877,0.6037261,0.7875037,0.41031218,Stable
0.41938365,0.440142,0.4910521,0.6461992,0.51858366,0.3574044,0.7376038,0.72898996,0.70235246,0.28511184,0.7580708,0.6741528,0.76896274,0.28342086,0.7872858,0.60535157,0.78806376,0.4094147,Stable
0.4200666,0.43983763,0.4915546,0.64549685,0.5216056,0.36226285,0.73852605,0.73237956,0.7025529,0.28090447,0.7601867,0.6700864,0.7659589,0.26212925,0.7864052,0.60366267,0.787362,0.4089672,Stable
0.42251715,0.44063848,0.49204803,0.6474465,0.5175842,0.35963735,0.73672533,0.7310094,0.70216984,0.2823894,0.7632246,0.70269054,0.7580549,0.25224522,0.78407544,0.6100732,0.78640795,0.4090581,Stable
0.42252326,0.44063586,0.49202335,0.64747846,0.51757956,0.35959744,0.73665416,0.73102295,0.7022063,0.28236005,0.7632417,0.70272124,0.75799334,0.25218302,0.7840533,0.6101166,0.78635895,0.40902263,Stable
0.4187095,0.43273842,0.49240443,0.65031105,0.51764137,0.3615721,0.7385576,0.73888063,0.7003751,0.27878943,0.76435655,0.7057861,0.7614152,0.25370464,0.7804398,0.5988693,0.7781789,0.405513,Stable
0.41787183,0.43713447,0.49282584,0.65100604,0.5214346,0.36786768,0.7411772,0.7404964,0.6987188,0.279747,0.7605583,0.7058834,0.76042926,0.22553071,0.7801815,0.6072765,0.7818947,0.4059878,Stable
0.4166139,0.43763435,0.4922892,0.650612,0.51970506,0.3643611,0.737906,0.73914814,0.6970674,0.28451425,0.7619058,0.70600075,0.75711197,0.20848197,0.780468,0.6060914,0.7824568,0.4004291,Stable
0.4196005,0.44529065,0.4901403,0.64982045,0.5170362,0.36218774,0.74229664,0.7399444,0.6941123,0.28155416,0.76108336,0.6781812,0.7626327,0.24719417,0.78375304,0.61163497,0.7859179,0.4001643,Stable
0.41959342,0.4453959,0.49008197,0.6498673,0.5169816,0.3620481,0.74223995,0.7399361,0.6939468,0.28162384,0.7610456,0.6781517,0.7625227,0.24731998,0.7837106,0.6117575,0.785902,0.4000252,Stable
0.41694224,0.44064832,0.49260283,0.65051967,0.51852447,0.3651272,0.7424176,0.7438636,0.69301224,0.27967048,0.75806975,0.69415927,0.76320523,0.20921561,0.7834631,0.6086454,0.7884916,0.4015993,Stable
0.41807982,0.44199967,0.4916955,0.6487599,0.5196542,0.36598384,0.74160165,0.74163675,0.6978752,0.27635756,0.7564801,0.69530964,0.7676295,0.20878756,0.7845577,0.6106783,0.78920615,0.39882308,Stable
0.4176033,0.44221038,0.492944,0.6490197,0.5180481,0.3641165,0.7428059,0.7402107,0.695389,0.27932358,0.75777143,0.693649,0.7663611,0.20830618,0.78868175,0.5987934,0.7904271,0.38889444,Stable
0.4190449,0.44209874,0.49320662,0.65008855,0.51714134,0.36316985,0.74136543,0.7400856,0.6957561,0.2781845,0.7565248,0.69508064,0.7728757,0.2101886,0.78799695,0.6009159,0.78967994,0.39446002,Stable
0.4189499,0.44210035,0.49319658,0.6501234,0.5171181,0.3631811,0.7414083,0.7401475,0.6956459,0.27819556,0.7563028,0.6954314,0.7727627,0.21015057,0.7881011,0.6010645,0.7897918,0.39442772,Stable
0.42166612,0.4394344,0.4948059,0.6502989,0.51703054,0.36545905,0.74101603,0.7398431,0.69728446,0.275339,0.7537753,0.69729084,0.7668028,0.22555977,0.7896291,0.6133905,0.7934739,0.40019712,Stable
0.42498776,0.43455765,0.49400684,0.64931595,0.51595294,0.36770254,0.73608816,0.7268833,0.69355696,0.27669758,0.75452125,0.6967764,0.7701707,0.20785543,0.7887928,0.6116463,0.7943109,0.39879006,Stable
0.42500716,0.4366033,0.49363238,0.6492924,0.51264924,0.3674432,0.7409219,0.73690534,0.6934532,0.2782895,0.7547951,0.69732225,0.7640101,0.21489555,0.7855515,0.61143196,0.7859137,0.3970145,Stable
0.42499217,0.4366864,0.49364802,0.6492736,0.51268256,0.36747408,0.7407188,0.7368485,0.6934875,0.2782828,0.7548249,0.69711804,0.76399416,0.21485923,0.7855766,0.6114373,0.78593385,0.39701712,Stable
0.4266485,0.435485,0.49196708,0.6472815,0.5178552,0.36698756,0.7374923,0.7349452,0.70233124,0.27626768,0.75697815,0.69544625,0.75977653,0.2298393,0.7832738,0.61295414,0.7851166,0.4014792,Stable
0.42590922,0.4328998,0.49181378,0.645726,0.516201,0.3653893,0.73858047,0.73806715,0.69921756,0.27502096,0.7565402,0.695709,0.7589878,0.20629632,0.7839612,0.6081679,0.7858081,0.39780545,Stable
0.42716905,0.43065667,0.49287498,0.6457417,0.5189059,0.36510652,0.73230267,0.7284498,0.6985852,0.27684128,0.75694,0.69261354,0.7610328,0.20956331,0.78550476,0.6135471,0.7884512,0.4022199,Stable
0.4286266,0.43155214,0.4892703,0.6477567,0.51983035,0.3645996,0.7407428,0.74211687,0.70255184,0.2782142,0.7627355,0.6722452,0.76306605,0.2139949,0.78439826,0.6142733,0.78565085,0.40435347,Stable
0.42869794,0.43164563,0.48932326,0.6478134,0.51987106,0.3646276,0.74075955,0.7421652,0.70256966,0.27811134,0.762669,0.67247784,0.7630578,0.21385267,0.7844035,0.61423886,0.7856542,0.40432143,Stable
0.42700404,0.432558,0.49029875,0.64674634,0.5214393,0.36426038,0.7365978,0.7385742,0.70138633,0.27582464,0.7567612,0.71212524,0.7621112,0.20605543,0.7825477,0.61292624,0.7853153,0.40275556,Stable
0.42817602,0.43378347,0.4913715,0.6460561,0.5213618,0.36590493,0.73726,0.73853266,0.69715184,0.2765412,0.75867623,0.6505286,0.76081413,0.21300095,0.782196,0.6107349,0.7857125,0.40246245,Stable
0.4271681,0.433866,0.48929295,0.6458288,0.520745,0.36548492,0.7300529,0.7352535,0.6986169,0.27594396,0.7629344,0.66685355,0.7618353,0.2168703,0.7842262,0.60907435,0.787985,0.40268978,Stable
0.43147096,0.43341768,0.48920304,0.6477457,0.51979434,0.36454248,0.72966254,0.7336034,0.7013296,0.2754153,0.75514865,0.57973063,0.7652981,0.22698145,0.7798409,0.6125301,0.7820353,0.404939,Stable
0.43138373,0.43332165,0.4891888,0.64778304,0.51996976,0.3643682,0.7295282,0.7334937,0.7014989,0.275433,0.75518596,0.57993734,0.7653224,0.2270635,0.77983904,0.6124245,0.78212965,0.40483546,Stable
0.43408927,0.4367033,0.4915471,0.6481392,0.52051616,0.36657318,0.7389936,0.73917913,0.70397925,0.27482554,0.7589524,0.64801764,0.7638978,0.22611563,0.77611965,0.61112314,0.7768933,0.407209,Stable
0.43206236,0.43966532,0.49276078,0.6502552,0.5183493,0.36633414,0.74061316,0.73820496,0.70413035,0.2737993,0.7595775,0.71427083,0.76578707,0.20743375,0.78024745,0.6056888,0.78109884,0.40225428,Stable
0.4330989,0.4410982,0.49305364,0.65000695,0.51668334,0.3701577,0.7382323,0.7376384,0.6976216,0.27563515,0.7589543,0.7182144,0.760901,0.20932594,0.7815406,0.60519695,0.78257155,0.40316612,Stable
0.43487304,0.436006,0.49297532,0.65026635,0.51821256,0.36983785,0.7375628,0.73892397,0.7038114,0.2743862,0.75930095,0.7161083,0.76725644,0.2129943,0.78315604,0.60813767,0.7854563,0.4027747,Stable
0.43486616,0.4360131,0.49298427,0.6502536,0.51818895,0.36982673,0.7376811,0.738873,0.70380825,0.2744231,0.7593679,0.7160033,0.7671845,0.21281561,0.7832502,0.6081617,0.78556776,0.40272802,Stable
0.43690273,0.4362238,0.49566865,0.65311885,0.5173909,0.3687995,0.74103445,0.73822904,0.70087516,0.2741552,0.7584052,0.7142408,0.7649658,0.22488967,0.7818145,0.60977226,0.7831204,0.40264794,Stable
0.43629968,0.436612,0.4921814,0.6512706,0.5201603,0.36688673,0.74283236,0.7385177,0.70567125,0.27406484,0.7583382,0.7118394,0.76757115,0.21533863,0.7855158,0.6134257,0.7864224,0.40469462,Stable
0.43203628,0.4438833,0.49136028,0.6505011,0.51849115,0.365705,0.7390213,0.7383951,0.7035552,0.2749196,0.76012945,0.7143054,0.7677759,0.21171656,0.7856066,0.6091365,0.7856064,0.40313214,Stable
0.43349382,0.4430918,0.4904377,0.65023696,0.52180004,0.3672865,0.73566556,0.73971957,0.7017407,0.2760874,0.7592802,0.7130041,0.7652563,0.20048341,0.78292096,0.61064494,0.7831809,0.40657032,Stable
0.43375286,0.44310194,0.49043378,0.6502062,0.521873,0.3671878,0.7357611,0.73972034,0.7016737,0.27629274,0.7592715,0.7129995,0.76510215,0.20036034,0.783013,0.6108279,0.7832093,0.4066579,Stable
0.43587154,0.44186264,0.49150497,0.6504571,0.5227907,0.36286303,0.7418531,0.74061507,0.70308083,0.28007203,0.75792515,0.69150054,0.76395035,0.21842307,0.7872293,0.61460567,0.78893554,0.40882263,Stable
0.4403335,0.43180603,0.49160343,0.6489246,0.52508545,0.36481702,0.740344,0.7406362,0.7073099,0.28182286,0.7605783,0.6634114,0.76823133,0.23685972,0.7853328,0.6190119,0.78716445,0.4189919,Stable
0.44092333,0.434409,0.4923908,0.646811,0.52409387,0.3631594,0.741624,0.7435197,0.70246935,0.27928102,0.75849605,0.64237964,0.7727512,0.24198747,0.78265226,0.6174374,0.783512,0.41176555,Stable
0.4402036,0.43442044,0.49451798,0.6489047,0.52253073,0.35900396,0.74248886,0.7425522,0.70377076,0.27436957,0.75429606,0.728632,0.7682316,0.22160938,0.7844198,0.6182235,0.7837728,0.41014248,Stable
0.43996698,0.43468904,0.4945409,0.6488668,0.5225518,0.35893452,0.7426666,0.7425946,0.70421445,0.27411085,0.7544157,0.728377,0.768254,0.22141367,0.7845253,0.6182165,0.78388137,0.4102194,Stable
0.4406329,0.43420905,0.49365598,0.64830416,0.5233052,0.35442978,0.7428486,0.7429364,0.7106819,0.27351677,0.7522367,0.7159425,0.771481,0.23647039,0.7877778,0.6170976,0.7894756,0.40821248,Stable
0.44029552,0.43362182,0.49211645,0.6470903,0.5256618,0.35899457,0.72988933,0.7308261,0.70716894,0.27143198,0.75399137,0.7171759,0.76879066,0.2330489,0.7852489,0.61669165,0.7877061,0.4071966,Stable
0.44084436,0.4343927,0.49413747,0.6470593,0.526066,0.35769996,0.7439453,0.738146,0.7020867,0.27297592,0.75497234,0.7178798,0.7585063,0.20918608,0.78419125,0.60593194,0.78246254,0.4052829,Stable
0.44072005,0.4342829,0.49421602,0.644895,0.5239579,0.35352725,0.7317834,0.73163074,0.70598483,0.27574223,0.75636303,0.7344469,0.76572263,0.20960435,0.7830402,0.6053478,0.7820858,0.40593517,Stable
0.4407296,0.43426,0.49424392,0.64485705,0.5239477,0.35343003,0.7317909,0.7316365,0.70621216,0.27565345,0.7563502,0.73432726,0.7656772,0.20965615,0.7830727,0.60533714,0.78210604,0.40588832,Stable
0.4426523,0.43262213,0.49206924,0.6405386,0.5283278,0.35337996,0.7431392,0.73832387,0.71394193,0.26980156,0.7572848,0.73219955,0.7670227,0.19222382,0.78301907,0.6033528,0.7813481,0.39967483,Stable
0.4456647,0.4264004,0.4935788,0.6406878,0.5280956,0.3507995,0.73964226,0.737846,0.71521676,0.27613592,0.75433517,0.7198054,0.7667712,0.19129989,0.7861239,0.6053187,0.7866485,0.40463555,Stable
0.44870636,0.42724794,0.4937956,0.63961756,0.5266166,0.3524135,0.7284484,0.7294644,0.7105269,0.27741918,0.753399,0.71774244,0.7692091,0.19160172,0.78101254,0.6109743,0.78515935,0.40631267,Stable
0.44775486,0.42203748,0.49538144,0.64091724,0.52286845,0.3447625,0.72915167,0.7295623,0.70800567,0.27988356,0.75921464,0.7282469,0.7649097,0.18812156,0.78160214,0.61197424,0.7861296,0.40918824,Stable
0.44704533,0.42233917,0.49534,0.64056456,0.52310705,0.34484118,0.72910464,0.7295605,0.70788145,0.27986038,0.75908065,0.7289084,0.7648796,0.18825261,0.78187513,0.611841,0.78655666,0.40927255,Stable
0.45076746,0.41902107,0.49516198,0.63959134,0.5248852,0.34377718,0.72907937,0.7295213,0.7117641,0.27777234,0.7559856,0.712023,0.7656003,0.18390243,0.7849066,0.6134168,0.78929156,0.40916237,Stable
0.44624686,0.41488928,0.49116167,0.6357039,0.52487576,0.34315938,0.7288873,0.7293458,0.7138171,0.2744302,0.76171154,0.7246895,0.7634608,0.19425818,0.78508484,0.6105141,0.7911557,0.40684113,Stable
0.44659626,0.41384733,0.4900709,0.63310385,0.52929646,0.34846967,0.7280865,0.72835517,0.71092486,0.27557266,0.76422256,0.724359,0.7672262,0.19662791,0.78292936,0.60909384,0.7895872,0.40633976,Stable
0.44473705,0.41395664,0.49072334,0.6327218,0.5242777,0.34403616,0.73633444,0.73570573,0.7137556,0.26972252,0.7512306,0.59277093,0.76912713,0.20093767,0.7824087,0.6081127,0.7887368,0.4056337,Stable
0.44472846,0.41396672,0.49072915,0.6327528,0.5242028,0.34400523,0.7363126,0.7357351,0.7138164,0.26995096,0.7513282,0.59289086,0.7691052,0.20086953,0.78228045,0.6080371,0.78856194,0.40554082,Stable
0.44423378,0.4117205,0.49150723,0.63478845,0.5263059,0.35320315,0.738137,0.7342043,0.71053857,0.27575934,0.75277483,0.5946392,0.7626266,0.20886509,0.782164,0.60637623,0.7871639,0.40383232,Stable
0.4465681,0.41572648,0.49201745,0.63855,0.52186203,0.34594363,0.73689663,0.73171866,0.7091691,0.27708942,0.7625968,0.7267439,0.77088606,0.20453046,0.78194374,0.60954523,0.7871155,0.40593195,Stable
0.4489121,0.42066252,0.48928744,0.6399745,0.5281578,0.34871423,0.7377324,0.7364607,0.71788204,0.27979547,0.75949687,0.7315297,0.7734541,0.22418943,0.7824711,0.6070235,0.79346967,0.4066642,Stable
0.4487314,0.42137188,0.49269408,0.6406406,0.5304305,0.35667965,0.7375368,0.7413703,0.7160334,0.28520805,0.75911206,0.7281696,0.76482284,0.22517411,0.78612185,0.60055965,0.78936744,0.3948651,Stable
0.44880635,0.42126268,0.49269733,0.6407023,0.5304654,0.3567081,0.7376639,0.74145144,0.71600646,0.2853087,0.75900805,0.72814596,0.764799,0.2250776,0.7862162,0.60070443,0.7894987,0.39491153,Stable
0.4449259,0.42594475,0.4891903,0.64244163,0.5289139,0.35929137,0.7360023,0.7427465,0.7121613,0.2811687,0.7547752,0.64128196,0.7681346,0.23502052,0.7825925,0.61590075,0.78607917,0.41242227,Stable
0.44341737,0.42514008,0.48501107,0.64205694,0.5291491,0.3560835,0.7364849,0.7461852,0.72060484,0.28465244,0.7571565,0.64085317,0.77395743,0.22794673,0.7793068,0.614009,0.7823307,0.40790924,Stable
0.44124955,0.4219868,0.49162626,0.64486974,0.52458024,0.35950527,0.7400894,0.74246573,0.7143657,0.2814632,0.75272894,0.6376345,0.76538897,0.24834329,0.7816867,0.6142963,0.7859535,0.4081744,Stable
0.44615015,0.4241044,0.488003,0.6474411,0.5244287,0.3630436,0.72688365,0.73257536,0.7187869,0.28505597,0.7569554,0.6656364,0.7776072,0.24067013,0.7833838,0.6053804,0.78028166,0.40571278,Stable
0.44602305,0.42406,0.48802254,0.6474552,0.52465636,0.36323732,0.72690886,0.73248005,0.7189328,0.28506768,0.7569446,0.6656835,0.77748156,0.24106853,0.78334117,0.60528016,0.7801633,0.40589046,Stable
0.44793293,0.42780226,0.4861136,0.65141284,0.5301994,0.36238056,0.7381479,0.74370044,0.7319331,0.28450263,0.75723404,0.664673,0.7706682,0.24968915,0.7827891,0.6088841,0.7815587,0.40636346,Stable
0.4490716,0.43003568,0.49135205,0.65302247,0.5263474,0.3701849,0.7399148,0.74404955,0.71701187,0.28710482,0.75400686,0.6381762,0.77409405,0.24652736,0.7807059,0.60836065,0.7817723,0.40902457,Stable
0.4500688,0.43021578,0.49743816,0.6621834,0.5256853,0.37239635,0.7399403,0.74645394,0.72102165,0.28707343,0.75824594,0.7314121,0.77806586,0.27144432,0.7784649,0.60683954,0.7802005,0.40743312,Stable
0.44921136,0.42994636,0.48886645,0.65807307,0.52600384,0.37487638,0.735432,0.74629545,0.72038263,0.2944045,0.75582284,0.6656794,0.7790836,0.27228546,0.77903,0.62313914,0.7825768,0.41282758,Stable
0.44929776,0.43018264,0.48878276,0.6580772,0.5259669,0.37483495,0.73541915,0.74619544,0.72043633,0.2943269,0.7558362,0.66534793,0.77894104,0.27221546,0.77904665,0.62304044,0.78256834,0.41273993,Stable
0.44841152,0.4358037,0.494124,0.66062117,0.52167934,0.37384653,0.73388827,0.7414361,0.7271887,0.29289687,0.7673508,0.744032,0.780663,0.2730713,0.7832894,0.61999905,0.7876446,0.41225022,Stable
0.44865736,0.44121668,0.4928374,0.66130096,0.52474695,0.3771299,0.7280664,0.7443823,0.7250943,0.2944755,0.75901437,0.74911153,0.76408327,0.31147748,0.781368,0.6273066,0.78852236,0.42579493,Stable
0.44207677,0.44649416,0.48898658,0.6598585,0.5217651,0.38137466,0.73547745,0.74318576,0.7163253,0.2951826,0.75091785,0.6935186,0.7762377,0.27833045,0.7804672,0.6226469,0.7849111,0.41711146,Stable
0.43915126,0.45384687,0.4887235,0.6599418,0.5213541,0.37807113,0.72761464,0.74552596,0.7202041,0.29462865,0.75594586,0.7355548,0.77538717,0.2796668,0.78422374,0.6252264,0.78716385,0.42580506,Stable
0.4391455,0.4538265,0.48873132,0.6599282,0.5213273,0.37814412,0.72775865,0.74549717,0.72016925,0.294592,0.7562303,0.7353555,0.7753529,0.27972952,0.78419846,0.6251689,0.7871003,0.42580485,Stable
0.44033515,0.4591932,0.4899478,0.663523,0.522892,0.3757183,0.7332102,0.7476883,0.72069275,0.29210627,0.7581719,0.6856913,0.77174413,0.2796439,0.78485656,0.61631566,0.7859477,0.41677064,Stable
0.44119307,0.4557527,0.49571484,0.66883683,0.5209203,0.3797242,0.7430216,0.7569863,0.7200955,0.29052272,0.75560033,0.6915247,0.76930803,0.27523562,0.7814208,0.6135366,0.78269386,0.40851015,Stable
0.43837178,0.4643534,0.49741882,0.668584,0.51956826,0.3794944,0.7372152,0.751321,0.716606,0.29478443,0.75418997,0.70910287,0.76685804,0.27926454,0.7813448,0.6190235,0.784981,0.4138701,Stable
0.43934155,0.4721039,0.49417382,0.66845,0.51929724,0.37901968,0.733494,0.7483729,0.7152591,0.2946337,0.7584443,0.68541497,0.76480246,0.2819641,0.78519154,0.620747,0.7855127,0.41622433,Stable
0.43932804,0.47165808,0.4941673,0.66850203,0.51922715,0.3790275,0.7333426,0.74835587,0.7154123,0.29463345,0.7584614,0.6854238,0.76463735,0.28202078,0.785269,0.62084144,0.7855668,0.41619465,Stable
0.4379576,0.4704033,0.49396652,0.6686934,0.51930934,0.3791793,0.7320544,0.74808997,0.7185585,0.29260164,0.7529754,0.70653987,0.76481456,0.28168607,0.7851037,0.62444216,0.78645766,0.41727805,Stable
0.43923506,0.46907407,0.4944001,0.6690365,0.5197453,0.37881634,0.73725224,0.7525083,0.7231753,0.28969395,0.7517516,0.7078737,0.7702726,0.2955231,0.7840125,0.62348574,0.78470576,0.41687536,Stable
0.4392155,0.46985984,0.49252436,0.6675038,0.51866215,0.3780794,0.7360882,0.7508416,0.72387356,0.2875339,0.7535496,0.70887625,0.7708888,0.2949354,0.7831676,0.61960864,0.7838421,0.41422543,Stable
0.4373228,0.47168136,0.49290305,0.66805094,0.5185033,0.37726483,0.7408478,0.7559289,0.7244077,0.28696972,0.7560179,0.68059707,0.77328527,0.2935844,0.7859715,0.6220187,0.785985,0.41489205,Stable
0.43806177,0.47316074,0.49325436,0.6677975,0.518773,0.37808388,0.7406843,0.7558462,0.7250947,0.28667328,0.7559261,0.68016756,0.7742703,0.29356688,0.78582156,0.62187654,0.78620076,0.41501138,Stable
0.4386264,0.47676176,0.49305433,0.6690463,0.5187067,0.37653333,0.73931086,0.7541956,0.7245657,0.2862522,0.7542524,0.7051132,0.7679672,0.29160658,0.78561735,0.6226899,0.7860333,0.4145671,Stable
0.43965718,0.4747351,0.49171478,0.67086977,0.5182032,0.3772708,0.73593855,0.7512273,0.7249105,0.2846998,0.75360286,0.7065457,0.7661495,0.30215007,0.7894963,0.6222731,0.7905838,0.41497788,Stable
0.44014418,0.47498643,0.49199396,0.671833,0.5183877,0.37757367,0.73886645,0.7540978,0.7250339,0.28574377,0.7519951,0.68639225,0.77580523,0.31037694,0.79253864,0.6197785,0.7932743,0.41543385,Stable
0.44164187,0.47429594,0.49292356,0.6723959,0.5173282,0.37603852,0.7421722,0.7587022,0.72680366,0.28699476,0.75130403,0.68247664,0.7727496,0.31730235,0.7909259,0.6186084,0.792494,0.41538584,Stable
0.4416936,0.47387487,0.49284193,0.6723429,0.5173564,0.37603685,0.7420943,0.7587144,0.7264633,0.28707018,0.7512615,0.6822912,0.7724755,0.31694913,0.79088247,0.618541,0.7924967,0.41540664,Stable
0.4413668,0.47245845,0.4926625,0.67316294,0.5172133,0.3749385,0.7418083,0.75449955,0.7261479,0.28501344,0.7480552,0.6813688,0.7752843,0.31235144,0.79044306,0.6224261,0.79191387,0.4164906,Stable
0.44164622,0.47372764,0.49500299,0.67299664,0.5179521,0.3757995,0.7412765,0.7529479,0.71931577,0.2837997,0.7529123,0.73360515,0.7744063,0.2960512,0.79133105,0.62478715,0.79304075,0.4176259,Stable
0.43956965,0.4731754,0.49525735,0.672665,0.5173993,0.37686536,0.7391054,0.7532904,0.71819603,0.28137577,0.7566985,0.74945796,0.7820398,0.29251468,0.78673637,0.62668175,0.7868506,0.4169645,Stable
0.44045204,0.47335184,0.49619454,0.6729297,0.5177466,0.3772759,0.7396246,0.7540784,0.7160628,0.2891065,0.75990534,0.7486818,0.77886236,0.2753911,0.7898523,0.62618107,0.7904162,0.41853175,Stable
0.44047832,0.4731383,0.49623176,0.6730861,0.51774454,0.37731242,0.73980635,0.75410366,0.71597886,0.2890626,0.76000947,0.7488329,0.77883023,0.2751955,0.7899062,0.6262833,0.79048896,0.4185586,Stable
0.4398191,0.47362337,0.4955258,0.672335,0.51639825,0.3781774,0.7394581,0.7544153,0.70953524,0.29185086,0.75455594,0.73167837,0.7734067,0.27061647,0.78789616,0.6259147,0.7921688,0.41698778,Stable
0.43861505,0.4744298,0.49360204,0.6703739,0.5176829,0.37766194,0.73809874,0.7532723,0.7124781,0.29422504,0.754857,0.73292434,0.77060646,0.26551872,0.7893433,0.62542695,0.7947862,0.41664124,Stable
0.43778774,0.47118947,0.49328905,0.6701991,0.5171145,0.37736744,0.73580885,0.7535856,0.7125951,0.29615998,0.7601676,0.74918365,0.75840515,0.25128603,0.7905592,0.625816,0.79070854,0.41446888,Stable
0.43907136,0.46819863,0.4945019,0.6702368,0.5174854,0.37727678,0.738745,0.7551193,0.71297455,0.29767138,0.7546518,0.73088586,0.75758255,0.2466126,0.7879989,0.62665176,0.7927561,0.41735637,Stable
0.43920144,0.46840656,0.49439287,0.67013526,0.5173662,0.37724683,0.7384464,0.75500584,0.71276987,0.297803,0.7548766,0.73075616,0.7574729,0.24659424,0.7880108,0.62649435,0.7928089,0.4172117,Stable
0.43604228,0.47816944,0.4949277,0.6675347,0.514198,0.3757558,0.72530407,0.7509858,0.7041559,0.29895234,0.75364584,0.7313235,0.7499814,0.2418155,0.7906489,0.6281346,0.7937438,0.41828772,Stable
0.43490702,0.4798621,0.49706465,0.6656922,0.51395786,0.37475452,0.7360606,0.75591075,0.7006592,0.29855752,0.75746715,0.730047,0.7479434,0.23079929,0.7905409,0.6296558,0.79368204,0.418226,Stable
0.43782735,0.47926927,0.49637005,0.66358703,0.51392955,0.37226662,0.73312044,0.7540113,0.701892,0.29625148,0.763148,0.7496938,0.7507071,0.22637913,0.7883388,0.6275152,0.7909729,0.4148193,Stable
0.4306384,0.4788887,0.49593234,0.66217744,0.51856726,0.37667105,0.7259712,0.7479576,0.69948405,0.29761305,0.75361097,0.73460853,0.74921834,0.22671273,0.7880828,0.6264299,0.791765,0.41436332,Stable
0.4303506,0.47888333,0.49595568,0.6620867,0.51845133,0.37669393,0.7262502,0.7479907,0.69964886,0.29757485,0.7537346,0.7342024,0.7493036,0.22654319,0.7882051,0.62630856,0.79187554,0.41437492,Stable
0.4235197,0.47700152,0.49760708,0.66190684,0.5189911,0.37682146,0.73249614,0.7481166,0.69831514,0.29992706,0.7482061,0.6613585,0.7520158,0.22715482,0.78754246,0.6255233,0.7920319,0.4152007,Stable
0.42468557,0.47627518,0.49565786,0.6616954,0.52025896,0.37594247,0.73155427,0.7484443,0.69823825,0.30084813,0.75235504,0.65173393,0.75182796,0.23336951,0.78695506,0.62494767,0.7918641,0.41607997,Stable
0.42567444,0.4756269,0.49496293,0.6611001,0.5184382,0.37701327,0.73231125,0.7476623,0.694662,0.30252296,0.75378585,0.6496279,0.75021356,0.23776439,0.7869372,0.62350726,0.7914147,0.41555664,Stable
0.4215189,0.47597644,0.49533588,0.66263014,0.5143277,0.3753731,0.73302376,0.74647105,0.6944765,0.30102038,0.7512289,0.6559707,0.74791515,0.23741892,0.7850792,0.6224144,0.78950894,0.41237676,Stable
0.42110896,0.47587067,0.49534082,0.66258866,0.51424146,0.3754414,0.7328576,0.746492,0.6944325,0.30098662,0.7513478,0.65623057,0.7479248,0.2373521,0.78515905,0.622414,0.78957766,0.41246054,Stable
0.42438793,0.47430322,0.4920817,0.6611564,0.5141851,0.37599808,0.726681,0.7454344,0.6940262,0.2990455,0.75082153,0.6652572,0.7463707,0.24090736,0.78366876,0.6211256,0.78711504,0.41387767,Stable
0.42311865,0.47330236,0.49424207,0.6619944,0.51559556,0.37675357,0.7234243,0.74649423,0.6956414,0.2990769,0.7616283,0.74552274,0.7442336,0.22956102,0.78395313,0.62481916,0.7874347,0.41782102,Stable
0.42094737,0.46774614,0.49061581,0.6612499,0.5188811,0.37911293,0.7236475,0.7460027,0.69412637,0.29894075,0.76078624,0.7493145,0.7398736,0.23822981,0.7847682,0.6226186,0.787692,0.41378352,Stable
0.42017743,0.4641572,0.49078542,0.6623566,0.51894426,0.380717,0.72358537,0.7462448,0.7011254,0.29713616,0.7614233,0.74830145,0.74082434,0.22093248,0.7832612,0.62422395,0.78734744,0.4168143,Stable
0.41996405,0.46368998,0.49084103,0.6623546,0.5153966,0.37787187,0.7236561,0.7462498,0.70125556,0.2972447,0.7613486,0.74829125,0.74106705,0.22107606,0.7832576,0.62431854,0.7873427,0.41703984,Stable
0.42403555,0.46053526,0.49190828,0.6624228,0.51592433,0.3784251,0.7238538,0.74564904,0.7032124,0.29719585,0.75393915,0.73271966,0.74339557,0.22468701,0.7834665,0.6246292,0.7878674,0.41718408,Stable
0.4204796,0.4561287,0.49164975,0.6611521,0.51693344,0.37846488,0.7221908,0.7444419,0.6972568,0.29924038,0.75914955,0.7505981,0.746596,0.231566,0.7796759,0.6234563,0.78749406,0.41736543,Stable
0.4215613,0.46077752,0.49101886,0.6616001,0.5208975,0.37833112,0.7228674,0.7437598,0.7038862,0.2967739,0.763271,0.7449712,0.7473442,0.2373588,0.7837322,0.6251742,0.7875323,0.41728458,Stable
0.41927904,0.45966065,0.4916018,0.66092074,0.5169231,0.3761567,0.72339547,0.7436557,0.69971716,0.2965427,0.7557525,0.70827806,0.7484979,0.24359602,0.7823063,0.62384915,0.78566,0.41750908,Stable
0.4192291,0.4596216,0.49155313,0.6609005,0.5169231,0.3761407,0.7234423,0.7436098,0.6996526,0.29660276,0.75583136,0.70808744,0.7485408,0.24385045,0.78238165,0.62379503,0.78574795,0.41754895,Stable
0.42000914,0.46199912,0.4907375,0.65995026,0.51682115,0.3751976,0.72280043,0.7433528,0.69945306,0.29826438,0.76074827,0.72699785,0.74872124,0.2428786,0.7820301,0.6225126,0.7852297,0.41732988,Stable
0.42058975,0.4629527,0.48957562,0.65729177,0.5195513,0.37807518,0.72263134,0.74460495,0.69778824,0.29830283,0.7550267,0.6865376,0.747431,0.23501164,0.77890384,0.6203004,0.7818989,0.41615376,Stable
0.4184787,0.4642542,0.48940736,0.65701044,0.51253504,0.37332666,0.72162175,0.7450378,0.70297736,0.2969832,0.76289093,0.7391914,0.7502686,0.22999334,0.77857316,0.62308455,0.7813022,0.41916788,Stable
0.4168099,0.46453995,0.48983806,0.6572467,0.5127968,0.37308508,0.72239566,0.74490345,0.70351166,0.29648963,0.76235247,0.7420747,0.75192994,0.23182973,0.77998775,0.6238637,0.78245115,0.41918957,Stable
0.41689166,0.4646023,0.48987174,0.6572155,0.5128012,0.37311262,0.7223243,0.74488753,0.7033715,0.2965085,0.7624058,0.7422508,0.75201106,0.23238465,0.7801033,0.62383294,0.7825541,0.41915858,Stable
0.41573974,0.46799088,0.48924166,0.6550541,0.5128285,0.3724301,0.7221737,0.7455623,0.7060646,0.29009467,0.7531482,0.6817393,0.7488574,0.2410814,0.7805161,0.6226282,0.78278565,0.41853747,Stable
0.41724843,0.4676599,0.4890014,0.654613,0.5203494,0.37705058,0.72429883,0.7462065,0.7074357,0.29332516,0.7547144,0.6594538,0.7483551,0.23788522,0.7817154,0.6206749,0.78366184,0.41768032,Stable
0.416125,0.46711367,0.4890184,0.65540326,0.5211697,0.37544322,0.724332,0.7457847,0.7111904,0.29280993,0.7546277,0.67839086,0.7496295,0.23133639,0.78127205,0.6222482,0.78334916,0.41843015,Stable
0.41455135,0.46803278,0.48923844,0.65583575,0.5133065,0.37060583,0.7251568,0.74522775,0.7068546,0.29722124,0.75209755,0.66191226,0.74926275,0.22050777,0.7824805,0.62276995,0.78519666,0.41884214,Stable
0.4146062,0.46755385,0.48920953,0.6558554,0.513296,0.37058792,0.7251331,0.74525416,0.7069654,0.29679495,0.7520478,0.6619504,0.7492664,0.2207639,0.7824661,0.62274766,0.7851652,0.41876006,Stable
0.41550443,0.46841225,0.48987037,0.65648025,0.51480955,0.37066302,0.7286097,0.7455379,0.71090996,0.29429978,0.7520374,0.6548702,0.7506282,0.24224225,0.7793171,0.6221363,0.78639567,0.4207561,Stable
0.416718,0.46793687,0.49026054,0.65662175,0.51554346,0.37173045,0.7293262,0.74577034,0.7068746,0.29679656,0.75227296,0.655955,0.7491302,0.24442536,0.7794516,0.62266827,0.78650874,0.42266747,Stable
0.41691452,0.46764702,0.49116856,0.6572531,0.5135975,0.37157065,0.732258,0.7447928,0.7051939,0.2980968,0.75185364,0.65934026,0.74921006,0.23140918,0.77751255,0.6207307,0.7850842,0.42063355,Stable
0.41536078,0.4677201,0.49065876,0.6564354,0.5145364,0.3721556,0.73011464,0.7449863,0.70694846,0.29750794,0.7504256,0.6603038,0.7499021,0.22964662,0.7778615,0.6222594,0.7855395,0.4214207,Stable
0.41554484,0.46790034,0.49067014,0.6563029,0.51448584,0.3721345,0.7302789,0.74499154,0.706673,0.29760322,0.75049376,0.66033345,0.74981475,0.2296929,0.7779538,0.6222676,0.7855668,0.4214042,Stable
0.41578516,0.46769077,0.48966452,0.65563256,0.5150162,0.37191877,0.7313494,0.74503917,0.7062452,0.29778153,0.7509222,0.66048115,0.74894583,0.22249727,0.7785951,0.620801,0.78616947,0.42108867,Stable
0.41490299,0.46776363,0.48966682,0.6559454,0.5140543,0.37104842,0.73182094,0.74477947,0.7042505,0.30012822,0.75193256,0.66037333,0.7498984,0.22520423,0.7776479,0.6192795,0.7851976,0.41924155,Stable
0.41655934,0.4683597,0.48947138,0.65578413,0.5145675,0.37274015,0.72877115,0.74528515,0.702285,0.30054337,0.7527492,0.6594832,0.7492626,0.2234044,0.7783043,0.6206369,0.7857585,0.419743,Stable
0.41525346,0.46933386,0.4888,0.6543506,0.5150261,0.3729235,0.7260488,0.7449596,0.70272106,0.29985157,0.75140226,0.6616735,0.749382,0.21680886,0.7777585,0.62002563,0.7852335,0.41791934,Stable
0.4152274,0.46932745,0.4887908,0.6543088,0.5149068,0.3729511,0.7260057,0.74496937,0.7023744,0.2998153,0.75138295,0.66172236,0.74928546,0.21707198,0.78140473,0.62102914,0.7851984,0.41784582,Stable
0.41343722,0.46889302,0.48873794,0.65443444,0.5147229,0.37138653,0.72587824,0.7456724,0.70617497,0.29998636,0.7523513,0.6799985,0.747595,0.21426384,0.7791318,0.6215749,0.7868016,0.4192123,Stable
0.41284102,0.4690834,0.48881122,0.65426886,0.513014,0.37111458,0.7246706,0.7452717,0.7029704,0.300308,0.75396395,0.6818477,0.74763197,0.21670096,0.78072876,0.6214737,0.78467673,0.41720697,Stable
0.41336608,0.4691602,0.48861158,0.6541494,0.5124892,0.3710286,0.7230495,0.7451308,0.7029354,0.2998782,0.755294,0.70853114,0.7451784,0.21538424,0.7797171,0.6236758,0.784095,0.41837594,Stable
0.41347337,0.46911955,0.4891109,0.65483797,0.51261735,0.37196505,0.7229216,0.7449963,0.7073195,0.3013064,0.75684273,0.72738785,0.7479683,0.22313818,0.78041327,0.6248438,0.7843323,0.4193375,Stable
0.41348255,0.46911234,0.48924,0.6550195,0.51270765,0.37186354,0.7229775,0.7449794,0.7075174,0.30133522,0.75681067,0.7272284,0.7481384,0.2231375,0.7805016,0.6248293,0.7844027,0.41937718,Stable
0.41622066,0.47002906,0.48985347,0.65592325,0.51361066,0.37113142,0.7223513,0.7444087,0.707699,0.30058807,0.7570035,0.72985685,0.7484643,0.22560394,0.78158784,0.6243344,0.7848402,0.41879845,Stable
0.41556513,0.47014087,0.49035543,0.6558982,0.513694,0.37150678,0.72236025,0.744262,0.7057792,0.30019873,0.75827456,0.7297439,0.7430967,0.21201126,0.7801968,0.6227883,0.783612,0.41744456,Stable
0.4129705,0.46975428,0.49006698,0.6556619,0.51487744,0.3702131,0.72221035,0.7440569,0.709223,0.29934165,0.75242746,0.7130115,0.75002193,0.21704863,0.7792915,0.62040293,0.78325576,0.4148383,Stable
0.41280946,0.46941203,0.48971516,0.655874,0.5140476,0.36909723,0.72125804,0.74384665,0.70979923,0.29945058,0.75167274,0.7121288,0.75223875,0.2163074,0.7796117,0.6235549,0.7856061,0.4140246,Stable
0.41281205,0.46940792,0.48971736,0.6558758,0.5140236,0.36910158,0.72126216,0.74384683,0.7097215,0.2994356,0.7516696,0.71213764,0.75222105,0.21631871,0.7795981,0.6235317,0.78559494,0.41399944,Stable
0.4129523,0.4697281,0.4895521,0.6558763,0.5134575,0.3699286,0.72238725,0.74416345,0.7082631,0.29935995,0.7509398,0.68899363,0.75043845,0.2168718,0.7803008,0.62207484,0.7851429,0.41299045,Stable
0.4128922,0.4693967,0.49030957,0.65681326,0.5135321,0.3709246,0.72221136,0.74410605,0.7076711,0.2984671,0.75188744,0.71256137,0.7502078,0.21695432,0.780352,0.6229031,0.78483045,0.41381904,Stable
0.41391945,0.46866155,0.49004528,0.65701854,0.51288563,0.3721919,0.7220549,0.74387574,0.70215577,0.29944867,0.7510793,0.71330833,0.74415064,0.21422897,0.779886,0.6220148,0.7834748,0.4131568,Stable
0.41507244,0.4683056,0.4898095,0.65751547,0.52059966,0.3784705,0.7233708,0.74394894,0.699924,0.3032356,0.75305426,0.7090804,0.7421334,0.21905613,0.78129977,0.62305677,0.7852928,0.4151145,Stable
0.41516536,0.46835515,0.48984402,0.65755224,0.52060044,0.37851477,0.7233855,0.74395776,0.69990456,0.303199,0.7530627,0.7091849,0.7421745,0.2191532,0.78126526,0.6230844,0.78524625,0.41512513,Stable
0.41611093,0.46778032,0.48884106,0.6574796,0.5135788,0.373865,0.7217662,0.7428216,0.70428777,0.3005018,0.74954545,0.6945231,0.74997985,0.21879467,0.7808361,0.6236079,0.7847895,0.41455695,Stable
0.41731673,0.46812317,0.48983392,0.6595886,0.51168936,0.37391767,0.7238311,0.7435938,0.70747423,0.29905543,0.7497835,0.69205874,0.75337,0.21883152,0.7812285,0.6237762,0.785793,0.41477203,Stable
0.4185459,0.4646854,0.49377343,0.6611302,0.5111384,0.3744951,0.7241036,0.7440015,0.70617044,0.29948556,0.74997926,0.69287944,0.7532937,0.21802282,0.7814202,0.6234462,0.78640366,0.4148689,Stable
0.41815436,0.4645536,0.4909335,0.6605965,0.5145199,0.37762952,0.7260658,0.74324214,0.7063694,0.2984109,0.75011104,0.6932184,0.75293845,0.2191103,0.78083706,0.6237297,0.78524375,0.41456103,Stable
0.4181407,0.46457082,0.49094874,0.6605852,0.5144813,0.3776238,0.7261507,0.7432203,0.70631737,0.29839855,0.7501329,0.6932148,0.7529592,0.21900523,0.78082657,0.62372494,0.78521,0.41454172,Stable
0.41878018,0.4649633,0.49132568,0.66077906,0.51245666,0.3750089,0.728944,0.74379104,0.70660436,0.29816055,0.750493,0.68765783,0.75262207,0.22085945,0.7813882,0.6230384,0.7858419,0.4145419,Stable
0.41902626,0.46730646,0.48990068,0.66020715,0.5111668,0.3742889,0.7282569,0.74434483,0.7102191,0.29793018,0.7494947,0.6663507,0.7551009,0.22158048,0.78120375,0.62140566,0.78553915,0.41465363,Stable
0.41840038,0.4675543,0.49105155,0.6599716,0.5111151,0.37359226,0.7297313,0.7446704,0.7106981,0.296881,0.74945706,0.6642272,0.7562775,0.22254108,0.7814679,0.62081206,0.78548527,0.41269085,Stable
0.41817564,0.46394187,0.4907808,0.6589626,0.5125617,0.3750555,0.73174,0.74516267,0.7085821,0.29642248,0.75151193,0.6625218,0.75694484,0.2304278,0.78018165,0.62097895,0.7839364,0.41474843,Stable
0.41816565,0.4640057,0.49084276,0.65896565,0.5125923,0.3750865,0.7318722,0.7451603,0.70857596,0.29643118,0.75150293,0.66229606,0.7569307,0.23045248,0.78025615,0.62103593,0.78402257,0.41486305,Stable
0.4179642,0.46475238,0.49005753,0.6590166,0.5123286,0.37347993,0.7289891,0.7454959,0.7121532,0.29546258,0.7516216,0.6628542,0.7605152,0.22765206,0.77921057,0.6220083,0.78361887,0.41393566,Stable
0.41785765,0.46436307,0.49085432,0.6594432,0.5131531,0.37312946,0.72655904,0.74611294,0.71283174,0.2960036,0.751742,0.66135484,0.7613818,0.23471788,0.77990603,0.62334627,0.78412163,0.4146366,Stable
0.41669282,0.4630328,0.490944,0.6598009,0.52141684,0.3788862,0.7265905,0.74634755,0.71366155,0.2966466,0.75149554,0.68244827,0.7570832,0.232014,0.78238785,0.6246367,0.7875911,0.41664943,Stable
0.41905838,0.46795422,0.4921592,0.660168,0.5118258,0.37329674,0.7281153,0.7466256,0.71149623,0.29698396,0.75104064,0.66345155,0.7579805,0.22890535,0.78179806,0.6240339,0.78692436,0.4144197,Stable
0.41900787,0.467979,0.49215877,0.66019547,0.5117965,0.3732954,0.7281503,0.74662876,0.7114606,0.29697403,0.7510125,0.663458,0.7580706,0.22888182,0.78179383,0.62400484,0.7869308,0.41434878,Stable
0.4173646,0.46464524,0.49243718,0.6612627,0.51229274,0.37353212,0.72646326,0.7472357,0.7130045,0.29699644,0.75071955,0.6876379,0.7583778,0.22274457,0.7815856,0.6264206,0.786138,0.41547865,Stable
0.4177656,0.462466,0.49279743,0.66283464,0.51264656,0.373622,0.7269416,0.74714386,0.71289253,0.29788074,0.74916387,0.69007885,0.75637835,0.22302274,0.7835051,0.62942696,0.78805465,0.4179941,Stable
0.417329,0.4617743,0.49382192,0.66337055,0.5125735,0.37303287,0.72824997,0.7470355,0.7115175,0.29778492,0.7477607,0.6671784,0.7637903,0.24142276,0.7848594,0.6285913,0.7893159,0.41809565,Stable
0.41742787,0.4604786,0.49395487,0.663865,0.5129916,0.37277615,0.7276463,0.74616855,0.71004593,0.29820025,0.7531791,0.7125838,0.76414895,0.2409864,0.78346515,0.6270635,0.78790355,0.41754958,Stable
0.41753897,0.46048903,0.49396047,0.66387695,0.5129755,0.37280762,0.72762024,0.7461953,0.7100014,0.29819423,0.75307906,0.7128881,0.764225,0.24104255,0.7834468,0.62717736,0.78786826,0.41764116,Stable
0.4174257,0.4610163,0.4941753,0.6640054,0.5208124,0.3772442,0.72947925,0.7455424,0.71287197,0.2962014,0.7641015,0.7512686,0.75966346,0.23929428,0.78430927,0.62679785,0.7886879,0.4158758,Stable
0.41728505,0.4616878,0.49329948,0.66351086,0.51134586,0.37198302,0.7256712,0.74619746,0.70946956,0.2961412,0.7556584,0.7136962,0.76245207,0.2463628,0.7799587,0.6252234,0.7854196,0.41682637,Stable
0.4164432,0.46016592,0.49189267,0.6625612,0.5200039,0.37745035,0.72307587,0.74666953,0.70878255,0.29709917,0.76700366,0.7522199,0.7538807,0.23612961,0.78065175,0.6246921,0.7866602,0.41724384,Stable
0.41788065,0.4602134,0.4910046,0.66216224,0.51993406,0.37895244,0.72276354,0.74746823,0.7068786,0.29918858,0.7662629,0.7486052,0.75124955,0.23604159,0.7815904,0.6240535,0.78758544,0.41734487,Stable
0.41787863,0.46048182,0.49102825,0.662153,0.5199013,0.37895346,0.7227809,0.747525,0.7068168,0.29915473,0.76629126,0.74876225,0.75128907,0.23565018,0.78142226,0.6239941,0.78748906,0.4172991,Stable
0.41710103,0.458412,0.49416637,0.661851,0.5204133,0.37966102,0.7225026,0.7472765,0.70643413,0.29811397,0.7696024,0.74731076,0.75274915,0.24067974,0.78354424,0.62152475,0.78787255,0.41686973,Stable
0.4152072,0.45640954,0.49464333,0.6611489,0.51930964,0.37982485,0.7229152,0.74687904,0.70318985,0.298881,0.7682686,0.74672353,0.7490534,0.24423096,0.78057754,0.6212634,0.788097,0.41622037,Stable
0.4157477,0.45902497,0.4927283,0.6586873,0.51986337,0.37835693,0.724102,0.7463145,0.7041282,0.29829895,0.76034915,0.707039,0.7485416,0.23539613,0.78287196,0.62246764,0.78949046,0.41791344,Stable
0.41498336,0.45756608,0.49131376,0.65748787,0.52141416,0.37731645,0.72198105,0.7463147,0.7107705,0.29594773,0.753709,0.70904446,0.75872463,0.26438516,0.7820915,0.62334645,0.7890801,0.4171371,Stable
0.41546363,0.45815587,0.491251,0.6576,0.52150965,0.37722707,0.72189945,0.7463006,0.7108505,0.29598683,0.75365627,0.7090719,0.7586906,0.26434457,0.7821474,0.62348664,0.78909826,0.41715845,Stable
0.41725844,0.45787442,0.49149895,0.658717,0.52041733,0.37555683,0.72265327,0.7459829,0.7103452,0.29852304,0.7740273,0.7506219,0.7535116,0.22435167,0.7838394,0.62222725,0.7878749,0.41622433,Stable
0.4188323,0.45872766,0.48879713,0.656704,0.5213189,0.37357235,0.71598256,0.73930967,0.71000355,0.2979396,0.7671579,0.7326894,0.75189924,0.22962628,0.78009903,0.61930573,0.7852914,0.41648445,Stable
0.41789985,0.4587052,0.48891503,0.6558223,0.5186582,0.3672098,0.71258426,0.7394128,0.71890354,0.2936854,0.76735497,0.70988524,0.75871694,0.2714264,0.78150386,0.62080526,0.7847463,0.41960597,Stable
0.41831633,0.45942515,0.48870966,0.6545023,0.51884973,0.36546695,0.7086644,0.7440436,0.7227928,0.29218417,0.76280653,0.7355618,0.75892615,0.26969063,0.78306305,0.6234127,0.78560877,0.41854632,Stable
0.41830692,0.45944852,0.4886944,0.6546386,0.5188452,0.36542687,0.7088139,0.743947,0.72303456,0.29220173,0.7624811,0.735595,0.75885224,0.26988804,0.78307575,0.6233709,0.7857107,0.4183715,Stable
0.41821414,0.4591189,0.48997164,0.6551958,0.5190349,0.3647852,0.7105938,0.7400942,0.7222344,0.29151884,0.7609724,0.73568976,0.7580267,0.28915593,0.7856977,0.6207633,0.78668565,0.41753596,Stable
0.41867864,0.45966062,0.48991352,0.6547094,0.51802886,0.36307865,0.710279,0.74025714,0.71679115,0.29519534,0.7649237,0.74032676,0.76014173,0.26170585,0.78465766,0.6177299,0.78589225,0.41319722,Stable
0.4196179,0.46083242,0.4901645,0.65239835,0.5192464,0.3625877,0.71548575,0.74246734,0.71969837,0.29590434,0.76657194,0.7459271,0.76167,0.26416382,0.7799063,0.6160749,0.7830324,0.41235232,Stable
0.42108843,0.46246994,0.48973307,0.6555869,0.517594,0.364706,0.71179795,0.74366987,0.7197267,0.29561985,0.76489395,0.7497964,0.76105917,0.26515085,0.7765162,0.6185983,0.7811553,0.41442534,Stable
0.4208784,0.46251118,0.48968157,0.65550673,0.5177241,0.36461687,0.7117562,0.7436701,0.7198755,0.2956094,0.7648063,0.7496776,0.7611176,0.26528877,0.77654934,0.6185998,0.781199,0.414358,Stable
0.4174839,0.46279427,0.48865533,0.6569805,0.5157389,0.36769542,0.70911694,0.7423586,0.71635735,0.29514706,0.7601572,0.7391219,0.7529132,0.22144245,0.7810284,0.61736286,0.7843225,0.4131798,Stable
0.4188226,0.46773678,0.48675674,0.6580751,0.52035606,0.3739476,0.7061243,0.7446407,0.7077967,0.29882812,0.75847065,0.72999406,0.7479218,0.21043012,0.78211296,0.6144415,0.7857375,0.4142931,Stable
0.41954845,0.46410888,0.488954,0.6578371,0.5179618,0.37874907,0.7060878,0.74392617,0.6968228,0.29968208,0.76760674,0.7382414,0.74482584,0.20381197,0.7774705,0.61234957,0.78026885,0.41368043,Stable
0.41950345,0.46475872,0.4888435,0.6584012,0.5170113,0.38028273,0.70628524,0.7443762,0.6948299,0.30266726,0.763361,0.7219174,0.74198425,0.20686013,0.7762631,0.61349523,0.779483,0.4157561,Stable
0.42146572,0.46755597,0.4889332,0.6584388,0.51702017,0.3802448,0.70626557,0.74424374,0.6948962,0.30269432,0.7632419,0.72215617,0.74206316,0.2068232,0.77625096,0.61335206,0.77956647,0.41577768,Stable
0.42123187,0.46803308,0.48780543,0.6588839,0.5187659,0.38062,0.7075474,0.74690795,0.69773436,0.30358717,0.76581997,0.7187445,0.7415687,0.2057705,0.7774088,0.6141893,0.78250325,0.41610348,Stable
0.42105585,0.4691506,0.48647043,0.66022384,0.5203025,0.37879145,0.7034828,0.7503457,0.702415,0.30119172,0.76495266,0.72373414,0.74259204,0.20594326,0.77595747,0.6180178,0.7804712,0.41859958,Stable
0.41913947,0.46705002,0.48739895,0.662578,0.52083224,0.37786585,0.70562446,0.74998635,0.71311176,0.3003208,0.76377106,0.7166316,0.74396396,0.20023477,0.7788209,0.6186156,0.78427255,0.41858077,Stable
0.4201183,0.46950835,0.48589048,0.6606907,0.51907384,0.37862855,0.7073895,0.7479385,0.7015172,0.30314755,0.76416874,0.69635785,0.74360013,0.20461056,0.7812552,0.6166243,0.7850542,0.41630253,Stable
0.42012605,0.46948022,0.48588187,0.66068053,0.5191003,0.37852988,0.70726395,0.7479414,0.7015228,0.30315116,0.7642535,0.6962301,0.7438123,0.20464103,0.7811885,0.6166481,0.78502965,0.41637546,Stable
0.41666827,0.4712625,0.48592982,0.66016686,0.5134149,0.37325534,0.7078328,0.7486307,0.70953935,0.29985857,0.76380104,0.69640124,0.7432286,0.20329049,0.7821146,0.6161102,0.78602546,0.41561955,Stable
0.41641447,0.4715875,0.4861217,0.65861535,0.51875365,0.37832364,0.70807374,0.7488463,0.70154613,0.30410475,0.7646517,0.71365404,0.7450747,0.20131892,0.7831957,0.61739033,0.78724384,0.41617692,Stable
0.41703242,0.46979475,0.48620778,0.6584415,0.5188417,0.37896675,0.71638316,0.7537417,0.70086944,0.3057474,0.7693802,0.6778273,0.7478739,0.1978217,0.78015345,0.6142462,0.78418636,0.41478416,Stable
0.412814,0.47162396,0.48492044,0.657354,0.5113464,0.3715752,0.7117221,0.750705,0.70517194,0.30550274,0.7643869,0.69226164,0.7456697,0.19832096,0.7812948,0.6098077,0.7840029,0.41255757,Stable
0.41284573,0.47162104,0.48490375,0.657414,0.5114036,0.3715365,0.7117473,0.7506958,0.7053585,0.30538967,0.7645597,0.69211304,0.74589175,0.19824582,0.7814007,0.6098254,0.78412116,0.41254184,Stable
0.41864368,0.46923345,0.48535782,0.65909445,0.5158239,0.37887853,0.7180011,0.7563409,0.6956732,0.31015897,0.765012,0.7138652,0.74789417,0.20085952,0.7772762,0.61453587,0.7848367,0.41319615,Stable
0.41447824,0.46852624,0.4841101,0.6582565,0.51634,0.37747002,0.71845025,0.7568974,0.69669044,0.30783337,0.7661416,0.69127214,0.74806213,0.19957739,0.7750473,0.61502385,0.78223205,0.4149689,Stable
0.4109493,0.47038907,0.48389715,0.6564207,0.5165767,0.37970752,0.7128171,0.74998784,0.69187444,0.30858362,0.7655491,0.69159305,0.75023836,0.19514464,0.7733691,0.6149928,0.7802979,0.4168994,Stable
0.39832413,0.47141486,0.48395282,0.6558422,0.51266193,0.37679455,0.7116339,0.74998605,0.6930059,0.30445182,0.76363367,0.6913023,0.75200415,0.19288269,0.7732637,0.61762655,0.7790234,0.41824707,Stable
0.3985954,0.47145247,0.48402148,0.6559849,0.5126459,0.37676728,0.7118594,0.750081,0.6930301,0.30445555,0.76352924,0.69132555,0.7520458,0.19283134,0.77328056,0.617875,0.77911925,0.4183825,Stable
0.39256537,0.4712585,0.4829318,0.6557931,0.5156022,0.3777283,0.70953506,0.74948883,0.68520105,0.30673724,0.76107824,0.6920749,0.751348,0.19310641,0.7713794,0.618155,0.7751728,0.41564327,Stable
0.38228354,0.4711698,0.48346016,0.6558152,0.5093598,0.3756913,0.7081256,0.75017965,0.68142956,0.3050233,0.75924957,0.7115931,0.75433886,0.19402626,0.77064675,0.6209507,0.7756497,0.41800654,Stable
0.38270637,0.47056347,0.4830991,0.65688896,0.5120442,0.37471932,0.7180593,0.75485945,0.69026846,0.3039359,0.7607243,0.7140614,0.7558493,0.19278255,0.7711582,0.6197808,0.774384,0.4177243,Stable
0.37967235,0.47159725,0.48410934,0.6564407,0.51204336,0.37532863,0.7174837,0.7541375,0.69067496,0.3023585,0.76103795,0.7173273,0.75776696,0.18632016,0.7719737,0.6184418,0.77416766,0.41473365,Stable
0.37921688,0.47177267,0.48416373,0.6562925,0.51199216,0.37523586,0.7170288,0.75401306,0.690807,0.30249113,0.7608961,0.7174822,0.75769925,0.18631315,0.77191365,0.61813223,0.7741214,0.41440618,Stable
0.37558025,0.4741095,0.48456642,0.655991,0.5119258,0.37550503,0.7044178,0.7490748,0.69367284,0.30262214,0.7639419,0.71960366,0.7599303,0.18678498,0.7752392,0.6169026,0.7774598,0.41257107,Stable
0.374677,0.47327954,0.48608047,0.6580771,0.51107574,0.3740023,0.703513,0.74711365,0.6991825,0.30415624,0.75830615,0.7285718,0.7613408,0.1916307,0.7812335,0.61829036,0.78306913,0.4127699,Stable
0.37279794,0.4714691,0.48584756,0.65630555,0.51194453,0.37308055,0.7152319,0.74886125,0.7041773,0.30368978,0.76167864,0.7251203,0.75792456,0.17802064,0.77826136,0.607533,0.78075117,0.41071293,Stable
0.37038085,0.4715464,0.49022222,0.66085094,0.5155461,0.37403053,0.71547973,0.7498205,0.6985574,0.3050403,0.75626564,0.724828,0.7539665,0.17442185,0.77721876,0.6171224,0.7827542,0.40975153,Stable
0.3699938,0.47152004,0.4902057,0.6609565,0.5154986,0.37387753,0.71554816,0.74991554,0.6985667,0.30521888,0.7559742,0.7250743,0.7538439,0.17442983,0.7770914,0.6170875,0.78260607,0.40963882,Stable
0.36959565,0.4717098,0.48552272,0.6606562,0.5123853,0.37495697,0.7165677,0.74930906,0.70003974,0.3072033,0.7574572,0.72346616,0.76318616,0.1871126,0.7771522,0.62000924,0.7833717,0.41307136,Stable
0.36822006,0.47298846,0.48975384,0.657711,0.51190823,0.37532467,0.7188952,0.7494611,0.6986643,0.30460322,0.75841326,0.7214946,0.7684699,0.20565298,0.77643,0.6090313,0.7813644,0.41139635,Stable
0.3663422,0.47199488,0.4868792,0.6553391,0.51055056,0.37612745,0.71675676,0.75025594,0.69664186,0.30819094,0.75426733,0.73371005,0.7688422,0.20464185,0.77599037,0.61601806,0.78109634,0.41181454,Stable
0.36690426,0.4710213,0.49128494,0.65776193,0.51183474,0.37593317,0.7182305,0.74952024,0.7003431,0.3068786,0.7621238,0.7447755,0.7693299,0.2172436,0.7809105,0.6092675,0.78462285,0.410169,Stable
0.36741883,0.47097242,0.49123764,0.6576794,0.511894,0.37590843,0.7182984,0.74950063,0.70051694,0.30671233,0.76224196,0.74492806,0.76936114,0.2173846,0.78100985,0.60918534,0.7846912,0.4100973,Stable
0.36514145,0.46966875,0.48949707,0.6564284,0.5118576,0.3741432,0.72068757,0.7518004,0.7056842,0.3064463,0.7625825,0.7413322,0.7625965,0.2618059,0.7795803,0.61743265,0.7853779,0.41320044,Stable
0.36402234,0.4682201,0.48995826,0.6587592,0.51243246,0.37238693,0.7184793,0.74918973,0.70714974,0.30646172,0.76172924,0.7477705,0.7706649,0.22089827,0.78192616,0.6213784,0.7892518,0.41303235,Stable
0.36338148,0.46794635,0.4869716,0.6572254,0.5137017,0.37208962,0.72412986,0.7526845,0.702532,0.3045358,0.75300354,0.7435086,0.7720782,0.22258513,0.78097934,0.62146115,0.7874545,0.41519785,Stable
0.36220378,0.46735153,0.489967,0.6587776,0.51414806,0.37509996,0.7177888,0.7507311,0.7016524,0.3020451,0.7650008,0.74433863,0.7503288,0.1579397,0.7760397,0.6177965,0.78076386,0.41295192,Stable
0.36198163,0.4672572,0.48992676,0.65872884,0.514145,0.37511095,0.71762884,0.7507042,0.7016933,0.302022,0.7647784,0.74446815,0.7502646,0.15790272,0.7759774,0.61791426,0.7807915,0.4130411,Stable
0.36257225,0.465284,0.49067816,0.658919,0.5138509,0.37531477,0.71813726,0.749779,0.69981134,0.30343387,0.7674519,0.7391483,0.77378744,0.2270798,0.77611315,0.616743,0.78125733,0.41161078,Stable
0.36292908,0.46621597,0.48677593,0.65811604,0.517488,0.3759145,0.72076344,0.7525665,0.6957898,0.30077964,0.7673366,0.7176454,0.7620272,0.2267603,0.77742434,0.60511225,0.78081554,0.40782458,Stable
0.36278087,0.46667215,0.48731,0.65844476,0.5173273,0.37675068,0.7212603,0.75297564,0.6956648,0.30186737,0.76485765,0.7188791,0.76936185,0.22872671,0.7783997,0.61375785,0.7798545,0.4091029,Stable
0.36367917,0.4655436,0.48753008,0.6593138,0.51693165,0.37581217,0.72850215,0.7536117,0.697917,0.30058366,0.76511836,0.71314067,0.7715866,0.2287616,0.77548283,0.6019306,0.77831334,0.40623736,Stable
0.36360222,0.4656437,0.48752952,0.6592965,0.5169875,0.37586182,0.72822225,0.75357425,0.69791406,0.30061448,0.7649081,0.7136353,0.77155155,0.22867714,0.7753645,0.60218835,0.7782917,0.40642187,Stable
0.36538157,0.46603853,0.4877826,0.65972394,0.51279813,0.3746189,0.72817934,0.7531948,0.6988482,0.29951963,0.7658613,0.7137295,0.7720739,0.23736537,0.7762646,0.60502654,0.7795703,0.4095508,Stable
0.3669172,0.46631062,0.48855764,0.6613387,0.5130085,0.37487385,0.73150074,0.75424767,0.6988828,0.30051184,0.76234007,0.7136189,0.77125466,0.2572217,0.7762852,0.6150138,0.78259027,0.41166544,Stable
0.36564404,0.4656034,0.4873893,0.66069686,0.5162564,0.37561533,0.72991365,0.75322646,0.69916666,0.3012658,0.7601733,0.71904445,0.7742466,0.23918115,0.77780175,0.60813415,0.78141946,0.4106314,Stable
0.36528558,0.46508187,0.48814386,0.6605947,0.51240337,0.37429985,0.73084664,0.75342196,0.7007941,0.30244458,0.759941,0.7225292,0.7708866,0.23374145,0.77849215,0.6162754,0.78012365,0.4100835,Stable
0.3652304,0.46509433,0.48807153,0.6605828,0.512375,0.37432343,0.7217792,0.74852145,0.70077336,0.30250394,0.75975466,0.72256124,0.7709036,0.23391567,0.7783824,0.61629844,0.7800736,0.41007465,Stable
0.36497205,0.4655699,0.4884261,0.6614103,0.51233554,0.37453672,0.72282165,0.74812996,0.7015095,0.30207536,0.757655,0.7200618,0.76993316,0.23225354,0.77819216,0.6162226,0.7793323,0.40884814,Stable
0.36707115,0.466168,0.48744735,0.6609565,0.5158277,0.37308788,0.7304529,0.75220644,0.7022935,0.30016637,0.7588672,0.7225212,0.7711453,0.23091994,0.77788806,0.6152486,0.7779304,0.40766704,Stable
0.36796865,0.46687755,0.4889716,0.66092885,0.5142121,0.3739646,0.7309325,0.7518555,0.7073266,0.2999795,0.757316,0.72606874,0.77088094,0.22672379,0.77726996,0.6150363,0.77610683,0.40539098,Stable
0.3698582,0.4673577,0.4886124,0.66068995,0.5111221,0.36824358,0.7285061,0.7509433,0.7069293,0.29873896,0.75898093,0.72643936,0.770602,0.23055582,0.77644724,0.6057354,0.77924144,0.40413028,Stable
0.36988577,0.46720833,0.48863694,0.6606946,0.51095164,0.36839032,0.7281499,0.7506521,0.7066301,0.29847127,0.75856346,0.72693634,0.77076006,0.22998348,0.77668905,0.6054259,0.77930295,0.40359613,Stable
0.3692767,0.4670846,0.4883886,0.6607416,0.5132451,0.37053367,0.72778785,0.75098985,0.70617455,0.29982987,0.7536348,0.7305743,0.77259886,0.22889176,0.7759081,0.6137106,0.7795483,0.40631342,Stable
0.36938307,0.467968,0.4885583,0.660877,0.5136867,0.3711877,0.7284162,0.75176096,0.7112254,0.29774404,0.75257456,0.7321252,0.77394116,0.22462861,0.77512157,0.6140279,0.77824754,0.40567577,Stable
0.36855936,0.46826923,0.4883444,0.6613395,0.51463175,0.37030625,0.72941446,0.75153816,0.70941585,0.29681754,0.751815,0.7312376,0.77697873,0.22701517,0.7784931,0.61574304,0.7787365,0.40598136,Stable
0.3692294,0.46888086,0.48883164,0.6614103,0.5148567,0.37068933,0.73120326,0.7523649,0.70680463,0.29946792,0.75243104,0.72823846,0.7771667,0.23357426,0.7779524,0.6169642,0.77832335,0.40853724,Stable
0.36922774,0.46888363,0.48882183,0.6613994,0.5148498,0.37068948,0.7312135,0.75238943,0.70678294,0.29946658,0.75242186,0.728222,0.7771844,0.23361026,0.77794766,0.6169276,0.7783171,0.4085142,Stable
0.36906752,0.4684765,0.4877801,0.6603776,0.5144334,0.3695321,0.72751874,0.7515532,0.70838946,0.29878527,0.7552449,0.7273375,0.7740132,0.22832704,0.77448696,0.61735946,0.7810403,0.4107979,Stable
0.37128282,0.468041,0.4886218,0.66101825,0.51614964,0.36814892,0.7291062,0.75155914,0.7094337,0.29872507,0.7565326,0.7279434,0.7654666,0.27946755,0.77788943,0.6181818,0.78370064,0.4105496,Stable
0.37171465,0.46763176,0.48928303,0.6619384,0.51579714,0.36842126,0.7290715,0.751824,0.70928514,0.29877925,0.75587386,0.72888494,0.76260746,0.28115016,0.77785826,0.6195207,0.7825899,0.41139206,Stable
0.37219715,0.46785122,0.489932,0.66250473,0.51587564,0.36892396,0.7281468,0.751183,0.70545596,0.29973304,0.7545159,0.7303109,0.764433,0.27741802,0.7778484,0.62009096,0.7817944,0.41143975,Stable
0.37218934,0.4678006,0.48991153,0.66247064,0.5158692,0.36897224,0.7281965,0.7511923,0.7054415,0.29968596,0.7545364,0.73016495,0.76435417,0.27734396,0.7778733,0.6200998,0.7818384,0.41149962,Stable
0.37218547,0.46753916,0.48979804,0.66200733,0.51660115,0.3679818,0.7312125,0.75193423,0.7063176,0.29884523,0.7527045,0.73068833,0.7671105,0.28055465,0.77908564,0.61955535,0.78418267,0.41177958,Stable
0.3719601,0.46781874,0.48945642,0.6620564,0.51712775,0.3672225,0.7310803,0.75182784,0.7035889,0.29929838,0.7528523,0.7302333,0.7634856,0.27906525,0.7798817,0.6210174,0.7851335,0.4141336,Stable
0.37229937,0.46761948,0.48894534,0.6619482,0.51737165,0.3663395,0.7271863,0.7496919,0.7020662,0.29983407,0.75336903,0.72991127,0.7668661,0.27688885,0.7813975,0.6277608,0.7844421,0.41412216,Stable
0.37228703,0.46762514,0.48895633,0.6619511,0.5173658,0.36633,0.72716135,0.74968976,0.702032,0.29984003,0.7533724,0.7299194,0.7668583,0.27674195,0.78139776,0.6277744,0.7844385,0.4140895,Stable
0.37140352,0.4680336,0.4891033,0.66184205,0.5180987,0.36602446,0.72513497,0.748474,0.7052333,0.29820576,0.75151056,0.7325222,0.76638055,0.27837896,0.7811443,0.62894475,0.7845969,0.41487366,Stable
0.3716513,0.46773824,0.48964092,0.6618085,0.51743054,0.3662697,0.72578853,0.7487422,0.7032231,0.29909194,0.75031364,0.7335918,0.7638923,0.28278708,0.7795784,0.6298876,0.7869258,0.41526067,Stable
0.37250698,0.46828192,0.489758,0.6615195,0.51779884,0.3662429,0.72704816,0.7492971,0.70578086,0.29977512,0.7504575,0.73049974,0.7684313,0.27963507,0.7797503,0.62834954,0.7868774,0.41499168,Stable
0.37191066,0.46890864,0.4894778,0.661501,0.5163847,0.36563677,0.72770846,0.7501056,0.70350564,0.29893982,0.7505242,0.7306685,0.7652077,0.27990484,0.78171134,0.62911123,0.7855024,0.41416442,Stable
0.37188208,0.4689244,0.4894832,0.661513,0.5163865,0.36566496,0.72764003,0.7500784,0.70340985,0.29901356,0.7505194,0.7306964,0.76539296,0.27977854,0.781837,0.6291704,0.7856128,0.4141575,Stable
0.37212098,0.4687804,0.48881957,0.6608498,0.5172646,0.3664701,0.7265321,0.7496903,0.70552397,0.2983016,0.7499115,0.73281825,0.7673948,0.28011394,0.78231114,0.6290461,0.78529376,0.41504616,Stable
0.37299818,0.46928045,0.48883438,0.6605385,0.51648295,0.36603197,0.7277176,0.7497491,0.70528734,0.30030107,0.74924624,0.7311703,0.7713856,0.27863157,0.7839726,0.62989473,0.7869855,0.41516253,Stable
0.37286776,0.46933216,0.48934424,0.66017723,0.5158074,0.36612195,0.72791374,0.7502767,0.70716,0.30019668,0.75009286,0.73083943,0.7694008,0.2778672,0.7825717,0.6297909,0.7884488,0.41477895,Stable
0.37401614,0.46842894,0.48905239,0.6603211,0.5155453,0.36610538,0.727147,0.7502978,0.71016383,0.29963472,0.7493591,0.73281974,0.7719662,0.27783072,0.7855878,0.63108194,0.7898962,0.41974816,Stable
0.37400755,0.46842808,0.48903596,0.66032857,0.51554275,0.3661301,0.72715896,0.7503214,0.7101776,0.29966342,0.74928975,0.73269296,0.7719562,0.27784568,0.78565323,0.63111144,0.78996825,0.4198129,Stable
0.37381428,0.46765286,0.48890707,0.6604502,0.51484615,0.36547193,0.7281043,0.7506057,0.70996,0.2987408,0.74926555,0.73181766,0.76913846,0.28260788,0.7855084,0.62987286,0.78748816,0.4138127,Stable
0.3735666,0.46704304,0.4887349,0.66045594,0.51437384,0.3657655,0.7281715,0.7506015,0.7087392,0.29877704,0.748505,0.7344615,0.7679894,0.2794887,0.78336096,0.6300514,0.7874014,0.41855013,Stable
0.37342247,0.46769089,0.48817122,0.66022813,0.51506317,0.36586845,0.72671217,0.75043243,0.70915526,0.29950258,0.74779266,0.7340025,0.7708459,0.27732986,0.784585,0.62968814,0.7890441,0.41925162,Stable
0.37313116,0.46779534,0.48801202,0.6600853,0.51559854,0.36554158,0.7277521,0.75020206,0.7097113,0.3000789,0.74891794,0.73485726,0.7713773,0.27898365,0.7861922,0.6297834,0.78917396,0.4141104,Stable
0.37302822,0.46787375,0.4880721,0.6600572,0.51560616,0.3655766,0.7278695,0.7501964,0.7097508,0.30007714,0.74892706,0.73488015,0.7713789,0.2790165,0.78625363,0.62981904,0.7892246,0.414123,Stable
0.37339252,0.46825203,0.48856097,0.66017616,0.5157005,0.36557513,0.7280772,0.7506241,0.70984805,0.29942513,0.74924624,0.7351247,0.7726445,0.27746892,0.7849339,0.6225034,0.78999925,0.41435403,Stable
0.37267846,0.46609056,0.48867616,0.66098595,0.5150925,0.3658718,0.72942007,0.75177735,0.7101214,0.29888728,0.74924606,0.7350993,0.76836324,0.2820236,0.7829895,0.6302662,0.7895395,0.41439694,Stable
0.37322432,0.46588323,0.4885015,0.6611619,0.5149517,0.3652397,0.72784245,0.7508991,0.7105996,0.29850554,0.74936,0.7343802,0.7673062,0.28280333,0.78555405,0.63070047,0.7884726,0.4137574,Stable
0.37350744,0.46508753,0.48875067,0.66127396,0.5149183,0.36509633,0.7282509,0.75119203,0.7085891,0.29841548,0.7492079,0.7354142,0.76772493,0.28220704,0.7848991,0.6305756,0.7889421,0.41915953,Stable
0.37350804,0.46507737,0.4887427,0.66128486,0.51490533,0.3651006,0.7281729,0.7511219,0.7085618,0.29841748,0.74918187,0.7355342,0.76772135,0.28223842,0.78471935,0.63053304,0.7888546,0.41910684,Stable
0.37326205,0.4651721,0.48850343,0.66094464,0.51575196,0.36443305,0.72671354,0.750925,0.7088461,0.2986443,0.74909633,0.7338819,0.7698805,0.2835362,0.784832,0.62977815,0.7882919,0.41325983,Stable
0.3727649,0.46570477,0.4883929,0.6607013,0.51527786,0.36419865,0.72627497,0.75069565,0.7090664,0.29819685,0.7486961,0.7350785,0.7686374,0.28220618,0.7847401,0.6303701,0.7875499,0.41351467,Stable
0.3741518,0.46778947,0.4884629,0.66047496,0.5155425,0.36429083,0.7225381,0.7492758,0.71173596,0.29769373,0.75155616,0.7353653,0.7659818,0.28135788,0.7850858,0.62981576,0.7874497,0.41322026,Stable
0.3739316,0.46776867,0.48839843,0.6601448,0.5156096,0.3648568,0.72596765,0.75095546,0.7126939,0.29761058,0.7513056,0.7334835,0.7674172,0.2884706,0.7862809,0.63057166,0.7904679,0.4204399,Stable
0.3739309,0.46777403,0.4884081,0.66014624,0.5156001,0.3648799,0.72597146,0.7509582,0.7126945,0.29761785,0.75130427,0.7334969,0.76737916,0.2886184,0.7862453,0.6305993,0.79042816,0.42049107,Stable
0.37363333,0.46755713,0.4878654,0.66017634,0.5152745,0.36514086,0.7283818,0.7511386,0.7132069,0.29764634,0.7521446,0.73284763,0.76913583,0.2886261,0.78604424,0.6285007,0.7892475,0.41301125,Stable
0.37308365,0.465347,0.48771128,0.6602437,0.5151425,0.36505038,0.72681856,0.75052804,0.71292347,0.29710567,0.7523931,0.7338633,0.76979965,0.28515077,0.7851833,0.629366,0.78831905,0.41287538,Stable
0.37389442,0.46783575,0.48781168,0.6598842,0.51633465,0.36554855,0.7255471,0.75059694,0.71351874,0.29773742,0.7519696,0.7339367,0.7703446,0.28083736,0.7864024,0.6300711,0.7890388,0.41304964,Stable
0.37359738,0.4659354,0.48805648,0.6608266,0.5159875,0.36429986,0.72738445,0.75068355,0.71455616,0.29768115,0.7504396,0.73465794,0.7714125,0.28115746,0.7831054,0.6292592,0.7894714,0.4124753,Stable
0.3735859,0.46594915,0.4880292,0.66077423,0.51597446,0.364302,0.72731376,0.75071454,0.7145342,0.29770073,0.7504434,0.7345065,0.77141273,0.2812848,0.7830579,0.62918836,0.7894447,0.41245443,Stable
0.3740865,0.46620518,0.48832577,0.6612053,0.51512295,0.36384162,0.72520703,0.7495469,0.7147263,0.29736286,0.7498945,0.7352168,0.77113414,0.27926102,0.78342247,0.62269247,0.7882943,0.41255027,Stable
0.37374842,0.46889505,0.4888633,0.6612147,0.5152532,0.36429888,0.72624886,0.7503691,0.71484894,0.29782832,0.7494266,0.73594,0.77384174,0.27997267,0.7843547,0.62323457,0.7896747,0.41434008,Stable
0.3736871,0.468315,0.48922488,0.66135544,0.51453894,0.3640885,0.7274066,0.751346,0.71484077,0.29659805,0.7480469,0.73718834,0.7740214,0.28009817,0.7800786,0.62134236,0.7863955,0.4113364,Stable
0.37330604,0.46918452,0.48983145,0.6613687,0.5137343,0.36445484,0.7228748,0.7495018,0.71277726,0.29648826,0.7494759,0.7343279,0.77080154,0.27848208,0.7809783,0.6219876,0.7835244,0.41185185,Stable
0.37329137,0.4691485,0.48978898,0.66133845,0.51371694,0.36446285,0.7226173,0.7493993,0.71266735,0.29667294,0.74953556,0.7344775,0.7707665,0.27816832,0.7809588,0.6219893,0.7834861,0.41180843,Stable
0.37285608,0.46919617,0.48633903,0.6594339,0.51223236,0.36651665,0.72767615,0.7501139,0.707989,0.29725784,0.75717545,0.72510636,0.77039284,0.28121305,0.7818501,0.61781263,0.782882,0.41087276,Stable
0.37208903,0.46852347,0.484981,0.66044676,0.5132478,0.3661195,0.7299576,0.75282586,0.70703197,0.2963456,0.75283957,0.70727366,0.76851386,0.28410208,0.77907693,0.62545115,0.7835995,0.41055608,Stable
0.37279058,0.4662977,0.48539612,0.66004837,0.513186,0.3662542,0.7297961,0.753008,0.70878804,0.2964091,0.75170535,0.71315527,0.76801485,0.28483284,0.78131163,0.61665773,0.7839675,0.41009772,Stable
0.3726018,0.45837516,0.48885775,0.6585608,0.51447016,0.36740288,0.73170865,0.7533821,0.7120153,0.2972966,0.752959,0.7140051,0.7710561,0.28364682,0.7793288,0.62226474,0.7845707,0.41029656,Stable
0.37272137,0.45828795,0.48887062,0.6586292,0.51444787,0.36742052,0.7318806,0.75341403,0.71200764,0.29728407,0.7530776,0.71395206,0.77116096,0.2837514,0.77931905,0.62216914,0.7845216,0.4102646,Stable
0.37399685,0.4619177,0.48858535,0.65820533,0.5156568,0.36753207,0.7312879,0.75341076,0.7127484,0.29654148,0.7543404,0.7128333,0.7680737,0.28517255,0.7793915,0.6213061,0.7841045,0.4091191,Stable
0.3711515,0.45902485,0.48822206,0.65804756,0.5153305,0.36721152,0.73047274,0.7532811,0.711837,0.29538608,0.75813043,0.7284295,0.7719803,0.28101173,0.78025985,0.62296367,0.7850888,0.41005632,Stable
0.37354422,0.45790625,0.48771748,0.6582154,0.5159553,0.36667404,0.71910256,0.74910325,0.71222115,0.29494384,0.75530124,0.73086524,0.77194613,0.2795555,0.7776668,0.62493014,0.78299224,0.41100085,Stable
0.37576467,0.45390078,0.48778552,0.6573764,0.513307,0.3668614,0.72108614,0.75038594,0.7094172,0.29613695,0.75542605,0.71870774,0.7713859,0.28340313,0.7777283,0.62042755,0.78194475,0.40588033,Stable
0.37579438,0.45393476,0.48782617,0.65736103,0.51326525,0.36686933,0.72115225,0.7505626,0.70930505,0.2960962,0.7554109,0.7183479,0.77115905,0.28340045,0.77782243,0.62050474,0.7819752,0.40585685,Stable
0.37594625,0.45369333,0.4855238,0.656402,0.5132079,0.36858663,0.7174813,0.7482161,0.7050158,0.29635265,0.7543132,0.71149343,0.76775515,0.2758242,0.774455,0.62059087,0.7777947,0.40909982,Stable
0.37741363,0.44644237,0.4828853,0.6568798,0.5143273,0.37299687,0.7126798,0.7473277,0.71097416,0.29418808,0.7511084,0.7198512,0.76909065,0.2715022,0.77245224,0.6232676,0.7777583,0.4072863,Stable
0.3764101,0.44293305,0.48259804,0.65813553,0.5167779,0.37037215,0.7178005,0.74968064,0.71627134,0.29614982,0.752427,0.6884112,0.78185344,0.2765549,0.77270997,0.6239553,0.7794584,0.40920353,Stable
0.37386823,0.43250442,0.48397562,0.65724576,0.51933396,0.37132263,0.7186267,0.7496261,0.7168441,0.29913747,0.7477702,0.6727923,0.78262794,0.28478914,0.76893634,0.6241888,0.77673686,0.4220714,Stable
0.3738416,0.43251532,0.4840039,0.6572539,0.5193528,0.37131438,0.7186364,0.74964756,0.71685266,0.29913118,0.7477641,0.67282224,0.7826199,0.28478968,0.76896566,0.6241783,0.7767646,0.42207906,Stable
0.3940123,0.4265759,0.48442864,0.65727925,0.5183015,0.37543938,0.71690863,0.7500813,0.71500707,0.29946423,0.7541093,0.6724025,0.7773017,0.2866607,0.77248454,0.61367136,0.7771153,0.42080033,Stable
0.40613973,0.41289145,0.48610675,0.66300726,0.5167158,0.37723064,0.71906155,0.75278276,0.7212571,0.29942486,0.7581489,0.7240727,0.7645676,0.3038855,0.7725563,0.6321417,0.7803397,0.4309437,Stable
0.40503663,0.41634795,0.48740122,0.6595663,0.51875705,0.37550652,0.7191099,0.7532305,0.72200584,0.2964854,0.752581,0.66352934,0.7720214,0.3000412,0.7724623,0.6351824,0.783949,0.43328235,Stable
0.41088244,0.40775126,0.48621377,0.65617114,0.52138925,0.37631315,0.7148532,0.75412035,0.71908796,0.30081034,0.7533361,0.6674783,0.7679374,0.2957591,0.77592295,0.63679075,0.78260326,0.44058964,Stable
0.41100454,0.40770346,0.48613486,0.65617853,0.5211174,0.37630773,0.7148499,0.7540802,0.71895385,0.30083722,0.75343126,0.6673109,0.7678248,0.2955958,0.775843,0.6365268,0.78104854,0.43456435,Stable
0.4142238,0.40401718,0.4854742,0.65432656,0.5225832,0.37449145,0.7162394,0.75539017,0.7147147,0.30972323,0.75269616,0.6665057,0.76198566,0.2959959,0.774532,0.6327942,0.7806096,0.43990085,Stable
0.41971642,0.40614724,0.48641205,0.6555042,0.5251906,0.3767937,0.7226479,0.76041526,0.7148417,0.31277865,0.75663626,0.66333437,0.755094,0.29995704,0.77589464,0.6462442,0.78625333,0.4452529,Stable
0.4235466,0.40708488,0.48375615,0.65159184,0.528362,0.37589055,0.72059697,0.75773203,0.71801937,0.31377846,0.75199264,0.66038847,0.758002,0.2959397,0.77186465,0.64762586,0.7807239,0.44477624,Stable
0.43035018,0.39977476,0.4840455,0.6466444,0.53348416,0.37811732,0.7232768,0.7635705,0.7177824,0.3153754,0.7556199,0.68811834,0.75468373,0.29916462,0.77626646,0.6380602,0.7833475,0.44840106,Stable
0.42974848,0.39928347,0.48411548,0.6465461,0.5335628,0.3780968,0.72328943,0.7635755,0.71793187,0.31528845,0.75561404,0.6881336,0.75481266,0.2990281,0.77624035,0.638204,0.7833452,0.44855914,Stable
0.43629798,0.40168363,0.47902915,0.645097,0.5344322,0.37892103,0.7115214,0.758085,0.7170007,0.31601167,0.7611724,0.7010674,0.75678515,0.2996385,0.77438164,0.63750273,0.77944183,0.45127577,Stable
0.4352997,0.39291364,0.47660863,0.6379311,0.5380208,0.37849104,0.7173346,0.7633876,0.7215535,0.31703156,0.7627525,0.714815,0.75561154,0.29805526,0.7775914,0.6317986,0.78377885,0.449128,Stable
0.4389798,0.38908416,0.47783977,0.6385046,0.5381319,0.37833554,0.72184384,0.7626435,0.72017074,0.31452024,0.7683562,0.7064828,0.75548524,0.3074715,0.77365756,0.628783,0.7813493,0.44825858,Stable
0.44632167,0.39541018,0.4776146,0.6356879,0.54098475,0.3773191,0.72566557,0.76622814,0.7189312,0.31378213,0.7698981,0.6937612,0.7532956,0.30676046,0.7732254,0.6304076,0.77895796,0.452336,Stable
0.44536862,0.39513856,0.47760996,0.63559186,0.5409193,0.37709412,0.7255575,0.76617044,0.7189891,0.31378943,0.76980966,0.6938336,0.75338864,0.30653605,0.77280873,0.6304679,0.77862775,0.45233697,Stable
0.4474425,0.3972665,0.48194557,0.6352384,0.53324646,0.375323,0.7147254,0.75698394,0.70654094,0.31295365,0.7699828,0.6921444,0.75228184,0.3026353,0.7704784,0.61402166,0.7748873,0.44156215,Stable
0.4475302,0.38983056,0.47920835,0.63443065,0.5378289,0.37914905,0.7265521,0.76068586,0.71280664,0.31528878,0.76535004,0.67503595,0.7529299,0.3019089,0.7699427,0.62960994,0.77617085,0.44830203,Stable
0.44996113,0.38403445,0.48322785,0.6313499,0.5392601,0.3799933,0.72301316,0.7624499,0.72002023,0.3154388,0.7710833,0.6777258,0.7570228,0.3025995,0.77501553,0.6132517,0.7816517,0.4347063,Stable
0.4521327,0.38365465,0.48183212,0.6302798,0.54438514,0.38491446,0.722247,0.76312655,0.7197099,0.31577617,0.77302927,0.69000065,0.7528791,0.30426437,0.77620214,0.6100329,0.7829377,0.4354868,Stable
0.4520024,0.38356566,0.48182845,0.6302587,0.5444325,0.38485417,0.7221985,0.7632212,0.71980065,0.31572825,0.77317524,0.6901138,0.7528717,0.30418873,0.7760979,0.61015165,0.7828056,0.4356678,Stable
0.44454998,0.37946114,0.48060712,0.6287707,0.5443336,0.37507436,0.7268642,0.762545,0.7184858,0.3140893,0.77897096,0.64319867,0.7523701,0.30276468,0.7754409,0.6080972,0.78098464,0.431691,Stable
0.4487432,0.3804514,0.48092276,0.6312472,0.544809,0.3877539,0.72817326,0.7652261,0.6999781,0.321005,0.77589667,0.66819036,0.74833715,0.30395156,0.7743515,0.6172733,0.78096247,0.44871616,Stable
0.44491798,0.3810055,0.47737402,0.6314093,0.5400636,0.3943057,0.7265362,0.765666,0.698498,0.32981038,0.7767297,0.6887352,0.7484035,0.30677947,0.7769284,0.61733675,0.7782097,0.44851586,Stable
0.44357356,0.3843118,0.47730714,0.63202304,0.54116905,0.3936532,0.7235114,0.7651333,0.69858897,0.33111578,0.7711425,0.6900782,0.7489254,0.3057369,0.7727643,0.61657286,0.7754295,0.4354925,Stable
0.44767165,0.38274083,0.4780364,0.6317307,0.5406102,0.3965217,0.7235269,0.76576865,0.6990361,0.33138144,0.7711887,0.69288033,0.7499687,0.30470306,0.77290386,0.61593986,0.7745673,0.44850367,Stable
0.4517517,0.3894366,0.47640154,0.63210046,0.5403694,0.39608106,0.7226442,0.7647321,0.69582313,0.32925102,0.7735929,0.6936836,0.74878615,0.30403322,0.7725441,0.6136442,0.77267545,0.43493137,Stable
0.45371005,0.39149067,0.47724876,0.63096434,0.54348695,0.39898035,0.7239853,0.7650992,0.69034094,0.33363086,0.7678009,0.68865097,0.7475072,0.30592465,0.7734486,0.6164043,0.77122605,0.4483342,Stable
0.4523095,0.39402092,0.47923824,0.6331075,0.5434143,0.39775229,0.72220844,0.765764,0.6951041,0.3347612,0.7649376,0.69289887,0.74402297,0.3152872,0.7721423,0.62360084,0.7739445,0.46880245,Stable
0.45181185,0.39594895,0.47464746,0.63023484,0.5454048,0.4047407,0.72149265,0.76698124,0.6900066,0.33472526,0.7679555,0.6913583,0.7424084,0.31518528,0.7700049,0.6373368,0.77259797,0.4720893,Stable
0.4515803,0.3954674,0.4746668,0.63024044,0.5451855,0.40461883,0.7215323,0.76707983,0.68998426,0.33462438,0.767858,0.6913032,0.7421681,0.31528932,0.76996887,0.6372665,0.77262247,0.47199035,Stable
0.45589632,0.3959939,0.47717017,0.63518256,0.53799,0.40464827,0.73735917,0.77495515,0.681635,0.3367047,0.7754288,0.6667026,0.7433104,0.31628036,0.7715601,0.63590753,0.76844335,0.46971333,Stable
0.4542956,0.39655885,0.48307535,0.6367833,0.5381975,0.4057359,0.7370207,0.7781364,0.69039655,0.3328316,0.7760736,0.687667,0.7456267,0.3113876,0.7733986,0.6166907,0.76897305,0.45316407,Stable
0.45518172,0.3921789,0.48379204,0.63661695,0.5406983,0.4059562,0.7390372,0.77696836,0.6916864,0.33432326,0.77660125,0.68960255,0.7410506,0.31687838,0.77691954,0.61744046,0.77670354,0.4521762,Stable
0.45660335,0.39948833,0.4801675,0.63857764,0.54117763,0.4059187,0.7287251,0.7694506,0.6899446,0.3384608,0.7765895,0.69457555,0.7467648,0.32099178,0.7738399,0.6348068,0.77418137,0.4668197,Stable
0.45646054,0.39948332,0.47998127,0.63845384,0.54130775,0.40579367,0.7287487,0.7693874,0.69008076,0.3384326,0.77668905,0.6943998,0.7469415,0.3210836,0.7739684,0.6350037,0.77433264,0.4669101,Stable
0.45290253,0.39896202,0.4790228,0.6406329,0.5442727,0.40618762,0.72416013,0.7667768,0.6977467,0.34255928,0.7653546,0.71686614,0.7439319,0.32359827,0.773692,0.63146955,0.77611697,0.46853694,Stable
0.44990116,0.40396738,0.48008847,0.64170456,0.5463089,0.39936274,0.7242806,0.76738834,0.70394653,0.33865783,0.757621,0.72310436,0.74915665,0.31828642,0.77813756,0.6262111,0.78086543,0.45358902,Stable
0.45325488,0.40569466,0.48190355,0.6442913,0.5440013,0.40101618,0.7229483,0.77304906,0.7010681,0.3407807,0.7562549,0.7247774,0.75009155,0.31859338,0.7796389,0.6095617,0.78252906,0.44758388,Stable
0.45720682,0.4112314,0.48380193,0.64551365,0.54042184,0.40130123,0.72939694,0.7769679,0.693442,0.34634644,0.76168656,0.715438,0.74796605,0.3202329,0.7770916,0.6191328,0.7820644,0.4441746,Stable
0.45708522,0.41147625,0.48373803,0.64550203,0.5403454,0.40112984,0.72933793,0.7770149,0.69377875,0.3463825,0.76170874,0.71536034,0.7479908,0.320287,0.7771565,0.6189798,0.7820753,0.44390106,Stable
0.45862898,0.41171074,0.48415786,0.6454333,0.5376073,0.40240857,0.72902316,0.77391315,0.69109356,0.3449309,0.7605695,0.71437067,0.74505305,0.32117003,0.7761854,0.622246,0.7795503,0.44495997,Stable
0.45682085,0.4143195,0.48334855,0.6454098,0.5389125,0.4045894,0.72261035,0.7702822,0.7002933,0.34086224,0.75915825,0.7256796,0.745077,0.31956533,0.7771503,0.62418735,0.77988267,0.44837952,Stable
0.45524532,0.4170514,0.48253578,0.6445967,0.5402946,0.40802082,0.7131113,0.7661953,0.6961843,0.34308505,0.75816315,0.7290845,0.7449899,0.31782395,0.7762786,0.626802,0.78042024,0.45048255,Stable
0.4501028,0.4124436,0.48319706,0.6451149,0.53964126,0.4083663,0.72434425,0.771412,0.6942202,0.34331757,0.76047575,0.7250468,0.74787444,0.316704,0.7800387,0.63188183,0.7814423,0.45152527,Stable
0.4505461,0.41270238,0.4830539,0.64504737,0.53951323,0.40849182,0.7241156,0.77143234,0.6941298,0.34352157,0.760823,0.72491616,0.74783295,0.31660956,0.78003263,0.63149655,0.7813364,0.45117855,Stable
0.45538533,0.42004284,0.48444825,0.64671856,0.53937364,0.41210383,0.7278208,0.7768656,0.70097065,0.34138757,0.7576624,0.7250947,0.75278777,0.32748502,0.77378166,0.6475788,0.77724516,0.45338058,Stable
0.4469223,0.42014986,0.48697686,0.6481279,0.5409825,0.40724802,0.72518367,0.7781896,0.7033435,0.34086043,0.75711834,0.72390795,0.74355555,0.31933987,0.77573127,0.6505219,0.7796263,0.46482715,Stable
0.44373184,0.41872033,0.48727092,0.64935756,0.54466385,0.4111043,0.72558683,0.77500737,0.7066294,0.33922613,0.75121677,0.7237517,0.74399114,0.3191104,0.7773077,0.63471115,0.7783663,0.45133695,Stable
0.44058442,0.42232263,0.48742163,0.6542235,0.5430219,0.40855527,0.72895896,0.7733315,0.7080568,0.3382129,0.7533693,0.72255707,0.74629873,0.3232996,0.7788059,0.6328113,0.7782434,0.44642854,Stable
0.440328,0.42181045,0.4873842,0.6543874,0.54303306,0.40839443,0.72929657,0.77323496,0.7083994,0.33816463,0.75331056,0.72219986,0.7460391,0.3237486,0.7788185,0.6328509,0.7781541,0.44639573,Stable
0.4398166,0.417939,0.49091563,0.65442204,0.5431529,0.40489256,0.7292303,0.77544945,0.7182503,0.33552754,0.75670666,0.69858325,0.75130314,0.3131237,0.77877635,0.63175637,0.7778875,0.44629928,Stable
0.44236273,0.4155706,0.48617244,0.6520196,0.5428598,0.4038275,0.72310734,0.7721767,0.7236564,0.3389114,0.75337315,0.7206881,0.75606483,0.3124609,0.77583945,0.6291253,0.7746033,0.43336213,Stable
0.4376095,0.4210937,0.48920894,0.65380764,0.54139686,0.4097649,0.7231467,0.7738439,0.7274036,0.33738396,0.74925363,0.7244519,0.7664656,0.30282754,0.7718531,0.6312132,0.765082,0.4338764,Stable
0.43191612,0.4169323,0.4908557,0.65723246,0.5417852,0.4029395,0.7222702,0.7694618,0.7603368,0.29261243,0.752334,0.7282944,0.7491128,0.30962858,0.771556,0.6335315,0.7621855,0.4298218,Stable
0.43178937,0.4163278,0.49082518,0.65734255,0.5416129,0.40293306,0.7222981,0.76946324,0.7603445,0.29263115,0.7523713,0.72834915,0.7490748,0.30986506,0.77153504,0.63357574,0.7621104,0.42993838,Stable
0.42122823,0.41515416,0.49447024,0.66156954,0.54099596,0.4041592,0.7359003,0.7773823,0.7566382,0.29253864,0.7529897,0.7219869,0.7466597,0.30874658,0.775922,0.6163561,0.76525533,0.4255287,Stable
0.41282892,0.41243696,0.4924919,0.6653632,0.54075956,0.3950672,0.73337984,0.7780223,0.7622461,0.29700089,0.7526998,0.7276802,0.75877666,0.30950743,0.77502775,0.637903,0.7707466,0.43044943,Stable
0.40742573,0.417588,0.48999894,0.66626114,0.5382976,0.40137136,0.7359749,0.777498,0.762464,0.29956332,0.749913,0.7291149,0.7547185,0.30630523,0.7723534,0.6373097,0.76559347,0.42713568,Stable
0.41399726,0.4288567,0.49054974,0.6657634,0.5344075,0.40612823,0.7390753,0.780941,0.75721663,0.30152094,0.7553622,0.7164156,0.75568545,0.2987657,0.76985407,0.61772877,0.761671,0.41476834,Stable
0.4140727,0.42888948,0.4904639,0.6657867,0.5344755,0.40615755,0.73918176,0.7811099,0.7573863,0.3016426,0.7553061,0.7164876,0.7559067,0.2987733,0.77004075,0.6178991,0.7618073,0.41501164,Stable
0.41415462,0.42948565,0.4909471,0.66787994,0.5327356,0.4051112,0.7390388,0.78174496,0.7555491,0.29393983,0.7517432,0.7169719,0.7571119,0.30382162,0.76837796,0.6332607,0.76074755,0.41319907,Stable
0.41514444,0.4366623,0.49484095,0.67038846,0.5338642,0.41111887,0.7413956,0.7826358,0.74246114,0.30530167,0.74966854,0.7149789,0.76117575,0.30332518,0.76557016,0.63367134,0.7581881,0.42920274,Stable
0.41274866,0.43675765,0.49612936,0.6733758,0.53285706,0.41189247,0.74318665,0.78462285,0.74243605,0.3097613,0.7548153,0.6871172,0.7602961,0.31033802,0.7709679,0.6403736,0.76566374,0.44617432,Stable
0.42059457,0.4463104,0.500105,0.6825402,0.52967787,0.4154563,0.7403202,0.78556293,0.7350503,0.33273566,0.75105137,0.70895237,0.7538502,0.3154028,0.77120256,0.64348847,0.766432,0.44770485,Stable
0.42063862,0.44623584,0.5001567,0.682508,0.529771,0.41574562,0.740303,0.78552145,0.7347221,0.3334461,0.7508194,0.7091447,0.7543243,0.31531605,0.771209,0.6435294,0.7662754,0.44809553,Stable
0.41627127,0.4473148,0.49904677,0.6840903,0.52921915,0.41133976,0.75069785,0.79250586,0.7347521,0.3227511,0.74992204,0.7167649,0.7581475,0.30589047,0.7755333,0.6570318,0.7775866,0.44952044,Stable
0.41314876,0.44833383,0.4999674,0.6872097,0.5273557,0.40629122,0.7444021,0.7946188,0.7354602,0.32280752,0.75104725,0.72607315,0.7515032,0.30769998,0.77512133,0.66103005,0.77674913,0.45421958,Stable
0.40988904,0.46150738,0.49640638,0.6885752,0.5271653,0.4056445,0.7390673,0.79170346,0.7264612,0.3260333,0.75015736,0.74341077,0.74858093,0.30941218,0.77052367,0.6609279,0.77362216,0.4567107,Stable
0.41311502,0.46439612,0.49699137,0.6883773,0.52179456,0.4088328,0.7383701,0.79228157,0.71287084,0.3357435,0.748305,0.7448093,0.7494811,0.31166545,0.77377725,0.6464757,0.77103674,0.4552419,Stable
0.41320354,0.4646433,0.49685615,0.68825614,0.5218283,0.40864986,0.7382292,0.79222286,0.7130697,0.33562756,0.7482781,0.74496865,0.749592,0.311621,0.77377665,0.6465251,0.7710707,0.4552073,Stable
0.41189,0.46292442,0.49890655,0.69191873,0.5212478,0.40915892,0.74063015,0.7931359,0.7131006,0.3344472,0.7461452,0.74537015,0.74940246,0.31111515,0.7714016,0.6440978,0.77185965,0.45022422,Stable
0.41224515,0.47239932,0.49787265,0.69025517,0.5205177,0.40682882,0.7405626,0.79380983,0.7137431,0.33613858,0.7470956,0.7428696,0.74699634,0.31108636,0.7738766,0.6418456,0.77215433,0.4481579,Stable
0.4092306,0.47665173,0.49768457,0.68895555,0.5178233,0.4065597,0.7369484,0.78115845,0.7168231,0.33975184,0.7468325,0.74354833,0.73690426,0.30686826,0.7759018,0.64024884,0.77548945,0.44751152,Stable
0.40383458,0.4794618,0.49636662,0.688125,0.517907,0.40594673,0.7388026,0.787559,0.72136134,0.33425772,0.7465366,0.7426359,0.7377851,0.31046402,0.7777593,0.6409576,0.77849674,0.4479277,Stable
0.4041624,0.47937295,0.4963996,0.6881956,0.5179839,0.4059022,0.7388842,0.7880051,0.72141856,0.33419284,0.7462231,0.74233925,0.73766494,0.31040913,0.77775353,0.6409035,0.77856153,0.44797596,Stable
0.39736414,0.48221382,0.49335563,0.68830717,0.51664776,0.40649706,0.7352737,0.78238887,0.72675467,0.3328038,0.74512446,0.74218744,0.7380364,0.312147,0.7737366,0.6525099,0.7777495,0.44985482,Stable
0.40004754,0.4777306,0.49553746,0.68924135,0.51597875,0.4088301,0.73384285,0.7833537,0.72152185,0.33667386,0.74571604,0.7380799,0.7383122,0.31072336,0.77483934,0.644774,0.77663964,0.45161217,Stable
0.40193337,0.47747612,0.4961042,0.68929505,0.5146142,0.40964162,0.7372272,0.7887811,0.719627,0.3351017,0.74549335,0.7329563,0.7372391,0.31001276,0.77474356,0.64321107,0.7769319,0.44920498,Stable
0.40265375,0.4778974,0.49697655,0.6911746,0.5138779,0.41243395,0.7384647,0.7883532,0.7186016,0.33488616,0.7457106,0.73352426,0.7374048,0.3094414,0.7744102,0.6423601,0.77695656,0.4493304,Stable
0.40261096,0.4779149,0.4968149,0.6910481,0.5139248,0.41242832,0.7382659,0.7882897,0.7184352,0.33502838,0.74590385,0.73354936,0.7375466,0.30951357,0.7743262,0.6425183,0.7768289,0.44941863,Stable
0.4028918,0.47809887,0.49753234,0.69209975,0.5132151,0.4126187,0.7384851,0.7883024,0.7153632,0.3365279,0.7454354,0.7358475,0.73897356,0.3089366,0.7755885,0.6423705,0.7769689,0.4494694,Stable
0.40248722,0.47841972,0.4984295,0.6927077,0.51392484,0.41206726,0.7385587,0.7898919,0.7170519,0.33520055,0.74478996,0.73490226,0.73823154,0.30864903,0.77512383,0.64341486,0.77675426,0.4501272,Stable
0.40194377,0.4772429,0.49839556,0.692467,0.5133645,0.41230536,0.73869437,0.7893602,0.71791637,0.33424217,0.7442998,0.73301625,0.7466769,0.31030262,0.7742971,0.6426085,0.7763521,0.44906616,Stable
0.3978095,0.4786975,0.499961,0.6904187,0.5131846,0.41111135,0.73920715,0.78920543,0.71819365,0.3316813,0.74388516,0.7332572,0.739169,0.3063016,0.7738495,0.64083755,0.7752155,0.4485055,Stable
0.3978464,0.4787467,0.4999716,0.69042325,0.513202,0.41120225,0.7392378,0.78914565,0.71818036,0.33166862,0.7439472,0.7333049,0.73919594,0.30632803,0.77381957,0.6410159,0.77513397,0.44864473,Stable
0.39710304,0.47853547,0.500237,0.6890758,0.51457655,0.40578902,0.74014246,0.7927239,0.7223973,0.32914862,0.7446221,0.73164433,0.74731326,0.30864474,0.7740836,0.6411047,0.77458566,0.4496261,Stable
0.3969066,0.48534244,0.4979242,0.6875526,0.517607,0.40199167,0.73885417,0.7807125,0.72189635,0.3260926,0.7463409,0.74077594,0.7421249,0.3068155,0.77584046,0.6427877,0.77726924,0.44982156,Stable
0.39671847,0.4794647,0.4936071,0.6851307,0.5191688,0.4067473,0.7374104,0.78322446,0.719509,0.32749408,0.7473685,0.739608,0.7433877,0.30769187,0.7749387,0.6562654,0.77730554,0.453258,Stable
0.39620912,0.47849065,0.48974332,0.6816125,0.51595974,0.40601358,0.73077786,0.78048146,0.7143364,0.33197346,0.74565077,0.7240274,0.7445103,0.30620885,0.77070796,0.64197254,0.7702564,0.45102462,Stable
0.39592165,0.4787146,0.48972166,0.6815909,0.51612103,0.4059003,0.7308543,0.7805554,0.71501315,0.33190998,0.74567693,0.7239086,0.7444289,0.30636728,0.7707852,0.64204216,0.77039117,0.45096672,Stable
0.39686164,0.4806734,0.49673504,0.68473244,0.5242025,0.4014961,0.74157137,0.7779705,0.72581095,0.3239563,0.74331874,0.7160516,0.7461111,0.29914182,0.7735381,0.6446024,0.77713656,0.4513713,Stable
0.39914674,0.47673246,0.49958846,0.6814127,0.51928395,0.40104926,0.74114937,0.77623737,0.70783925,0.33384675,0.7479503,0.72059214,0.7498523,0.29290697,0.7731447,0.6384562,0.77483934,0.44915938,Stable
0.40585917,0.47006136,0.4972889,0.68116486,0.5181402,0.39666128,0.7375483,0.77388084,0.7202424,0.31800735,0.7541957,0.7372004,0.74610776,0.2787957,0.7725775,0.6246985,0.7726445,0.43637547,Stable
0.4031379,0.4677367,0.49394143,0.6781111,0.5207298,0.39726347,0.7390064,0.772365,0.7347534,0.30510628,0.7524549,0.7212703,0.73875517,0.28682837,0.7705586,0.63227856,0.771414,0.44212115,Stable
0.40304467,0.4679104,0.49396726,0.67806494,0.5208529,0.39725322,0.7390479,0.7725887,0.7347698,0.30521372,0.7523591,0.72123873,0.73881984,0.28673583,0.7706937,0.63240576,0.77145886,0.4423437,Stable
0.40017158,0.46827143,0.4939941,0.671319,0.5202394,0.39592874,0.73672557,0.7667491,0.7190858,0.32245523,0.7524574,0.71657866,0.7549902,0.28481385,0.77240145,0.62314534,0.773123,0.43965864,Stable
0.39930093,0.47069287,0.49518645,0.6729493,0.5218427,0.3901473,0.7396087,0.7729039,0.7405833,0.29526204,0.7527232,0.7189986,0.74713707,0.28377473,0.7761285,0.62164277,0.775444,0.432728,Stable
0.3979528,0.46749562,0.49607062,0.66844624,0.5252291,0.39050207,0.74158233,0.7616822,0.7266611,0.30763575,0.75205034,0.7145674,0.7515125,0.28811535,0.77724457,0.6250807,0.7761466,0.43654215,Stable
0.39775094,0.46687716,0.49459383,0.6681013,0.5251007,0.39056957,0.73850894,0.7685914,0.73543423,0.3054902,0.7512257,0.7122645,0.7483627,0.28763515,0.77603334,0.6254711,0.77585953,0.4350384,Stable
0.3985971,0.46678752,0.49464804,0.66825336,0.5251564,0.39055157,0.7385677,0.7686144,0.735909,0.30517268,0.7508725,0.71274376,0.74819505,0.2875698,0.7759148,0.62547624,0.7758223,0.43514937,Stable
0.39890903,0.46613067,0.49537954,0.6686048,0.5230005,0.38685703,0.739174,0.76832366,0.7418847,0.29627523,0.75015223,0.71298754,0.7429344,0.28470582,0.77502126,0.62346655,0.77546424,0.4301309,Stable
0.39892912,0.46590862,0.4942147,0.6675634,0.5209843,0.3861025,0.7393329,0.7691587,0.74116707,0.2974405,0.7501755,0.71283233,0.74309456,0.28398752,0.7735519,0.620613,0.7730364,0.42713046,Stable
0.39820737,0.4655506,0.4941238,0.6688561,0.5197537,0.38644063,0.73984903,0.77025676,0.7394916,0.30026874,0.75139415,0.71224654,0.745924,0.28510207,0.77498096,0.621205,0.77357364,0.42780453,Stable
0.39898545,0.46549088,0.49366897,0.66781086,0.51997006,0.3891965,0.73887026,0.7697217,0.73808503,0.3006397,0.7514055,0.71514195,0.7457653,0.28454143,0.77409166,0.61952907,0.77250373,0.4279601,Stable
0.39900982,0.4655369,0.49369562,0.6678438,0.5200432,0.3892121,0.7389525,0.76977575,0.73812026,0.30064675,0.75143975,0.71508116,0.7458615,0.2845177,0.77412224,0.61959124,0.77252287,0.42802423,Stable
0.3999883,0.464105,0.49529788,0.66860384,0.5165724,0.39140195,0.73984694,0.76985663,0.7332411,0.3029613,0.75173104,0.71560824,0.7490055,0.28383547,0.771997,0.61789995,0.7695787,0.42764342,Stable
0.40076917,0.46272898,0.49422556,0.6692955,0.5168514,0.39279267,0.7393136,0.76957417,0.7370126,0.30170554,0.7514919,0.7157759,0.7504183,0.28459138,0.7734076,0.61905426,0.7705123,0.42931968,Stable
0.3996836,0.4623378,0.49425527,0.6699805,0.5184604,0.3919782,0.73863554,0.7698152,0.74084586,0.29781732,0.7525836,0.7163154,0.75015515,0.28614914,0.77496356,0.6211162,0.77177584,0.4309463,Stable
0.40179604,0.46257597,0.49395996,0.6688827,0.5188938,0.3927693,0.7380514,0.76989496,0.74097955,0.29782474,0.7518143,0.71537066,0.7497248,0.2860453,0.7756754,0.62166846,0.77223635,0.43232816,Stable
0.4018489,0.46261033,0.4940216,0.6689944,0.5189557,0.39271885,0.7380729,0.7699666,0.7411028,0.29768544,0.7517619,0.71556866,0.74957794,0.28598472,0.77567375,0.6217591,0.77225506,0.4323702,Stable
0.40305468,0.4627664,0.4952966,0.6693078,0.5181668,0.39303344,0.7382734,0.7694913,0.74190784,0.29615295,0.75231093,0.7148432,0.74935484,0.28482902,0.77693474,0.62179047,0.7735987,0.43110806,Stable
0.4011333,0.46261784,0.49490434,0.66848344,0.5186871,0.39218327,0.7388873,0.76962894,0.74374366,0.29504046,0.753844,0.7137244,0.74758685,0.28504777,0.7755954,0.6200998,0.77157897,0.4303159,Stable
0.40133268,0.46276647,0.49582633,0.6689199,0.5193851,0.3926099,0.7384281,0.76927245,0.7434684,0.29499966,0.75303435,0.7164779,0.74780506,0.28333664,0.77696717,0.6214562,0.7729797,0.42983148,Stable
0.4001493,0.4627201,0.49500602,0.6679071,0.5193745,0.39201778,0.73860383,0.7695917,0.7410258,0.2989591,0.75426304,0.7116405,0.7498909,0.28502405,0.7780702,0.6203542,0.77321756,0.4294907,Stable
0.40018544,0.46268618,0.49492928,0.6679461,0.5193239,0.39197227,0.738665,0.7696156,0.7410597,0.2989986,0.75430036,0.7116298,0.74977183,0.28511187,0.77805513,0.62032604,0.7731596,0.42951912,Stable
0.40047953,0.46288043,0.49479255,0.66835225,0.5192127,0.38996488,0.7393981,0.77027655,0.73831964,0.3031716,0.754358,0.71150136,0.75174636,0.2888324,0.7771026,0.6295618,0.77310294,0.43118972,Stable
0.4007104,0.46324846,0.49566814,0.66796607,0.5192171,0.38902006,0.74042,0.77052045,0.7393903,0.30132905,0.7533733,0.71316016,0.744436,0.2868893,0.77876234,0.6198263,0.7724463,0.42873856,Stable
0.39960718,0.46421927,0.49387965,0.66738504,0.5194056,0.388578,0.740771,0.7710453,0.7397684,0.29756203,0.75410676,0.71155083,0.7454996,0.2849031,0.777446,0.6206454,0.7726028,0.4289599,Stable
0.39892596,0.4647181,0.49404436,0.666665,0.51911265,0.38813633,0.7393203,0.7701449,0.73661125,0.29607326,0.75322306,0.70964205,0.7493899,0.28071243,0.7748647,0.6306062,0.7733178,0.4309853,Stable
0.39888474,0.46465144,0.49406856,0.6666572,0.5191103,0.38799542,0.739315,0.7701484,0.7367228,0.29607612,0.7531609,0.7096604,0.7491705,0.2806949,0.7748558,0.63063586,0.77340996,0.43097854,Stable
0.3983408,0.46484622,0.493849,0.666118,0.5193141,0.38645542,0.74006104,0.7616942,0.7364955,0.29650635,0.7517265,0.7076287,0.7437948,0.2902437,0.7722881,0.63023424,0.7718425,0.43143973,Stable
0.39946485,0.46480367,0.49376714,0.66563046,0.5184174,0.38860318,0.74061865,0.76124233,0.7347481,0.29652017,0.7533109,0.7034456,0.75203913,0.27784124,0.7759241,0.6205751,0.77244973,0.43081552,Stable
0.3994695,0.46538898,0.4941926,0.66583985,0.5193082,0.3892069,0.7417784,0.7622498,0.73282164,0.29572648,0.7530038,0.702855,0.7495743,0.27919075,0.77570313,0.6311834,0.7749156,0.4342004,Stable
0.39886588,0.46431535,0.49487442,0.6650957,0.51854026,0.38954818,0.73969907,0.7616109,0.7215729,0.30618447,0.7510835,0.7053752,0.7453925,0.2813779,0.7752387,0.63396657,0.77566886,0.43643302,Stable
0.39886498,0.46431813,0.49486837,0.6651327,0.518592,0.38953853,0.7397349,0.7615911,0.7217149,0.30601782,0.7510695,0.7056021,0.74561995,0.28165752,0.77530146,0.6339847,0.77573895,0.43637276,Stable
0.39837402,0.4638412,0.4954722,0.66508216,0.5192331,0.38947874,0.7407044,0.76164716,0.7210257,0.3054577,0.7508414,0.7064228,0.74434733,0.28125238,0.776339,0.63507164,0.77769893,0.4356243,Stable
0.39941844,0.4630443,0.49487305,0.6646141,0.5180577,0.38976845,0.74036384,0.7620678,0.71952266,0.3097527,0.7525197,0.70434546,0.745659,0.28460664,0.7755071,0.63485855,0.7770909,0.43695146,Stable
0.3976471,0.46321708,0.49579927,0.6643311,0.51896846,0.38953954,0.7398857,0.76215434,0.71952105,0.30756965,0.75339144,0.7065964,0.74471223,0.2838418,0.77635044,0.6358649,0.77808607,0.4362639,Stable
0.39742824,0.46310222,0.49607366,0.66451365,0.51897305,0.3896038,0.7411474,0.76195896,0.7198423,0.30722094,0.754286,0.7036072,0.7458812,0.28779572,0.77679485,0.6358611,0.7779407,0.43658823,Stable
0.39749914,0.46315405,0.4960595,0.6645622,0.51894915,0.38961256,0.74116254,0.76194346,0.71987367,0.30725735,0.7543489,0.7035991,0.7458091,0.28769585,0.77679247,0.63583887,0.7779182,0.43657812,Stable
0.3970791,0.46287414,0.4951272,0.6642843,0.520036,0.3897333,0.73973167,0.76136196,0.7263905,0.29867768,0.7524822,0.70726866,0.74453616,0.2877438,0.7754303,0.63671595,0.77596176,0.43690956,Stable
0.39813575,0.4631729,0.4954631,0.66428614,0.5200894,0.38815114,0.73989105,0.76154876,0.72756445,0.29847294,0.7527971,0.7056257,0.74911517,0.28706712,0.77594423,0.63617873,0.77667326,0.43644664,Stable
0.3979311,0.463916,0.49666914,0.664684,0.52006054,0.38792858,0.7396531,0.7615037,0.728618,0.29966038,0.7546015,0.70901793,0.75029325,0.28941736,0.7765636,0.6366463,0.7777251,0.4373172,Stable
0.3983813,0.46439812,0.49637493,0.66436577,0.519984,0.38827062,0.7402713,0.76152945,0.7276006,0.300048,0.75429976,0.71092546,0.75245774,0.28914872,0.7765324,0.6370196,0.77848047,0.43787014,Stable
0.39837715,0.4645452,0.49640474,0.6642953,0.52004486,0.38826165,0.7401694,0.7615022,0.72763705,0.30004287,0.75423217,0.71107924,0.7522596,0.2889475,0.7766044,0.6371124,0.77854764,0.43788356,Stable
0.39815545,0.46432436,0.49559292,0.6643301,0.5198454,0.38767713,0.7388762,0.7613393,0.7262299,0.30063623,0.7536335,0.71539867,0.75001585,0.28890622,0.7772913,0.63755476,0.77932775,0.43732318,Stable
0.3949229,0.4681409,0.4954725,0.6637587,0.52123684,0.3885302,0.7379891,0.7621367,0.72743744,0.3006748,0.7538079,0.7170305,0.75063246,0.28753012,0.7782871,0.6377681,0.7794254,0.4380746,Stable
0.39292145,0.46867025,0.49733981,0.6631086,0.5222454,0.38901433,0.7417411,0.76127595,0.7281687,0.29774737,0.75834024,0.72715855,0.75018346,0.28679395,0.7787298,0.637341,0.78015393,0.4372781,Stable
0.39646956,0.46682072,0.49660683,0.66425073,0.5201537,0.387868,0.7424083,0.7631134,0.7314557,0.29489374,0.7596451,0.7287607,0.7486553,0.28089112,0.778448,0.62606025,0.7780823,0.43451267,Stable
0.39644957,0.46680915,0.49654502,0.6643108,0.520096,0.38791105,0.7423947,0.7629262,0.7314031,0.29493445,0.7596512,0.72882485,0.7486261,0.28082404,0.778353,0.6259954,0.7780206,0.43451473,Stable
0.39130276,0.46765575,0.49798164,0.66500247,0.5199429,0.38695377,0.7419643,0.76421493,0.73272073,0.29432094,0.7589523,0.727807,0.7476437,0.28155282,0.77826613,0.63726914,0.77877873,0.43587494,Stable
0.3910217,0.4687054,0.49867272,0.66501254,0.52124655,0.38447508,0.74174595,0.76109207,0.7344991,0.29994243,0.75328577,0.714393,0.75084233,0.28967667,0.7765006,0.6364572,0.77806896,0.43588147,Stable
0.3922797,0.4699812,0.4991116,0.66521287,0.5217334,0.3819229,0.74283564,0.76550937,0.7404949,0.29703408,0.7493733,0.7086875,0.7402884,0.29048643,0.77566,0.63430774,0.77702177,0.4318809,Stable
0.39291224,0.4690641,0.49952266,0.664929,0.52061176,0.3825621,0.7425208,0.761723,0.73920035,0.29715317,0.7533609,0.7129823,0.74337995,0.28346524,0.7779453,0.63584906,0.77769107,0.432103,Stable
0.39290845,0.46903062,0.49950117,0.664901,0.52058,0.38255483,0.7424891,0.76170576,0.7393457,0.29702526,0.7533195,0.7130599,0.7433313,0.28334796,0.77779114,0.6357155,0.7774619,0.43197426,Stable
0.39229128,0.4695658,0.49878323,0.66506493,0.51912504,0.38188368,0.741452,0.7618923,0.7333467,0.30148488,0.7531549,0.714621,0.7457442,0.28234363,0.7751169,0.635125,0.7759837,0.43178523,Stable
0.3891235,0.46936005,0.49789438,0.66466445,0.51847196,0.38113686,0.7418458,0.76632214,0.7321841,0.30719045,0.7519428,0.7138767,0.7491674,0.28102082,0.77552164,0.6346908,0.77543175,0.43043813,Stable
0.39039847,0.46956822,0.49814516,0.66560125,0.5181047,0.38219315,0.74158233,0.76186246,0.7300493,0.31032538,0.75188446,0.7136399,0.7520368,0.28700107,0.7761616,0.63413846,0.77535903,0.42891836,Stable
0.39097095,0.4702639,0.49769878,0.66624135,0.5183297,0.38124102,0.7422794,0.7671251,0.7243368,0.3124497,0.7504449,0.71138394,0.75358725,0.28288543,0.7768821,0.6367572,0.77791965,0.43057,Stable
0.39094663,0.47032437,0.49767372,0.66620076,0.5183493,0.381273,0.7422378,0.7671198,0.7243008,0.3127147,0.75038236,0.71142673,0.75383604,0.28299737,0.7768451,0.6367501,0.7778034,0.43046853,Stable
0.3889032,0.4713369,0.49614498,0.66587925,0.5196567,0.38234162,0.7410449,0.76370895,0.72384536,0.3145629,0.7506738,0.7121278,0.7502843,0.2930311,0.77888983,0.64051914,0.77926874,0.43252945,Stable
0.39089876,0.4706015,0.49668074,0.666059,0.51870537,0.383679,0.7418128,0.76328194,0.7170167,0.3170246,0.75072926,0.70875424,0.7523658,0.2919616,0.7801177,0.6379597,0.7794579,0.43084133,Stable
0.38904345,0.47151732,0.49678952,0.6658689,0.5198418,0.38195825,0.7418549,0.76305336,0.71544576,0.31578314,0.7502896,0.70945686,0.7519871,0.29272395,0.7808251,0.638667,0.780735,0.43156254,Stable
0.3878976,0.4717127,0.49611354,0.6651301,0.519379,0.38263565,0.74140704,0.7602937,0.7101588,0.31696674,0.75012743,0.70315856,0.75244486,0.2944575,0.7794148,0.63707477,0.7797715,0.43256706,Stable
0.38828728,0.47156972,0.49617207,0.6651722,0.5194539,0.38274488,0.74158335,0.76027966,0.7103185,0.31695467,0.75022787,0.70324624,0.7525348,0.29441053,0.7794869,0.6369737,0.7798536,0.43253654,Stable
0.38648447,0.47244608,0.4963678,0.6657795,0.521071,0.38406572,0.7415466,0.7607776,0.71415997,0.3162045,0.74934685,0.7049234,0.7507477,0.29600304,0.7806868,0.6397044,0.7820097,0.43464214,Stable
0.38555962,0.4722291,0.49742246,0.66560376,0.5213552,0.3831945,0.7432775,0.761073,0.71477485,0.31536254,0.74965656,0.702472,0.7519764,0.29472154,0.78068984,0.63797665,0.7814783,0.43405756,Stable
0.38581127,0.4721204,0.49739823,0.66492254,0.5194443,0.38144577,0.74117136,0.76120377,0.71372044,0.31539428,0.75084424,0.70692366,0.7530288,0.29372603,0.7813499,0.63896936,0.7833458,0.43417224,Stable
0.387444,0.47146273,0.497661,0.66545415,0.5191785,0.38166806,0.7399737,0.76054037,0.70911455,0.31717578,0.75099444,0.70777464,0.7481537,0.29507095,0.77832043,0.63761634,0.78339446,0.43443012,Stable
0.38746974,0.47145972,0.4977808,0.66543263,0.51913923,0.3815341,0.73995197,0.760538,0.70917106,0.31716943,0.7511019,0.7080187,0.74815154,0.29504234,0.77828836,0.6375292,0.78336614,0.4343493,Stable
0.3880361,0.47177875,0.49743706,0.665136,0.51872724,0.38168773,0.741003,0.76521575,0.7110948,0.31731522,0.75030637,0.7087797,0.7514123,0.29443341,0.7798116,0.63823706,0.78043264,0.4322165,Stable
0.3843093,0.47195348,0.49639118,0.6653774,0.5186001,0.3811979,0.7415863,0.76554745,0.71181697,0.3173333,0.749989,0.71131885,0.75086546,0.2945014,0.77832544,0.63823724,0.77818817,0.43095225,Stable
0.38484222,0.4725924,0.4966832,0.66554964,0.5182848,0.3821996,0.7392167,0.76136196,0.70763266,0.31765226,0.7511071,0.7115771,0.75020045,0.29535165,0.77864116,0.6366989,0.7781207,0.43118864,Stable
0.38671702,0.471652,0.49678585,0.665247,0.51807547,0.3796497,0.73943436,0.7600479,0.70894575,0.31602347,0.7470652,0.7102005,0.75258374,0.29396605,0.7742921,0.6347396,0.77567863,0.42887366,Stable
0.3871708,0.47130626,0.49667248,0.66521394,0.5179546,0.37971017,0.73921025,0.7600001,0.7087513,0.31607708,0.74717903,0.71001977,0.75261563,0.29391095,0.7742654,0.6347812,0.77577364,0.42918777,Stable
0.38523075,0.47239166,0.49533615,0.6630802,0.51986027,0.382202,0.73288697,0.7596905,0.7064137,0.3149618,0.7479517,0.69906014,0.7518369,0.2943792,0.7751433,0.6300486,0.77488184,0.43296632,Stable
0.3867697,0.4720962,0.4939794,0.6642686,0.5204977,0.38111216,0.7282455,0.75721943,0.70504874,0.3146387,0.7492912,0.7134373,0.75009006,0.29521337,0.77535343,0.6394148,0.77562153,0.4322171,Stable
0.3906715,0.4715483,0.49434972,0.66415024,0.5203254,0.3815317,0.7311539,0.75849783,0.7085964,0.31422243,0.75004435,0.71053547,0.7513496,0.29438722,0.77670276,0.63852537,0.7767054,0.43252894,Stable
0.39057887,0.47162378,0.49336517,0.6649109,0.5185971,0.3834858,0.72849536,0.7581636,0.70407844,0.31513926,0.7521328,0.7101042,0.7518205,0.2945862,0.7739689,0.63891983,0.77483416,0.43526024,Stable
0.39003026,0.47159275,0.49323305,0.6648226,0.5188538,0.38349032,0.72807765,0.75824094,0.7044829,0.31520683,0.7521722,0.7100014,0.7519704,0.29461694,0.77406466,0.639398,0.775095,0.43577012,Stable
0.39588997,0.47083002,0.4938659,0.6645689,0.51824796,0.3846326,0.72769856,0.7593243,0.70782423,0.3167532,0.7518265,0.7051932,0.75065464,0.29567322,0.7731146,0.63758296,0.7734279,0.4366334,Stable
0.39081427,0.47262937,0.49424654,0.6640287,0.5182937,0.38222393,0.7299325,0.75814694,0.7131013,0.31426764,0.7521388,0.7082733,0.7526702,0.29467008,0.7729189,0.63886946,0.77380246,0.4362554,Stable
0.39112663,0.471119,0.49564478,0.66534436,0.52023906,0.385581,0.73455405,0.75872004,0.70825374,0.31648725,0.7518975,0.7112081,0.75656235,0.29682985,0.7750051,0.6406578,0.77422345,0.4392421,Stable
0.39182508,0.4730363,0.49456164,0.6651406,0.5202767,0.38648188,0.7326056,0.7586085,0.7129648,0.31561157,0.7526002,0.7121631,0.75207293,0.29475012,0.77390254,0.639698,0.7733226,0.43899497,Stable
0.39186656,0.47299248,0.4945472,0.66515774,0.52026546,0.38643056,0.7325263,0.75860846,0.7130879,0.31560043,0.75260514,0.71230793,0.75204813,0.29469794,0.7737477,0.6395955,0.77316463,0.43887258,Stable
0.39111647,0.47450662,0.49659568,0.6658663,0.51921713,0.3841235,0.73466057,0.7589103,0.72130936,0.31252694,0.750838,0.71425694,0.74768114,0.2969382,0.7763008,0.63985395,0.77717614,0.43692327,Stable
0.39075682,0.474905,0.49577436,0.6652894,0.5183821,0.3843183,0.7344362,0.7586206,0.7154758,0.31491935,0.75112426,0.7134055,0.7554895,0.29610026,0.77492094,0.63789177,0.7756662,0.43643868,Stable
0.3924658,0.47504982,0.4964974,0.66549987,0.51887786,0.3831792,0.7322576,0.7588534,0.71961284,0.3122769,0.7505643,0.7133299,0.74831504,0.29599893,0.7759001,0.6375371,0.7777223,0.4366202,Stable
0.39246127,0.47504205,0.49593827,0.66414493,0.5184939,0.38138956,0.73217154,0.75906014,0.71889544,0.31161743,0.75145555,0.7100462,0.7500732,0.2926286,0.7754359,0.6376933,0.77688706,0.43571055,Stable
0.39245093,0.47502768,0.49598157,0.66415197,0.5185073,0.38135237,0.7320479,0.7589998,0.7189976,0.31153554,0.75137985,0.71012616,0.7500138,0.2926441,0.7754755,0.637702,0.7769749,0.43566573,Stable
0.3919301,0.4746552,0.49840295,0.664266,0.5190015,0.379384,0.7365316,0.75953406,0.7208514,0.31125987,0.7466167,0.7012595,0.7493984,0.29246485,0.77652854,0.637591,0.77810824,0.43317306,Stable
0.38396406,0.47794616,0.49811304,0.6638034,0.5175332,0.3787235,0.73223037,0.75979376,0.72275686,0.30990154,0.74643517,0.70898956,0.7481108,0.29481485,0.7753818,0.6382545,0.77867097,0.43404874,Stable
0.3808616,0.47880203,0.49881253,0.66509306,0.51679826,0.37855887,0.7340692,0.7591242,0.7228074,0.3106391,0.7460112,0.71628237,0.74931717,0.29707307,0.7745414,0.63775456,0.7782189,0.4313473,Stable
0.3823431,0.47673985,0.49896726,0.6666696,0.5159561,0.37841257,0.73910546,0.7595711,0.7208094,0.31117553,0.7475357,0.71307844,0.74935025,0.29644805,0.77581906,0.6361673,0.7787143,0.42867458,Stable
0.38232052,0.47671354,0.4989674,0.66667104,0.51599526,0.37837967,0.7392294,0.75959146,0.7208557,0.31111085,0.7476243,0.7132033,0.7493407,0.29648092,0.7757567,0.6361458,0.7785791,0.42869207,Stable
0.3792095,0.4774918,0.4989956,0.66719025,0.51659036,0.37749153,0.7417259,0.75935453,0.72262037,0.31025583,0.75025624,0.7143506,0.74955463,0.29585212,0.7742119,0.63528764,0.77573794,0.42687318,Stable
0.3785562,0.476943,0.4994272,0.66697,0.51594204,0.37826654,0.73911655,0.7638089,0.72022504,0.3124684,0.75141954,0.71561617,0.7511388,0.2936796,0.77846926,0.62690085,0.77741754,0.42552704,Stable
0.37909412,0.47866303,0.50065327,0.6670002,0.5163463,0.3783408,0.73800534,0.7676703,0.72079766,0.312973,0.7511944,0.71591586,0.7509636,0.29482475,0.7784657,0.63541263,0.77977175,0.42737156,Stable
0.37954766,0.4785467,0.5005916,0.6677022,0.51715386,0.3780722,0.7380409,0.767365,0.7224976,0.31140995,0.75224984,0.7152116,0.7532977,0.2930462,0.77868915,0.636719,0.78031707,0.42924553,Stable
0.37956628,0.47849083,0.5005753,0.66760844,0.5170381,0.3781466,0.738058,0.7672938,0.7222575,0.31141275,0.75226104,0.7155115,0.7531302,0.2925034,0.77865756,0.63667643,0.7801665,0.4289943,Stable
0.37732267,0.48001146,0.5004183,0.6674876,0.51739526,0.37772954,0.73630947,0.76453894,0.72174764,0.31219035,0.75151324,0.7148541,0.7528051,0.2933728,0.776677,0.63659877,0.7797825,0.42891568,Stable
0.37610507,0.4811443,0.5012092,0.6669487,0.51740533,0.37835476,0.73814857,0.7590524,0.7219337,0.31172958,0.7511865,0.7167737,0.7498169,0.29357898,0.77680224,0.6374731,0.78022563,0.42965552,Stable
0.37627262,0.4817997,0.50171256,0.66758883,0.51782715,0.378366,0.73911756,0.75926673,0.7223481,0.31115115,0.7497977,0.71912384,0.75131416,0.29330638,0.7760095,0.6396629,0.77961224,0.4318233,Stable
0.37483495,0.4773432,0.50115645,0.6665533,0.51908547,0.3783413,0.7381026,0.7627544,0.72813344,0.30603072,0.74807876,0.71761626,0.75004023,0.29634225,0.77661294,0.6409707,0.7804594,0.43315324,Stable
0.3747663,0.4772641,0.5010412,0.66660076,0.5190433,0.37837347,0.7381052,0.76277083,0.72791624,0.30607247,0.7481858,0.7176459,0.7502258,0.29625648,0.7765891,0.64099526,0.7804319,0.43318075,Stable
0.37666103,0.47837192,0.4998682,0.66669554,0.5186767,0.3785063,0.73742175,0.767648,0.7290511,0.30645648,0.7479416,0.715315,0.75283265,0.29401875,0.77753186,0.6400711,0.7801683,0.43067595,Stable
0.37698084,0.47833833,0.5007249,0.6662955,0.51842964,0.37928933,0.73740643,0.7694131,0.7283051,0.307384,0.7459613,0.7127577,0.7534544,0.29474908,0.7790176,0.63963526,0.7809047,0.42964494,Stable
0.37669787,0.47769707,0.5001418,0.66624844,0.51895666,0.3786828,0.7344724,0.7621738,0.7320893,0.30375844,0.74561954,0.71254104,0.7510096,0.2958569,0.7764227,0.6395776,0.7784389,0.4302705,Stable
0.37800193,0.48254237,0.49871677,0.66693115,0.51838243,0.37784618,0.7322633,0.7624601,0.73136467,0.3042515,0.7441897,0.7127864,0.75025,0.29672083,0.7767398,0.6410488,0.7792653,0.430353,Stable
0.37800133,0.4825353,0.49867722,0.6668948,0.518343,0.377781,0.7321842,0.7625107,0.7313565,0.30401248,0.7442757,0.7128916,0.7500748,0.2966115,0.7766689,0.6409708,0.7791985,0.43039852,Stable
0.37495905,0.4789111,0.496584,0.66660964,0.5178343,0.37921828,0.73133576,0.763005,0.73075837,0.3047647,0.7440518,0.7123709,0.74953866,0.29599985,0.77735394,0.6415367,0.7796936,0.4320444,Stable
0.37380835,0.48461613,0.4945442,0.6660962,0.5171013,0.38030097,0.7249102,0.7617917,0.7359614,0.3037271,0.7440263,0.71619606,0.74618113,0.2975983,0.77687013,0.64342654,0.78150666,0.43389302,Stable
0.37365493,0.49307686,0.4951627,0.6660798,0.51600903,0.38048917,0.7284806,0.7609316,0.7342787,0.3045988,0.7432396,0.7196348,0.74802583,0.29478085,0.7748627,0.64178574,0.77977,0.43326554,Stable
0.37361503,0.4930801,0.4951179,0.6660776,0.5160024,0.3804191,0.7284696,0.7609335,0.7342117,0.30440384,0.74327123,0.71974444,0.74798006,0.29466802,0.77472293,0.6417274,0.779626,0.43320942,Stable
0.3698442,0.5021729,0.494641,0.6671221,0.51493645,0.38322854,0.7277938,0.7618704,0.7343921,0.30431372,0.74355567,0.7220069,0.7489962,0.29494628,0.77714527,0.64443094,0.78084517,0.43437415,Stable
0.36812806,0.50984466,0.49652013,0.66747254,0.51452523,0.38369244,0.7285954,0.7619884,0.7248429,0.30792975,0.74188197,0.71299,0.7483407,0.29634446,0.7808432,0.64034384,0.78177166,0.43052286,Stable
0.36721927,0.51463395,0.4925717,0.6669073,0.51169956,0.38306472,0.7223159,0.7615081,0.72214043,0.31163654,0.7510659,0.7281406,0.7474878,0.2950518,0.7805655,0.6288323,0.78053325,0.41846046,Stable
0.3698983,0.51649165,0.49261758,0.66821694,0.50923526,0.3850088,0.7214963,0.76180905,0.71432567,0.3076772,0.74927306,0.7114358,0.7465622,0.28967804,0.7790679,0.627205,0.77798074,0.41873822,Stable
0.36999613,0.5164473,0.49257654,0.6681794,0.50919396,0.3850001,0.7214104,0.7617022,0.7143147,0.30754632,0.7545465,0.72030663,0.7465881,0.28962055,0.7790517,0.6272772,0.7780204,0.41880924,Stable
0.37104332,0.5184941,0.49658117,0.6694058,0.51000327,0.38670594,0.7229222,0.762831,0.70956814,0.3028897,0.748682,0.7135679,0.7463465,0.29108852,0.7787179,0.6311065,0.7786426,0.43073103,Stable
0.37023792,0.520967,0.49791384,0.6694486,0.51279074,0.38755032,0.7266158,0.76475185,0.7102221,0.30177122,0.7469137,0.7091622,0.75850743,0.3043999,0.7806076,0.6326151,0.78148997,0.42910302,Stable
0.36990649,0.52578145,0.4995042,0.66987956,0.51006895,0.38702568,0.7295562,0.7643051,0.7035593,0.30277562,0.74494666,0.7119752,0.7648276,0.29773688,0.77754796,0.6325623,0.77740335,0.4205447,Stable
0.37106508,0.52544904,0.49874577,0.6727537,0.5103353,0.38706383,0.7296108,0.76430655,0.70475054,0.30105138,0.7534213,0.72692823,0.7703575,0.29873067,0.77572465,0.6341313,0.7764455,0.4268703,Stable
0.3710491,0.52548265,0.49878776,0.6727859,0.51041734,0.3870625,0.7295753,0.7643144,0.70481503,0.30100423,0.75327265,0.7272048,0.77038115,0.29858282,0.77586097,0.63412684,0.7766088,0.42689475,Stable
0.37246627,0.52573246,0.50132054,0.67606556,0.5079753,0.38649207,0.7331383,0.7612946,0.70536083,0.30490816,0.7499318,0.7276683,0.7681583,0.30464315,0.7714362,0.6313644,0.7733613,0.4184801,Stable
0.3707623,0.5280262,0.50403696,0.678982,0.5093658,0.38746727,0.7354361,0.76389205,0.70545834,0.30115286,0.75089777,0.7250647,0.76299846,0.30973655,0.7729219,0.632434,0.77288866,0.42033702,Stable
0.37322336,0.5288782,0.5048812,0.67916006,0.50906676,0.3890301,0.7362591,0.76700085,0.7051647,0.3026675,0.7522001,0.7255932,0.7634913,0.30469567,0.7764306,0.6342496,0.77528596,0.42669702,Stable
0.372815,0.52742517,0.50537246,0.67930955,0.5061844,0.39088267,0.7353796,0.7675415,0.7082195,0.30376643,0.7499962,0.7246516,0.7483258,0.30506295,0.77908367,0.6337238,0.7780304,0.42768842,Stable
0.37279743,0.5275082,0.5051056,0.67931783,0.5061848,0.39092588,0.73526067,0.7676474,0.7081295,0.30368584,0.74999565,0.7248692,0.7483473,0.3049962,0.77916014,0.6337561,0.77817595,0.42772555,Stable
0.37456548,0.53061044,0.505924,0.6790186,0.50724113,0.391625,0.73565674,0.7708254,0.7095014,0.30279195,0.7488429,0.71934885,0.7540538,0.30383387,0.78205717,0.63288844,0.7823469,0.4259126,Stable
0.3745532,0.53111076,0.505994,0.6797294,0.507406,0.39074287,0.7358948,0.774907,0.7077214,0.30727297,0.74797577,0.71533346,0.7471406,0.31203395,0.7822146,0.6394405,0.7828206,0.42586014,Stable
0.37418327,0.53120583,0.50788575,0.6794373,0.5074813,0.3904094,0.7344955,0.7729907,0.7051694,0.30788815,0.7458014,0.71746385,0.7448866,0.311239,0.780482,0.63268626,0.7803987,0.4253736,Stable
0.3729876,0.5299359,0.5064957,0.67994183,0.5070698,0.3896712,0.7363001,0.7706112,0.70521617,0.30648035,0.74693084,0.7167746,0.7446189,0.30930543,0.7769228,0.638872,0.7790613,0.4259981,Stable
0.37292466,0.52996445,0.5065532,0.6799015,0.5070175,0.38969976,0.7362489,0.7707166,0.7049931,0.30643892,0.74702257,0.7167696,0.7446754,0.30929282,0.7768192,0.63884515,0.7788559,0.4259809,Stable
0.37161908,0.52945304,0.5014368,0.67839444,0.5038527,0.39162022,0.7293789,0.7659677,0.6984378,0.31283924,0.74790585,0.71733785,0.74246407,0.29902592,0.77784944,0.6399585,0.7780808,0.42875642,Stable
0.37257943,0.52588433,0.49699518,0.67398375,0.50305057,0.39252275,0.7260258,0.76632583,0.69560885,0.30294725,0.74948895,0.74201316,0.74341124,0.29641145,0.77703375,0.6318052,0.77608395,0.4282455,Stable
0.3717584,0.5217596,0.49711984,0.671575,0.50360864,0.39464867,0.7196343,0.7640252,0.69823885,0.3093032,0.749007,0.7294359,0.7422957,0.2971825,0.77197856,0.6412059,0.7728531,0.43238974,Stable
0.3717901,0.51386577,0.49929821,0.6690912,0.5046736,0.39271426,0.72277486,0.7594196,0.698552,0.3086284,0.7457814,0.7117386,0.74378335,0.30144286,0.77777195,0.641613,0.7791239,0.43148947,Stable
0.37183863,0.5138918,0.49938557,0.6692168,0.50464714,0.39263904,0.7230177,0.75936764,0.69867414,0.30870488,0.74559045,0.7116636,0.74370706,0.30150002,0.7785504,0.63440377,0.77914,0.43138334,Stable
0.3691516,0.5063949,0.502496,0.67252487,0.5097876,0.38994777,0.73631805,0.7593615,0.70610523,0.30198735,0.7487492,0.7092329,0.7399265,0.29994684,0.78347945,0.6429074,0.78321546,0.43250772,Stable
0.35808763,0.49754518,0.50161016,0.6687859,0.5094421,0.39107823,0.7360992,0.75952,0.7006766,0.30256778,0.7479949,0.71209115,0.7424716,0.29067194,0.77964926,0.6373727,0.77676976,0.42965862,Stable
0.35599345,0.49313876,0.50513875,0.6694088,0.50836885,0.38337263,0.736417,0.75749266,0.706684,0.2967666,0.74620104,0.72846293,0.74234235,0.28568962,0.7793615,0.63686407,0.78081465,0.42727268,Stable
0.35466644,0.49287885,0.50155365,0.6675916,0.5094131,0.3801801,0.7333051,0.75296867,0.7096328,0.29495472,0.753891,0.7502576,0.7445638,0.28782558,0.77775455,0.6370212,0.7821311,0.4246065,Stable
0.35436612,0.49257392,0.5014976,0.66748977,0.509464,0.38008296,0.73318136,0.7526896,0.7099068,0.29482183,0.75404376,0.75014806,0.7444992,0.28789353,0.7777978,0.63707274,0.78211355,0.42460322,Stable
0.35968816,0.48193964,0.4987199,0.6646221,0.50980335,0.37860316,0.72960377,0.7470562,0.712589,0.29591635,0.7523047,0.7504389,0.74154234,0.29011723,0.77783036,0.6385386,0.78228855,0.42670187,Stable
0.36851847,0.47946703,0.50100315,0.6617724,0.5121746,0.38173828,0.7348168,0.75321114,0.7063477,0.29795837,0.7446749,0.7239067,0.74209684,0.2902439,0.7777354,0.6370233,0.782932,0.42656255,Stable
0.36879247,0.4794131,0.4984746,0.6602996,0.511809,0.37904525,0.7391223,0.75530195,0.707498,0.2981948,0.7476672,0.7275771,0.7507094,0.28687605,0.7790607,0.63620174,0.781532,0.42518184,Stable
0.3714673,0.47494563,0.50191617,0.6599735,0.5119344,0.3750412,0.74224544,0.7558488,0.7087898,0.29363164,0.74885863,0.7274481,0.7506215,0.2846077,0.7807519,0.6275587,0.7830759,0.42491305,Stable
0.3714127,0.47495466,0.50193524,0.65991914,0.511845,0.37509286,0.7422754,0.755895,0.70867884,0.29358122,0.7488009,0.7276014,0.75057054,0.28464136,0.78078365,0.6275058,0.78306913,0.42495114,Stable
0.36693403,0.47555083,0.5031073,0.6600338,0.5093367,0.37404007,0.7424702,0.7556064,0.6984903,0.29481965,0.7472826,0.7229258,0.7563028,0.28335625,0.77819294,0.6265035,0.7797172,0.4200725,Stable
0.36434302,0.47641274,0.499366,0.6584283,0.50662494,0.3734408,0.742581,0.7530557,0.70336187,0.29105103,0.74852484,0.7213615,0.73972154,0.28813243,0.78133726,0.621161,0.78268665,0.40603048,Stable
0.3683945,0.47319314,0.49857935,0.65754855,0.5099414,0.36956513,0.7437291,0.755372,0.7425446,0.30023983,0.74938583,0.7215924,0.730396,0.29177415,0.78065693,0.63697755,0.7878609,0.42623624,Stable
0.36767107,0.47074148,0.49656814,0.65659386,0.51100147,0.36606193,0.7409502,0.7572783,0.7528638,0.29859108,0.7470951,0.72162765,0.6688696,0.25745517,0.77816427,0.6288717,0.78565115,0.41566572,Stable
0.36786592,0.47077376,0.49660155,0.6565503,0.51234865,0.36882788,0.74103165,0.75729907,0.75290394,0.29860997,0.7471952,0.7214171,0.6688904,0.25752863,0.7782051,0.62884164,0.7857535,0.41566798,Stable
0.3697378,0.47129616,0.49568328,0.65512204,0.51197946,0.36703214,0.73891187,0.7539975,0.75248784,0.30315483,0.7425003,0.7184125,0.67565227,0.2650683,0.7790293,0.63973576,0.7867057,0.42729694,Stable
0.3737045,0.47102278,0.4965672,0.6540228,0.51249456,0.37307474,0.7261971,0.7501933,0.7290889,0.29810378,0.75350136,0.74966955,0.7075102,0.27446347,0.7788869,0.6323839,0.7875907,0.41791058,Stable
0.37481806,0.4713666,0.49929067,0.655656,0.50537574,0.3730818,0.73657626,0.75289,0.6913747,0.29297876,0.75646377,0.7533556,0.73245776,0.28547966,0.77960193,0.6133028,0.7757696,0.40320367,Stable
0.375182,0.47051,0.4996341,0.65612555,0.5099005,0.3740234,0.7368664,0.7533977,0.696319,0.294247,0.7544632,0.75656533,0.7438194,0.283333,0.7765167,0.625034,0.7785922,0.42224163,Stable
0.37438363,0.4705878,0.49962363,0.6562217,0.5100197,0.37417942,0.73665893,0.753608,0.6962514,0.29433864,0.75408506,0.7572131,0.7439593,0.28311497,0.7766366,0.6251908,0.77896345,0.4224342,Stable
0.3737987,0.47047934,0.49971044,0.6558858,0.5111324,0.37415442,0.73961914,0.75512683,0.71128297,0.28759867,0.74630487,0.7240152,0.7558626,0.27814126,0.779827,0.6262604,0.7809626,0.42402542,Stable
0.37451527,0.47058105,0.49881357,0.6543045,0.51161087,0.37409204,0.73607725,0.75390214,0.708318,0.29327682,0.74888265,0.7333242,0.76287484,0.2791806,0.7789309,0.6277591,0.78213185,0.42599696,Stable
0.3746724,0.46997997,0.4990905,0.6552077,0.5120241,0.37276858,0.73361504,0.75268877,0.70668626,0.2990541,0.7460021,0.71472967,0.75838506,0.28620493,0.77724636,0.62880313,0.7808003,0.42800933,Stable
0.3752194,0.47209093,0.497823,0.6534058,0.5110967,0.3737907,0.72725964,0.75122046,0.69828284,0.3006635,0.7457403,0.7170267,0.760692,0.28160033,0.7781029,0.6271475,0.7787931,0.42819998,Stable
0.3752529,0.47201306,0.49793023,0.65346044,0.5111371,0.37378523,0.7274952,0.751407,0.6982035,0.30069146,0.7455404,0.71638364,0.7605324,0.28175932,0.77819395,0.62722385,0.77881026,0.4283055,Stable
0.38191384,0.4666328,0.5012818,0.6550828,0.51163805,0.3732218,0.7374139,0.753085,0.70491993,0.2982164,0.7450602,0.709021,0.7608725,0.2814092,0.78244615,0.6250198,0.7825004,0.4234509,Stable
0.3897081,0.46511567,0.500612,0.65537906,0.5133001,0.37470084,0.7384639,0.7535212,0.7211661,0.2926352,0.7478955,0.7110078,0.7605864,0.2826065,0.78318036,0.62750053,0.78598166,0.42705512,Stable
0.3911338,0.4649746,0.49965227,0.65586334,0.51243794,0.37405723,0.7398106,0.75406957,0.6997683,0.30265474,0.7464162,0.70768285,0.7607415,0.28113177,0.78214264,0.62896526,0.7836362,0.42940375,Stable
0.39163098,0.4643205,0.49942642,0.6552607,0.51228595,0.3752213,0.7377995,0.75316405,0.702547,0.30031663,0.7466144,0.7093124,0.75498736,0.28688347,0.78091687,0.6252434,0.7815217,0.42847925,Stable
0.3915918,0.4642542,0.49935842,0.6553022,0.5123381,0.37522972,0.73796386,0.75322837,0.70259416,0.30030334,0.7464752,0.70923394,0.75494456,0.2868908,0.7809753,0.6253527,0.7816128,0.4285509,Stable
0.3794346,0.4690566,0.49605772,0.65080273,0.51236904,0.37278828,0.7329329,0.7527928,0.7098037,0.2965066,0.74497306,0.713113,0.75311005,0.28757173,0.7799837,0.625412,0.78280926,0.42593092,Stable
0.38015777,0.46893203,0.4975264,0.6513896,0.51359296,0.37386188,0.7357954,0.7533781,0.70662713,0.2995495,0.74362636,0.7104058,0.7565206,0.28642362,0.7800398,0.62627876,0.7824432,0.42846727,Stable
0.3795386,0.46816516,0.50035983,0.65389794,0.5134977,0.37355897,0.73506826,0.75272524,0.7063041,0.29938552,0.745075,0.7142861,0.76170987,0.28193507,0.7806663,0.6251703,0.78143144,0.42734653,Stable
0.37789333,0.47176367,0.4983589,0.65491986,0.5146751,0.37166357,0.7343167,0.7525744,0.7150482,0.29987046,0.7443869,0.71684957,0.7641636,0.2839968,0.7801189,0.6269129,0.78204864,0.42738372,Stable
0.3778937,0.47177765,0.49837595,0.65496093,0.5146829,0.37165675,0.7343166,0.7525581,0.7150864,0.29987872,0.7443696,0.7168078,0.76413715,0.28403586,0.7801552,0.6268925,0.7820759,0.4273451,Stable
0.37729606,0.46638608,0.49833307,0.6548804,0.514215,0.37128377,0.737123,0.7532743,0.7175576,0.30159187,0.7445036,0.71456283,0.76453483,0.2862237,0.78106236,0.62646806,0.7848503,0.42662323,Stable
0.3752209,0.4621107,0.4980175,0.65458715,0.51349455,0.37259027,0.7375712,0.7529649,0.7184255,0.30204278,0.7441479,0.717421,0.76365805,0.2899192,0.77990174,0.6246979,0.7834735,0.4247316,Stable
0.37925208,0.46098495,0.49739712,0.65425086,0.5134984,0.37326247,0.7369695,0.7529545,0.71865743,0.3023504,0.7437355,0.7155837,0.7646941,0.2911286,0.779724,0.624654,0.7838551,0.42595685,Stable
0.3783636,0.46353254,0.498344,0.65345395,0.51390374,0.3732276,0.73550403,0.7523223,0.7185693,0.3025744,0.7444296,0.71592844,0.7625851,0.2889415,0.78140736,0.6242951,0.7841102,0.42529154,Stable
0.37830552,0.46341333,0.49836478,0.6534803,0.5139709,0.3732403,0.73567265,0.7524022,0.7186415,0.30254415,0.7443818,0.7154516,0.762709,0.28893065,0.7814543,0.6243789,0.78409505,0.42539877,Stable
0.37840807,0.46351677,0.4996222,0.65362644,0.5140171,0.3734816,0.736047,0.75273097,0.7174937,0.3010958,0.7439972,0.7191117,0.7635779,0.2903548,0.78129476,0.6232531,0.78445995,0.42526662,Stable
0.3809801,0.46530485,0.50045055,0.6544113,0.5140461,0.37417805,0.7363117,0.7527884,0.7180841,0.30186436,0.74305904,0.7202064,0.76295185,0.2890898,0.7819097,0.62279844,0.7853496,0.42517957,Stable
0.38343132,0.46360886,0.50149614,0.6566024,0.51338655,0.37403008,0.73663116,0.75281835,0.71797717,0.30177438,0.74400634,0.7203425,0.76129913,0.2894739,0.7794497,0.62150097,0.78616357,0.42455655,Stable
0.38487524,0.46321213,0.5004941,0.656256,0.51324165,0.37367964,0.7387047,0.7534518,0.71883965,0.3022603,0.7441661,0.70635045,0.7620589,0.2904153,0.7817055,0.6291749,0.7867445,0.42501935,Stable
0.3851229,0.46307772,0.5004487,0.6562959,0.51327884,0.3736912,0.73885125,0.75358427,0.7189491,0.30224922,0.74417293,0.70586944,0.7621106,0.29037365,0.781734,0.6292926,0.78675413,0.42514655,Stable
0.38167462,0.46474844,0.49967426,0.65629375,0.5137439,0.3733922,0.7378135,0.7540652,0.7183049,0.30242103,0.7441539,0.71612567,0.76006734,0.28967977,0.78076166,0.6289821,0.7851407,0.4248273,Stable
0.38207513,0.46390218,0.49965936,0.6563354,0.51330125,0.37301826,0.7406632,0.7543678,0.7158636,0.30268374,0.74460375,0.7056076,0.75999546,0.28807056,0.77773416,0.6211206,0.784222,0.4242755,Stable
0.3841337,0.46510348,0.49943218,0.6567228,0.51296985,0.37229198,0.7419924,0.7548102,0.7152123,0.30202556,0.7451664,0.70407784,0.75814885,0.28719312,0.78117365,0.62036276,0.7833158,0.42355797,Stable
0.38437602,0.46755895,0.49995297,0.6561512,0.51321113,0.37247932,0.7415713,0.7542243,0.7111985,0.30377638,0.7446434,0.70303977,0.7582518,0.28575724,0.7816133,0.6205653,0.7833146,0.42386088,Stable
0.38426575,0.46752512,0.49995285,0.65616953,0.5132092,0.37243292,0.741605,0.7542114,0.7112922,0.303678,0.7446368,0.70300025,0.7582151,0.2857828,0.78161335,0.62057674,0.78333133,0.4237784,Stable
0.38498753,0.46942982,0.50098234,0.65569806,0.51320976,0.37325808,0.74186796,0.7549523,0.70969623,0.30459946,0.74513125,0.70073235,0.7602539,0.28546175,0.7830291,0.62098485,0.7846179,0.42574674,Stable
0.3856508,0.47057742,0.50150764,0.6566858,0.51280004,0.37268513,0.7418356,0.75487083,0.71162766,0.3019221,0.7450863,0.70182586,0.76244587,0.2827904,0.7815311,0.6208066,0.78375524,0.4251158,Stable
0.38492402,0.47102487,0.50160134,0.6567337,0.5119058,0.37247035,0.74164844,0.75478804,0.70891833,0.3034553,0.74563664,0.699721,0.761641,0.28370106,0.7819414,0.620798,0.78451204,0.42542323,Stable
0.38385195,0.47125885,0.5032916,0.6562309,0.51194906,0.37206942,0.7412335,0.75468487,0.7079278,0.3030721,0.7455513,0.69989055,0.76043653,0.28400555,0.7811929,0.62043864,0.78396934,0.42480963,Stable
0.3840713,0.471238,0.50323105,0.6562245,0.5118984,0.37206054,0.7412131,0.7546689,0.70778775,0.3032055,0.74558395,0.69993794,0.76036644,0.28408363,0.7811544,0.62035036,0.78395075,0.4248147,Stable
0.38289794,0.47145376,0.50435627,0.6571771,0.51246226,0.37210292,0.7409894,0.7548336,0.7091574,0.30321425,0.7450409,0.70367825,0.7587999,0.28492796,0.7824029,0.62382317,0.78474593,0.42631263,Stable
0.38414657,0.47237322,0.50325906,0.6570726,0.51166886,0.37403822,0.74082464,0.75439394,0.70527685,0.30566558,0.74622834,0.71517986,0.7578909,0.28508896,0.7812418,0.6240534,0.7827698,0.42729828,Stable
0.38231945,0.47523063,0.50320184,0.6572579,0.5105319,0.37518483,0.7395251,0.7542133,0.7012295,0.3055508,0.7458348,0.71544516,0.76001215,0.28291634,0.781371,0.624495,0.7829613,0.42712936,Stable
0.3811477,0.47751877,0.50294703,0.65770924,0.51044744,0.37489295,0.73887914,0.7539448,0.6997901,0.30294216,0.7475464,0.7154421,0.76176214,0.28216153,0.78140163,0.62494195,0.7833308,0.42639977,Stable
0.38116783,0.4773702,0.5029859,0.6577344,0.51047933,0.37487778,0.738821,0.7539488,0.6998958,0.3029107,0.74756944,0.7155952,0.761785,0.28213286,0.7814299,0.6249973,0.78334,0.4263973,Stable
0.38172287,0.4794899,0.5019759,0.6576867,0.5098907,0.37477446,0.74127936,0.7542423,0.69894576,0.30349874,0.74716944,0.713762,0.7597889,0.28350997,0.7798476,0.62458485,0.7817639,0.42660925,Stable
0.3794808,0.47754523,0.50242025,0.6575592,0.5106312,0.3744025,0.74101084,0.75409484,0.7031126,0.3049178,0.74667066,0.7147614,0.7582299,0.28548023,0.7806072,0.62606084,0.782575,0.42715368,Stable
0.3794479,0.47856098,0.5022821,0.6561414,0.5107012,0.3735555,0.7416661,0.7537538,0.70373815,0.3045017,0.74535644,0.7157046,0.7555706,0.28709024,0.77941054,0.6238063,0.78192204,0.42505908,Stable
0.37927672,0.4781545,0.5031114,0.6556245,0.5101785,0.37374863,0.7413111,0.7537036,0.7034178,0.30375344,0.7464546,0.7183019,0.75552523,0.28598166,0.7799871,0.62314624,0.7822699,0.42432445,Stable
0.37912318,0.47813615,0.5031277,0.65559596,0.51017797,0.3737107,0.7412647,0.75364673,0.70346737,0.30369294,0.7465088,0.71851844,0.75552076,0.28588486,0.77987593,0.6230666,0.7821521,0.42424735,Stable
0.37816224,0.47750205,0.50328946,0.65476006,0.5108147,0.37482142,0.7393322,0.75455636,0.70254815,0.30431107,0.7493915,0.7283721,0.75538266,0.28587967,0.78006065,0.6255791,0.78226423,0.42539722,Stable
0.37723142,0.47861832,0.5035269,0.6546997,0.5110826,0.3756262,0.73883975,0.7553114,0.7038223,0.304194,0.7490353,0.72740173,0.7544951,0.2881925,0.780252,0.6259402,0.7823142,0.4252617,Stable
0.37736484,0.4789903,0.505533,0.6557485,0.5115848,0.3748221,0.74043226,0.75598,0.7097777,0.3036663,0.7456001,0.71233773,0.7525756,0.2898835,0.7812027,0.62563986,0.7825266,0.42648897,Stable
0.3780844,0.47898865,0.50515187,0.654673,0.5109889,0.37610763,0.7384357,0.7553463,0.7068772,0.30388162,0.7503616,0.7230014,0.75095105,0.29161584,0.7812406,0.625483,0.7835697,0.42734867,Stable
0.37802994,0.47903514,0.5051629,0.65475404,0.5109617,0.3761458,0.73826885,0.75522697,0.70697445,0.30388397,0.7503015,0.72390956,0.75095546,0.2915879,0.78141373,0.62550926,0.78373754,0.4273339,Stable
0.37810966,0.47860962,0.5054817,0.65435576,0.5107094,0.3755952,0.7396796,0.7544826,0.7077391,0.30368048,0.7496278,0.7227716,0.7520277,0.29024777,0.7797434,0.62461054,0.782264,0.4271104,Stable
0.37825024,0.47955912,0.50521743,0.6547783,0.5109073,0.3762672,0.7398889,0.754415,0.7127209,0.30330345,0.7500028,0.72492355,0.7513721,0.28977245,0.779212,0.6253141,0.78210187,0.42733043,Stable
0.37808383,0.4795313,0.5043328,0.6551393,0.5115602,0.37607163,0.7381126,0.7545597,0.714607,0.3040953,0.7498195,0.7240104,0.75063753,0.29204065,0.7792703,0.62479854,0.78143805,0.42679465,Stable
0.37803692,0.479914,0.5035522,0.65582395,0.511582,0.37640822,0.73807424,0.7538942,0.716591,0.3035934,0.745412,0.71041626,0.7524539,0.2920099,0.7784679,0.6237385,0.7816638,0.4262246,Stable
0.37802255,0.47989416,0.50354344,0.6558597,0.5115766,0.37639153,0.73807395,0.75390387,0.7166287,0.30360928,0.7454276,0.71043813,0.7524024,0.29205424,0.7784867,0.6237119,0.7816648,0.4261629,Stable
0.37805837,0.4794402,0.50182366,0.6555284,0.51113504,0.37625867,0.7365335,0.75334424,0.7151412,0.3044193,0.7495217,0.7242365,0.7532765,0.2908434,0.7767398,0.62286913,0.77951217,0.42629993,Stable
0.3777488,0.47955436,0.5031332,0.6561134,0.51149917,0.37612975,0.7373456,0.7524158,0.711751,0.30491418,0.74960625,0.73094416,0.7520155,0.29041806,0.7785558,0.6228244,0.7807023,0.42455384,Stable
0.37708837,0.4788834,0.50384796,0.65642047,0.5112421,0.37559897,0.7377448,0.7531332,0.7081901,0.3045643,0.7505402,0.7270269,0.753658,0.28986317,0.7764131,0.6217768,0.77853364,0.4255099,Stable
0.37608644,0.4789998,0.5029126,0.6566385,0.5107041,0.376782,0.7355411,0.75241864,0.7109486,0.3033023,0.74987674,0.73131835,0.7536623,0.28791887,0.7783405,0.6235546,0.7805757,0.42460164,Stable
0.3760899,0.47898114,0.5029004,0.65661293,0.5106925,0.37678516,0.7355196,0.75241846,0.710813,0.30334923,0.7498095,0.73141277,0.7536193,0.28777236,0.77839947,0.6235542,0.7805562,0.42459255,Stable
0.37675962,0.47827,0.5036565,0.6564332,0.51147914,0.37670374,0.73721135,0.7532642,0.7077488,0.30438244,0.7508526,0.7290434,0.75439775,0.28614295,0.77758837,0.6234951,0.7797084,0.4261946,Stable
0.37621444,0.47756422,0.5038347,0.6559333,0.51130223,0.3772467,0.7365848,0.7531823,0.7043378,0.302338,0.7505685,0.73126864,0.7551035,0.28326905,0.7773921,0.6239369,0.7797452,0.42696485,Stable
0.37492102,0.47759375,0.5040995,0.6564002,0.51098967,0.3775236,0.73564756,0.75331247,0.7051927,0.303509,0.75098914,0.7321238,0.75604856,0.28167292,0.7785536,0.62592584,0.78066653,0.42657578,Stable
0.37440526,0.47790858,0.5036909,0.6566154,0.5110454,0.37653214,0.7369971,0.75336045,0.7072301,0.30366728,0.750165,0.7314558,0.7559592,0.2817702,0.7788261,0.6251024,0.78102416,0.42526054,Stable
0.37440872,0.47792906,0.5036627,0.6565815,0.5110196,0.376545,0.7369344,0.7533325,0.70721835,0.30364317,0.7502162,0.7316155,0.75598073,0.28172737,0.77882516,0.62512845,0.78104424,0.42528126,Stable
0.37427947,0.47805434,0.5036043,0.6560223,0.5110527,0.37631828,0.7352468,0.75294656,0.7052784,0.3042258,0.75015545,0.73158896,0.75466955,0.28141528,0.7790947,0.62596357,0.78059566,0.41828078,Stable
0.37455028,0.4775039,0.50274867,0.6558833,0.5102854,0.3769523,0.73610705,0.75323385,0.70245814,0.30369896,0.75102854,0.7324459,0.75442016,0.28237632,0.7788011,0.62634116,0.7805809,0.4254838,Stable
0.37456343,0.4771756,0.50314355,0.65556777,0.51051664,0.37680662,0.7355647,0.7527191,0.6995436,0.30320293,0.7514464,0.7335843,0.7614018,0.28891727,0.7786929,0.6254692,0.7796042,0.4262697,Stable
0.37568516,0.4761548,0.50364023,0.65664446,0.510736,0.37574574,0.73783726,0.7532208,0.7000176,0.30126125,0.7499744,0.73234266,0.7562802,0.28148386,0.7791533,0.62657726,0.7808525,0.4260641,Stable
0.37572175,0.47618198,0.503652,0.6566394,0.51073945,0.3757658,0.73784107,0.7532295,0.70004916,0.30127677,0.7499715,0.7322147,0.7563774,0.2814374,0.7791955,0.6265857,0.7808735,0.4260822,Stable
0.37778473,0.47732744,0.5037899,0.6566337,0.51186955,0.3753236,0.73847836,0.75288904,0.7030511,0.30142063,0.7500937,0.72919434,0.75679064,0.28215712,0.77966183,0.62553495,0.7818601,0.42498836,Stable
0.37853444,0.47775793,0.5035255,0.65645885,0.5122154,0.3751319,0.7372986,0.7533165,0.7037636,0.30171382,0.7499,0.72584116,0.7557653,0.2824604,0.7801029,0.626041,0.7823495,0.42540407,Stable
0.3781638,0.4779714,0.5035464,0.6569153,0.5132868,0.37489852,0.7360189,0.75228167,0.71243376,0.30111766,0.7496805,0.7318229,0.7565818,0.28283945,0.78178495,0.6282461,0.78453636,0.42605516,Stable
0.37956357,0.478111,0.50359625,0.6573193,0.51295936,0.37556264,0.7346784,0.75140834,0.7122902,0.3027168,0.750505,0.73534197,0.7563524,0.28058684,0.7813861,0.6281754,0.78359437,0.4275647,Stable
0.3795318,0.47809678,0.50358695,0.65732074,0.512964,0.37556148,0.7346858,0.75140893,0.7123684,0.3026158,0.7504849,0.7353267,0.7563497,0.28063458,0.7813782,0.6282083,0.7836087,0.42754364,Stable
0.38066122,0.47748446,0.50409997,0.6576438,0.51247406,0.37511846,0.73677844,0.7525065,0.71054685,0.30169085,0.7512336,0.73241514,0.756638,0.28088608,0.779782,0.62838286,0.78230524,0.4277106,Stable
0.38108653,0.47836322,0.5031915,0.65756315,0.5124587,0.375465,0.73746747,0.7529999,0.71097606,0.30271918,0.75142354,0.73269975,0.7559225,0.2811486,0.7804724,0.62896085,0.78395194,0.4291478,Stable
0.38060528,0.47778106,0.5024248,0.65770185,0.5130052,0.37475428,0.7369377,0.7519125,0.71014893,0.3027917,0.75063145,0.7294916,0.7572288,0.2820649,0.77968854,0.62798154,0.78352666,0.42792505,Stable
0.38319695,0.48010945,0.50401264,0.6572358,0.51326656,0.37569448,0.73827255,0.75303376,0.7099427,0.3036806,0.75136846,0.72761655,0.75342464,0.28702044,0.7794571,0.6295262,0.7826885,0.42986163,Stable
0.3832494,0.48008856,0.50400096,0.657249,0.51324433,0.37566602,0.73828757,0.75303984,0.7099832,0.30372313,0.7513482,0.7276721,0.75345397,0.2869864,0.7794425,0.6295366,0.7826729,0.42987788,Stable
0.3844241,0.47900087,0.5046216,0.65759784,0.51327926,0.3762185,0.7385409,0.75302124,0.7105486,0.30351865,0.7520053,0.7269971,0.75460994,0.28454077,0.77971786,0.62974465,0.7830081,0.43014663,Stable
0.38608992,0.47799063,0.50481313,0.6583359,0.51249474,0.3759527,0.7382092,0.7523521,0.7062346,0.30359975,0.75138205,0.7297375,0.75560725,0.28329742,0.77933705,0.6295382,0.78262603,0.42996836,Stable
0.38756883,0.47757256,0.50445175,0.6580915,0.51271296,0.37574655,0.7383956,0.7525844,0.7068677,0.3027899,0.7508056,0.7292706,0.75550175,0.28270063,0.7787809,0.6294456,0.782096,0.43026757,Stable
0.38897082,0.47676396,0.5056211,0.65857935,0.51257324,0.37583992,0.73859805,0.75271195,0.7060826,0.30209076,0.74740857,0.7162503,0.7559449,0.28130355,0.7791519,0.6297674,0.7824135,0.43036437,Stable
0.38849914,0.47750863,0.50561816,0.65843576,0.5123571,0.37580824,0.7380463,0.75254977,0.7060546,0.3017397,0.751486,0.7285502,0.765413,0.2881791,0.77947843,0.6294448,0.78265965,0.42967638,Stable
0.38939068,0.47736436,0.5068072,0.65847737,0.51284564,0.3760874,0.73972243,0.7530021,0.7101779,0.30115792,0.746618,0.7153206,0.75441265,0.2826126,0.7799016,0.629689,0.7828328,0.43011743,Stable
0.3877573,0.47865838,0.5061747,0.6584973,0.51220423,0.376312,0.73995054,0.7524723,0.71068764,0.3012234,0.7512025,0.7320458,0.75417554,0.2835263,0.77972627,0.62921673,0.78268236,0.4291169,Stable
0.38873574,0.4793143,0.50521016,0.65829086,0.51274484,0.3762085,0.7377924,0.75192446,0.7112706,0.3012125,0.7519878,0.73363364,0.7555506,0.2823407,0.7795428,0.62953126,0.78307194,0.42918608,Stable
0.38768023,0.48032326,0.50539064,0.6573771,0.5125768,0.37608665,0.7378783,0.7520366,0.71202034,0.30112463,0.75142336,0.73105854,0.7544445,0.28272164,0.7794033,0.62845004,0.78252476,0.42876917,Stable
0.38747972,0.48030776,0.5054409,0.65744156,0.512622,0.3760202,0.7379985,0.7520696,0.7121226,0.30114347,0.75141,0.7310762,0.75439703,0.2827848,0.77945036,0.62850046,0.7825815,0.42874807,Stable
0.3883489,0.47815394,0.5044292,0.6574466,0.51231104,0.37600264,0.7367524,0.7520604,0.71142626,0.3026073,0.7522957,0.72993034,0.75330436,0.28308743,0.77894056,0.6286772,0.78251976,0.4289397,Stable
0.38478693,0.479433,0.5039162,0.6570102,0.51259136,0.3759775,0.73624957,0.75145006,0.7129617,0.30291343,0.75235456,0.72992015,0.75402,0.2833111,0.7793319,0.6285704,0.78287363,0.42848575,Stable
0.38437074,0.48092216,0.5041644,0.65706885,0.51270664,0.37590683,0.73590684,0.75121593,0.7126508,0.30195463,0.7526505,0.7300812,0.7532704,0.2834202,0.77903724,0.6293052,0.7821397,0.42982936,Stable
0.38221854,0.47897157,0.5034299,0.65650207,0.51239127,0.37644118,0.73568416,0.7509351,0.71248764,0.302057,0.75358486,0.729427,0.753704,0.28239444,0.7792227,0.62793326,0.78192014,0.42880428,Stable
0.38222003,0.47894844,0.503443,0.6564963,0.51238346,0.37639886,0.7357403,0.75094914,0.712461,0.30204475,0.75359094,0.72941625,0.75375503,0.2823801,0.77919453,0.6279403,0.78190464,0.4287841,Stable
0.38254577,0.48174083,0.50370574,0.6563802,0.5125988,0.37593612,0.7357924,0.7508909,0.7123605,0.30340087,0.7528562,0.7315237,0.75399137,0.2803962,0.7781188,0.6274334,0.7811049,0.42845255,Stable
0.38313016,0.4791953,0.5039804,0.6571009,0.51269305,0.3759122,0.73519367,0.7506916,0.71091574,0.3021701,0.75252956,0.73350537,0.75241363,0.2812429,0.77767146,0.6276916,0.78018403,0.42900825,Stable
0.3841432,0.48052752,0.5045719,0.65640223,0.51184684,0.37692976,0.7324122,0.74970067,0.7077898,0.30105197,0.7525503,0.7339586,0.75513935,0.27957118,0.77703977,0.6269445,0.7789459,0.42763233,Stable
0.3833505,0.47989973,0.5048512,0.65660644,0.5117468,0.37632594,0.73332185,0.7504491,0.7106773,0.30255154,0.75266206,0.7349477,0.753634,0.2805462,0.7769019,0.6264048,0.77948296,0.42704898,Stable
0.3833434,0.47991368,0.5048517,0.65660995,0.5117389,0.3763102,0.73332614,0.7504506,0.7106855,0.3025388,0.75266767,0.7349304,0.7536318,0.28054625,0.7768936,0.6263963,0.7794777,0.42703232,Stable
0.38184065,0.48012134,0.50441957,0.6568442,0.510847,0.37634957,0.73274696,0.7500266,0.71057606,0.30255908,0.75137705,0.735296,0.7540969,0.28146124,0.77546966,0.62538046,0.7778195,0.4265417,Stable
0.3831634,0.48014867,0.5048782,0.6569221,0.511066,0.37636882,0.73290724,0.7486781,0.7112874,0.29992968,0.75389385,0.7356765,0.7537942,0.28192377,0.7764754,0.62479305,0.7792361,0.4259439,Stable
0.3818686,0.47940752,0.50428694,0.6572747,0.51160264,0.37607038,0.7315012,0.7487912,0.7119877,0.30222645,0.7520947,0.7385113,0.753276,0.28052747,0.77695143,0.62564236,0.7800419,0.42650014,Stable
0.38109827,0.47928807,0.5041294,0.65696996,0.5117667,0.3756182,0.7338502,0.75029033,0.71380794,0.30157864,0.751002,0.73433346,0.7525971,0.2808394,0.776427,0.6249413,0.77982306,0.42585716,Stable
0.38109908,0.4792868,0.50412583,0.6569725,0.5117655,0.37561867,0.7338567,0.750292,0.7138065,0.30157822,0.75100195,0.7343228,0.7526009,0.2808382,0.7764215,0.6249409,0.77981555,0.42586136,Stable
0.3825041,0.47953188,0.50404704,0.65760225,0.51183134,0.3757829,0.73338455,0.75026345,0.71562254,0.302423,0.75017214,0.7340631,0.75195897,0.28164804,0.77679396,0.62473834,0.7802495,0.42667174,Stable
0.38267326,0.47885138,0.50480103,0.6579325,0.51202834,0.37611958,0.73768914,0.7522022,0.71433365,0.30167493,0.75188255,0.730255,0.75186133,0.28229153,0.77910364,0.62547517,0.78175396,0.42763162,Stable
0.3829797,0.47873884,0.50564957,0.65764856,0.5122347,0.37568888,0.73507667,0.75125337,0.71410125,0.30235952,0.752939,0.7317669,0.75087404,0.28380173,0.7799539,0.6264705,0.78242195,0.42736468,Stable
0.38358426,0.47932875,0.504108,0.65769786,0.51226246,0.3751156,0.7340418,0.75055563,0.7171149,0.30062014,0.75180286,0.7344917,0.75127923,0.28268802,0.7784926,0.6266083,0.7810452,0.42712003,Stable
0.38356274,0.47932613,0.50408244,0.6577291,0.51224107,0.37512195,0.73391485,0.7504889,0.71702445,0.30061108,0.75180423,0.7346469,0.75119376,0.2827171,0.7784066,0.6265402,0.78100884,0.42707413,Stable
0.38336593,0.4796008,0.5029272,0.6566243,0.5123838,0.37505898,0.7343857,0.75146,0.71656334,0.30230093,0.75229967,0.73246276,0.75137043,0.2828945,0.77762735,0.6261582,0.77938575,0.42757142,Stable
0.38253063,0.48118478,0.50360966,0.6565552,0.51312566,0.37542173,0.7356334,0.7518541,0.7156605,0.30314174,0.75273454,0.73330706,0.7528671,0.28147015,0.77861226,0.62818676,0.7814729,0.4297456,Stable
0.3831,0.48289764,0.5040715,0.6557543,0.5129657,0.37565398,0.73724663,0.7534276,0.71417284,0.3023705,0.7507137,0.7324633,0.7526505,0.28216588,0.7794398,0.6283879,0.78232527,0.42877337,Stable
0.38184303,0.48250133,0.5046371,0.65451586,0.512207,0.37644666,0.7384533,0.75356454,0.7117847,0.30154315,0.75035805,0.73032427,0.75225306,0.28307444,0.7795946,0.62852705,0.7819412,0.42902577,Stable
0.38183877,0.4824991,0.50463676,0.6545093,0.51221,0.3764462,0.73846406,0.7535684,0.71179,0.30154315,0.7503586,0.73032033,0.7522533,0.28307438,0.7795985,0.62853396,0.7819463,0.4290318,Stable
0.38199088,0.48055395,0.5035702,0.6549964,0.5125923,0.37585017,0.7390319,0.7538006,0.712464,0.30032092,0.7469186,0.7159966,0.7524663,0.28196692,0.7799014,0.6291163,0.78217566,0.42818332,Stable
0.38251793,0.48145613,0.5039575,0.65377384,0.5122477,0.37592453,0.73642254,0.75331974,0.7127766,0.30065697,0.7471899,0.71617854,0.7532253,0.28128144,0.778046,0.6284504,0.7808172,0.42889,Stable
0.38105544,0.480666,0.503855,0.65323454,0.5122397,0.3760018,0.73592913,0.75232434,0.7117862,0.3009605,0.7531947,0.7335162,0.7531787,0.2818349,0.7774703,0.6282015,0.7796731,0.4280895,Stable
0.38146707,0.4794333,0.5033051,0.65149814,0.51158905,0.37668988,0.7370233,0.7532927,0.71004975,0.30081463,0.7511277,0.73154867,0.75473523,0.28090766,0.7770371,0.6273788,0.77973473,0.42798996,Stable
0.38164756,0.4794014,0.5033095,0.65148056,0.5116364,0.37670243,0.73698187,0.75325584,0.7100053,0.30084005,0.7510134,0.73178625,0.75476193,0.2808799,0.77707374,0.6275511,0.7797751,0.42814583,Stable
0.38301748,0.47896093,0.5024611,0.65021336,0.51240134,0.3764518,0.7382369,0.7538028,0.71219057,0.30079642,0.7462735,0.71483225,0.75531733,0.27992433,0.7759749,0.6265321,0.7790626,0.4283908,Stable
0.38307178,0.4786763,0.5016082,0.6481786,0.5129107,0.37620115,0.7372439,0.75385845,0.71273315,0.29942805,0.7461568,0.71368253,0.7556202,0.27963158,0.7761273,0.62650806,0.7794628,0.42901272,Stable
0.38201213,0.4788683,0.5010875,0.6495008,0.5130595,0.3764667,0.73734546,0.7536408,0.7122346,0.29904246,0.7476145,0.7131828,0.7573547,0.27896798,0.7758728,0.6272594,0.77914447,0.42969188,Stable
0.3827741,0.4804806,0.5006721,0.6483098,0.5129037,0.37614805,0.7352308,0.7533755,0.7116942,0.2995077,0.74737716,0.71125305,0.7551141,0.28107014,0.77624166,0.6269908,0.77958786,0.42919624,Stable
0.38275343,0.48047632,0.5006646,0.64829516,0.51287055,0.3761304,0.7352475,0.7533773,0.71182096,0.2994263,0.7473949,0.71118546,0.7550925,0.2810554,0.77626395,0.6268069,0.77959055,0.42899936,Stable
0.38263154,0.47884962,0.4991643,0.6477689,0.5129561,0.37700617,0.7351606,0.7529918,0.709917,0.30048132,0.7484642,0.7082392,0.75303423,0.28270343,0.77743024,0.6277035,0.78031456,0.43104395,Stable
0.38341078,0.48006892,0.50099677,0.64847517,0.51285803,0.37650448,0.7348897,0.75254214,0.7084708,0.30060223,0.7488786,0.7106308,0.75281614,0.28184903,0.77688754,0.62715274,0.7795314,0.43132138,Stable
0.38323683,0.48046625,0.49981445,0.64919007,0.51140654,0.37698042,0.7353987,0.7526345,0.7068445,0.3002723,0.75286144,0.7303262,0.75375366,0.27994865,0.7755303,0.62721145,0.7779228,0.43077028,Stable
0.37957615,0.48145485,0.499116,0.6491529,0.51008594,0.37714082,0.73433805,0.75272596,0.7075578,0.2994733,0.75456756,0.72843814,0.7533846,0.27993426,0.7752921,0.62807673,0.77745664,0.43007028,Stable
0.3794261,0.48134762,0.49906206,0.6491635,0.5100554,0.37716323,0.73426783,0.75272673,0.707518,0.2995246,0.7545184,0.7283931,0.753371,0.27994764,0.7752944,0.62806416,0.77744246,0.43005663,Stable
0.37726462,0.48642108,0.50118077,0.65052176,0.5098961,0.37730762,0.72375417,0.7489321,0.70895493,0.30005863,0.7531175,0.72908354,0.7536816,0.27794597,0.7739774,0.62796706,0.7761323,0.42972493,Stable
0.37648124,0.4853507,0.50205994,0.65159494,0.5106063,0.37494016,0.7363131,0.752896,0.7127306,0.29780433,0.7516433,0.73205394,0.75398946,0.2770912,0.77457464,0.62859464,0.77626085,0.4284777,Stable
0.3748454,0.4901774,0.5019512,0.6519106,0.51116616,0.3767845,0.7350073,0.7528522,0.7130054,0.29818428,0.75243676,0.7311238,0.753376,0.27903348,0.7757265,0.6291237,0.77720296,0.42938334,Stable
0.37304705,0.49596077,0.5020222,0.65082735,0.51129526,0.37745076,0.72376364,0.7486293,0.7130112,0.2978388,0.75184196,0.72906625,0.75282896,0.27930778,0.7752749,0.62892854,0.77680206,0.42875224,Stable
0.37303755,0.4959879,0.50204784,0.650854,0.5112918,0.37743053,0.7237744,0.7486373,0.71306074,0.29781523,0.7518915,0.7290766,0.75285745,0.2792889,0.7752418,0.6289376,0.77677965,0.42875907,Stable
0.37476858,0.49737653,0.5023759,0.6517863,0.51173174,0.37876457,0.7237281,0.7488925,0.7120785,0.29867262,0.749304,0.7114384,0.75208104,0.28027338,0.7760443,0.63010496,0.7770859,0.42942128,Stable
0.37633115,0.5023402,0.50166404,0.65249187,0.51089084,0.37788138,0.72401375,0.74844635,0.7154629,0.2984651,0.75356454,0.7256076,0.75082916,0.28313553,0.77641386,0.6299995,0.7779751,0.4290166,Stable
0.3757357,0.5033864,0.5034946,0.65312743,0.51074755,0.3781134,0.7243041,0.7484498,0.71566194,0.29789263,0.74863976,0.7110902,0.75140965,0.2809653,0.7773769,0.62905645,0.77822727,0.42818138,Stable
0.37408513,0.5049782,0.5030346,0.6545266,0.5112493,0.3786957,0.72447604,0.7483512,0.7157399,0.29775602,0.7535216,0.72739714,0.7513206,0.28107265,0.7763936,0.62855047,0.7779629,0.42791224,Stable
0.37400994,0.5049651,0.5030129,0.65452796,0.5112566,0.37868494,0.7244529,0.74833983,0.71583235,0.29770643,0.7534635,0.727445,0.75133294,0.2810915,0.7763816,0.62861896,0.77797717,0.42795274,Stable
0.37411082,0.5058952,0.5031869,0.65516376,0.5114473,0.37886962,0.7273121,0.7485124,0.71627474,0.29760772,0.74713796,0.71159357,0.74901885,0.2841985,0.7770299,0.6284888,0.77849936,0.42807782,Stable
0.3735852,0.50617576,0.50345516,0.6550995,0.5117223,0.3787205,0.72751486,0.7482344,0.7170572,0.29681745,0.7471086,0.70858425,0.7505444,0.28253457,0.77937186,0.6283116,0.7806947,0.4276513,Stable
0.37314868,0.50601125,0.5031438,0.65461254,0.51214075,0.37872422,0.726232,0.7481624,0.7168336,0.29724464,0.7470297,0.70655334,0.7505995,0.2850272,0.77868223,0.62818956,0.78018016,0.4279101,Stable
0.37301204,0.50628936,0.5037942,0.6559545,0.5119106,0.37926668,0.72651184,0.74817055,0.71488047,0.29798484,0.74675465,0.707679,0.7497591,0.28411734,0.77875614,0.62843126,0.78031814,0.4283118,Stable
0.3729955,0.5062876,0.50381875,0.65591663,0.51189286,0.37928507,0.72651404,0.748171,0.714873,0.2979871,0.7468219,0.7074647,0.7497443,0.28415266,0.77876157,0.62845135,0.7803395,0.42834494,Stable
0.37302548,0.5060508,0.50391823,0.65611076,0.51139003,0.37873492,0.72553104,0.74876285,0.7137481,0.2985161,0.7462261,0.7085433,0.75146955,0.28317106,0.7776291,0.6283246,0.77916574,0.4280554,Stable
0.3737857,0.50646615,0.50453997,0.65561557,0.5114013,0.3791152,0.7280474,0.74875826,0.7137662,0.29773635,0.74741715,0.706582,0.7515124,0.28263718,0.7764792,0.6289742,0.77844214,0.4294065,Stable
0.37399432,0.5061472,0.50436455,0.6557082,0.5115592,0.37913308,0.7287967,0.7493831,0.71361965,0.2976237,0.7469608,0.7052822,0.7524387,0.28238103,0.77653456,0.62974393,0.778197,0.43001318,Stable
0.3735484,0.50588256,0.502816,0.6553178,0.51120913,0.3792866,0.7247174,0.749628,0.71143454,0.29801595,0.7466743,0.70974535,0.75052565,0.2835262,0.7768589,0.6301006,0.77892584,0.4295413,Stable
0.37356126,0.5058745,0.50281906,0.65533274,0.5112227,0.3792497,0.72474116,0.7496342,0.7114736,0.2979815,0.7466716,0.7097702,0.75051546,0.28352094,0.77693003,0.6300622,0.7789838,0.4294859,Stable
0.3737139,0.505981,0.501956,0.6561767,0.5106104,0.3793289,0.72422063,0.74943686,0.7092272,0.2989785,0.7467363,0.70816255,0.74905485,0.2844686,0.7775781,0.6303654,0.7788986,0.42918193,Stable
0.37345442,0.5064144,0.50163394,0.6563946,0.5105868,0.37963146,0.7240147,0.7495028,0.7115277,0.29783198,0.74671596,0.7102427,0.7490555,0.2839644,0.77726644,0.6299348,0.7788972,0.42832062,Stable
0.3735739,0.506475,0.5014913,0.6567879,0.5105368,0.3801145,0.7238271,0.7494781,0.70969737,0.29873496,0.74576855,0.7127615,0.7496094,0.28336573,0.7777297,0.63027984,0.7791184,0.42883474,Stable
0.3734934,0.5066376,0.50175244,0.6571398,0.5109527,0.37963733,0.72406644,0.74930495,0.7109852,0.2977196,0.7507586,0.7290038,0.75093746,0.2830658,0.77785635,0.630085,0.77934146,0.42876977,Stable
0.37335384,0.5068707,0.5017158,0.6571387,0.5110129,0.3796278,0.72401565,0.7493014,0.71110886,0.29767743,0.7508232,0.72885984,0.75084424,0.28311345,0.7778439,0.63008666,0.7793938,0.4288143,Stable
0.3735313,0.5068712,0.503176,0.65694386,0.5111618,0.37914535,0.7239071,0.74978584,0.7129728,0.29690266,0.7464644,0.7108282,0.7509756,0.28349417,0.7769604,0.6295631,0.77844805,0.42912263,Stable
0.37408912,0.5073661,0.5020752,0.65740573,0.51075786,0.37927985,0.72429454,0.75040954,0.7128312,0.29661405,0.7460787,0.7118348,0.7512822,0.28344488,0.7757673,0.629207,0.77750814,0.42897663,Stable
0.37435573,0.5077411,0.5015094,0.65701,0.51067954,0.37921807,0.72409046,0.7505944,0.7123611,0.29673457,0.7468176,0.7075729,0.7511701,0.28250223,0.77511406,0.6290622,0.7769443,0.42962384,Stable
0.3742457,0.50788945,0.5015531,0.65731746,0.51064414,0.3783217,0.72399926,0.75044435,0.71302474,0.29538605,0.74590343,0.71072674,0.75094694,0.28250718,0.7756945,0.62932914,0.77738655,0.42825568,Stable
0.37425467,0.50790554,0.5015329,0.65731007,0.5106393,0.37831497,0.7240019,0.75044507,0.7129833,0.2954021,0.74588954,0.7105571,0.75094354,0.28252217,0.77572435,0.62931126,0.7773928,0.42824262,Stable
0.37432337,0.5069629,0.5021579,0.65719306,0.5099552,0.37788793,0.7244797,0.7503872,0.71166515,0.2959647,0.74641323,0.7103801,0.7510704,0.2810235,0.77543277,0.6279931,0.7767226,0.42663273,Stable
0.37454998,0.50714743,0.50271225,0.65747017,0.51021576,0.37781307,0.725412,0.7505776,0.7125332,0.29457653,0.7464718,0.7133571,0.75132287,0.28095883,0.77668464,0.62832475,0.7781249,0.4260666,Stable
0.37391847,0.50739723,0.5029705,0.65740836,0.5102171,0.3776722,0.72516274,0.75008553,0.7134265,0.2941269,0.75128335,0.72893345,0.75260013,0.28098792,0.77555627,0.6282277,0.77758545,0.4263831,Stable
0.37382,0.5068083,0.5033145,0.65769714,0.51055783,0.37741515,0.7254102,0.7501302,0.71491045,0.29401416,0.74607646,0.71602273,0.7516844,0.28164068,0.776328,0.62824744,0.77847886,0.4260183,Stable
0.37379378,0.5067585,0.5033667,0.6577083,0.51050407,0.37733603,0.7253823,0.75012434,0.71490335,0.29398853,0.7460396,0.7162496,0.7516605,0.28164244,0.7762675,0.6282466,0.7783975,0.42592296,Stable
0.3739044,0.5064869,0.5036671,0.65747523,0.510561,0.37774885,0.7262925,0.7499999,0.7150273,0.2947794,0.7512326,0.730808,0.751853,0.28118974,0.7760707,0.62730527,0.77794087,0.42629242,Stable
0.37367898,0.50693357,0.5034194,0.65786254,0.5111027,0.377527,0.7250612,0.74983203,0.7139909,0.29556888,0.75014555,0.731841,0.7510905,0.2799965,0.77652323,0.62832826,0.77810335,0.4267863,Stable
0.374053,0.50618374,0.5032864,0.65834427,0.5112462,0.37742645,0.7242329,0.74979913,0.7135224,0.29437873,0.7504469,0.73487806,0.75355506,0.27874538,0.77433276,0.628655,0.7762693,0.42749247,Stable
0.37445363,0.50569975,0.5036817,0.6582798,0.5113318,0.37686142,0.72477674,0.7501928,0.7144661,0.29342642,0.74892515,0.734029,0.75356996,0.27999687,0.77532434,0.62995756,0.7776348,0.42818022,Stable
0.37451133,0.505692,0.50367415,0.6582119,0.51137626,0.37693307,0.72465384,0.75014687,0.7142981,0.29363817,0.7490713,0.73407865,0.7534618,0.28008258,0.7752072,0.62984926,0.77765435,0.42812464,Stable
0.3743019,0.50624335,0.5032363,0.65794873,0.5116756,0.377037,0.72493577,0.7502338,0.7156327,0.29406527,0.7491555,0.7313843,0.7531368,0.28127116,0.7775125,0.62912476,0.779094,0.42766398,Stable
0.37434167,0.50602144,0.5032719,0.6580857,0.5113102,0.37642786,0.72497267,0.7498754,0.7146381,0.2944098,0.74853843,0.73061764,0.7523698,0.2804075,0.77663696,0.62948626,0.77843016,0.4276458,Stable
0.3750535,0.5066242,0.5029826,0.657875,0.5119989,0.37649852,0.73542684,0.75495625,0.71417034,0.29515266,0.7446332,0.7126272,0.7525892,0.28054285,0.77696323,0.6295607,0.7785182,0.42754674,Stable
0.3751824,0.5072935,0.5023104,0.6579745,0.51192117,0.3768464,0.73579013,0.75508547,0.7151219,0.2944175,0.7444145,0.7138216,0.7525908,0.28087783,0.77645105,0.63005257,0.7779157,0.42776668,Stable
0.37518117,0.5072931,0.5023168,0.65797925,0.51192075,0.37684596,0.7358011,0.7550857,0.7151229,0.29441714,0.7444095,0.7138444,0.7525902,0.28087664,0.77645147,0.63005376,0.7779159,0.42776752,Stable
0.37537643,0.5074067,0.50320846,0.6577363,0.5115237,0.37691957,0.7356992,0.7548892,0.7147512,0.29459608,0.7450241,0.7140397,0.7556789,0.27935404,0.77693784,0.62921953,0.7782397,0.42716825,Stable
0.37347504,0.5039737,0.5033723,0.6578063,0.51209885,0.37733096,0.7353801,0.7548925,0.7147361,0.29451036,0.7458412,0.715816,0.7558203,0.27914375,0.77679056,0.6307374,0.778327,0.42908716,Stable
0.37410635,0.50343484,0.50362754,0.6578495,0.5129547,0.3772853,0.73597276,0.7556381,0.71767604,0.29397225,0.7454418,0.7149304,0.7550881,0.28082013,0.777003,0.63118166,0.7786698,0.42978367,Stable
0.37453914,0.5034549,0.5037198,0.6580824,0.51298594,0.37822926,0.7343259,0.75506777,0.7158836,0.2951389,0.74410236,0.7140903,0.7544896,0.27983707,0.7772248,0.63209736,0.7792083,0.43116707,Stable
0.37452704,0.50351495,0.5037153,0.6580704,0.5129925,0.37826654,0.73434925,0.75507444,0.71583176,0.29516602,0.7440953,0.71430296,0.7545017,0.2797662,0.7772132,0.6321595,0.77919555,0.43120742,Stable
0.37367266,0.50163746,0.5036159,0.6583096,0.51223385,0.37828863,0.7333855,0.7541739,0.71439266,0.29584938,0.7439395,0.71649116,0.7542709,0.28029743,0.77585006,0.6324932,0.7775786,0.43206543,Stable
0.37641424,0.5062209,0.50420725,0.6585864,0.51248,0.37795243,0.7344713,0.75387836,0.7130357,0.2963937,0.7444996,0.71387696,0.7533035,0.28054613,0.77675724,0.63212967,0.7782589,0.43202206,Stable
0.3759069,0.5063245,0.5038049,0.65738726,0.5120581,0.3783818,0.72550094,0.7490673,0.71295524,0.29751882,0.7445494,0.714223,0.7547139,0.27936897,0.777424,0.63169444,0.7784659,0.43177587,Stable
0.37534463,0.5067399,0.50384974,0.65787196,0.5119558,0.37892413,0.72589576,0.74873036,0.71370983,0.29769254,0.74538004,0.71308446,0.75604194,0.27807188,0.77754927,0.6315354,0.7782825,0.43170023,Stable
0.3753094,0.50676984,0.5038091,0.65789294,0.51189566,0.3790055,0.72588485,0.74871683,0.7137918,0.29771662,0.7453861,0.7132342,0.7559723,0.27804518,0.7775633,0.6314942,0.7782632,0.4316426,Stable
0.37578923,0.5064281,0.5036379,0.65758544,0.51208484,0.38047418,0.72441924,0.74833024,0.71349233,0.29903206,0.7461712,0.71418846,0.75326097,0.28172702,0.77789295,0.6315814,0.779391,0.43362102,Stable
0.37553963,0.5061462,0.5040891,0.6582831,0.5122745,0.3799069,0.7244336,0.7491545,0.7154195,0.29717463,0.7504503,0.73222184,0.7550633,0.2801075,0.7773738,0.6316618,0.7787168,0.43292844,Stable
0.3755237,0.5065794,0.5037074,0.6582967,0.51224977,0.38062924,0.7245302,0.74870604,0.7150732,0.29798198,0.7513808,0.73103654,0.7538287,0.28048474,0.7771423,0.63156533,0.7781482,0.4326939,Stable
0.37416232,0.5021287,0.5033908,0.657434,0.51220584,0.38048822,0.7245025,0.74865663,0.71557426,0.29707235,0.7523498,0.7331671,0.75444335,0.27930105,0.77742213,0.63184357,0.779181,0.43260676,Stable
0.37416494,0.50213206,0.5033859,0.65743923,0.51220506,0.38048482,0.7245017,0.7486498,0.7155665,0.29708764,0.7522921,0.7332722,0.7545015,0.27927554,0.77740765,0.6318601,0.77918786,0.4326299,Stable
0.3756958,0.5023229,0.5028614,0.6578716,0.51330256,0.37940586,0.7240688,0.74846065,0.7205299,0.29439282,0.7507837,0.7317475,0.7522306,0.2811498,0.7761351,0.63860065,0.77906173,0.43366444,Stable
0.374022,0.49967915,0.50198114,0.6578113,0.51405936,0.37849015,0.7246122,0.74823946,0.7177672,0.29600835,0.75063705,0.7318828,0.7499966,0.28446952,0.7769482,0.63904965,0.7801236,0.43438983,Stable
0.3761592,0.50469637,0.50073314,0.65717196,0.51333046,0.37960565,0.72410333,0.74852127,0.71460265,0.29622906,0.74700475,0.7156335,0.74983144,0.2846514,0.77590024,0.6376883,0.77924055,0.43324476,Stable
0.376527,0.5041019,0.5010407,0.6573447,0.5125401,0.37934977,0.7242644,0.7484729,0.7139336,0.29930776,0.7521534,0.7310414,0.7512214,0.28825176,0.7769884,0.6378683,0.7802788,0.43338883,Stable
0.37664446,0.5041459,0.50115544,0.6573564,0.512641,0.37930918,0.7243208,0.7484125,0.714157,0.2992247,0.7521249,0.7307441,0.7513351,0.28840148,0.77705306,0.6379128,0.7804463,0.4333682,Stable
0.3752603,0.5026169,0.5020416,0.6571264,0.51290035,0.38032848,0.7262491,0.7492396,0.7149772,0.29884434,0.7464162,0.71056956,0.75224084,0.2880227,0.77895486,0.6388453,0.782653,0.4344532,Stable
0.3817944,0.5012004,0.5045712,0.6575121,0.51572037,0.37516996,0.736393,0.75507593,0.7234723,0.29583988,0.7451099,0.71270514,0.7545442,0.28992665,0.77800167,0.64002806,0.78210425,0.43552148,Stable
0.3829674,0.49527907,0.503043,0.65811104,0.5148209,0.3763227,0.73752785,0.7549796,0.7251556,0.29549673,0.7468214,0.7137276,0.75411034,0.28791314,0.7784225,0.6373577,0.78214496,0.43412519,Stable
0.3867737,0.49223065,0.50410366,0.6583967,0.51514727,0.37668186,0.7333805,0.75346863,0.7235429,0.2964544,0.7461033,0.7173323,0.75329006,0.2856428,0.77863204,0.63342655,0.7810346,0.43271506,Stable
0.38713998,0.49120998,0.5042751,0.6584523,0.5153663,0.37645957,0.73366684,0.75352585,0.7238142,0.29641753,0.7461308,0.7170769,0.75338954,0.28565633,0.7786118,0.63342786,0.78111434,0.4328177,Stable
0.38772607,0.48964167,0.50505525,0.65733385,0.5145407,0.37562352,0.7357111,0.7555839,0.7212107,0.29408026,0.7465075,0.71257913,0.75197315,0.29137367,0.7814874,0.62564445,0.7828025,0.43005526,Stable
0.3896541,0.4896108,0.50594217,0.65633,0.5147539,0.37440664,0.73015517,0.75292015,0.7220487,0.28293675,0.7509987,0.7550626,0.75435066,0.28321713,0.78286403,0.62786686,0.78529394,0.42288703,Stable
0.3878356,0.48879343,0.5030189,0.6541617,0.51289445,0.36867675,0.7299166,0.75359213,0.7225138,0.2813817,0.75378263,0.75663924,0.7524291,0.2850246,0.78598523,0.6271224,0.7881138,0.42189634,Stable
0.3876662,0.4886477,0.50303996,0.6541259,0.51290405,0.36869794,0.7300005,0.7535743,0.7224933,0.2813562,0.7537931,0.7563776,0.7524166,0.28509608,0.78604096,0.6271149,0.7881752,0.4220206,Stable
0.39077556,0.48435375,0.5015389,0.6577348,0.5137954,0.3633141,0.7284619,0.7537339,0.72282434,0.27567524,0.75003636,0.75820804,0.7534319,0.2801774,0.78493404,0.6241169,0.7878355,0.41723543,Stable
0.39069828,0.48438472,0.50157225,0.6576901,0.5138088,0.36339438,0.72844636,0.7536854,0.72257704,0.2757448,0.74991745,0.7580895,0.7506304,0.28979343,0.78494906,0.62408507,0.787897,0.41720054,Stable
0.38998148,0.48536605,0.50142366,0.6583556,0.5127398,0.36352748,0.7226473,0.7528996,0.7161562,0.27720138,0.7476647,0.75358295,0.7506525,0.28868914,0.78254116,0.6284853,0.7837545,0.4150278,Stable
0.38833648,0.4810635,0.4980483,0.6584282,0.5123613,0.36024708,0.7249553,0.7508954,0.72285646,0.2772647,0.7465114,0.75373834,0.7629858,0.27692008,0.78252876,0.6241342,0.78422856,0.40824756,Stable
0.38864315,0.48143005,0.4980753,0.6584076,0.51239234,0.36020333,0.7253029,0.75097555,0.7228277,0.2772028,0.7465245,0.75363195,0.7629334,0.27688715,0.78263533,0.62418354,0.7843234,0.408332,Stable
0.38467595,0.4791876,0.4939161,0.6594579,0.5114908,0.35572988,0.7303196,0.75563335,0.72218525,0.271223,0.74620426,0.7337823,0.76798,0.25909215,0.7827313,0.62469965,0.78208226,0.40448698,Stable
0.38373765,0.47367072,0.4925719,0.66037333,0.51376474,0.35179794,0.72016644,0.75453556,0.71790874,0.2694125,0.746475,0.7586632,0.77315617,0.24755174,0.7846085,0.62801695,0.7871511,0.4044488,Stable
0.38477287,0.46326885,0.4903425,0.6603463,0.51508844,0.3498871,0.71470153,0.759931,0.721287,0.2713435,0.74752223,0.7612021,0.7676368,0.20039855,0.7834951,0.6262392,0.78652847,0.38918012,Stable
0.38292086,0.45294794,0.49431437,0.66206956,0.5146532,0.34329292,0.7160833,0.76014537,0.7243798,0.26355565,0.75111,0.78077614,0.7675511,0.19867072,0.79036796,0.6277394,0.7957016,0.38647932,Stable
0.38294226,0.4527379,0.494346,0.66209775,0.5146893,0.3434237,0.71610224,0.76007426,0.7243547,0.2635337,0.7512195,0.7807864,0.76756096,0.19851594,0.79049206,0.6276902,0.79584396,0.38651118,Stable
0.3825533,0.44669637,0.49306184,0.66333914,0.5125762,0.34043312,0.7124028,0.75953144,0.72633207,0.26132637,0.7637803,0.8131971,0.7630249,0.1613287,0.7940811,0.6261214,0.7992188,0.3827264,Stable
0.37869048,0.4394164,0.48991892,0.6589555,0.5099011,0.34023637,0.7176136,0.76370496,0.715013,0.25848407,0.7662488,0.8013782,0.7575878,0.18059377,0.79287577,0.6216699,0.7953643,0.3707226,Stable
0.38220036,0.4358297,0.48592526,0.66325647,0.5077444,0.33082968,0.7177868,0.77579916,0.7269902,0.24022113,0.75935113,0.8081941,0.77027696,0.16657323,0.78583336,0.62440246,0.7875074,0.3700838,Stable
0.39375502,0.43654332,0.47746092,0.6607237,0.507579,0.3264814,0.71827555,0.7774328,0.71953297,0.23933123,0.7586787,0.80207264,0.7632388,0.15822525,0.77900976,0.61506283,0.781681,0.36528382,Stable
0.3937524,0.436552,0.47753662,0.6606442,0.507497,0.3262705,0.7184698,0.7775108,0.7196412,0.23921536,0.758862,0.80195475,0.763903,0.1581785,0.7790777,0.6148682,0.78174937,0.36497408,Stable
0.39407703,0.42594296,0.4803315,0.6674712,0.5117334,0.31828696,0.7263495,0.79167646,0.73846114,0.23428142,0.74778545,0.79782736,0.76875067,0.14180747,0.787367,0.6264818,0.7950369,0.37103567,Stable
0.40194213,0.41330314,0.47279775,0.66435564,0.51002526,0.31661755,0.7214891,0.80181617,0.733132,0.22350757,0.7462983,0.7721466,0.76677203,0.14280336,0.78779805,0.62553203,0.7969281,0.3702395,Stable
0.41892087,0.40834898,0.47524393,0.6762992,0.5082053,0.3142652,0.72618365,0.8173926,0.72983205,0.2142306,0.7385752,0.7744968,0.76094186,0.15182352,0.7778101,0.6411426,0.78199697,0.38241217,Stable
0.40121612,0.39146805,0.4713851,0.680792,0.51245654,0.31336746,0.7333375,0.83397496,0.7326321,0.21001035,0.7244145,0.7294954,0.7613547,0.15409994,0.783326,0.64380455,0.78362983,0.38378692,Stable
0.40114796,0.3913293,0.471356,0.6806413,0.51255614,0.31336457,0.73332024,0.8338768,0.7327597,0.20986085,0.7244363,0.7297079,0.7611034,0.1544683,0.78313893,0.643691,0.78340816,0.38373417,Stable
0.3972944,0.38120353,0.47192264,0.6898247,0.5098792,0.31374148,0.7345628,0.847454,0.70997334,0.21269147,0.7372317,0.7257911,0.7683685,0.14010106,0.7854965,0.6436503,0.7907133,0.38186952,Stable
0.40016222,0.37596628,0.46858907,0.6942184,0.508633,0.3149598,0.7353599,0.84913933,0.7257137,0.19573951,0.7436273,0.70728135,0.7667177,0.12933773,0.78312826,0.656288,0.7906095,0.38675708,Stable
0.3850616,0.35953486,0.4693365,0.69692016,0.50500035,0.31718045,0.74079394,0.85511446,0.6996373,0.20626812,0.73452723,0.71996224,0.7650423,0.12679444,0.79040086,0.6692783,0.78461397,0.38573074,Stable
0.37833226,0.347683,0.46961758,0.6941547,0.5094614,0.31185293,0.7476243,0.8631778,0.72604895,0.19658852,0.74511325,0.70434535,0.7665264,0.12926657,0.79151475,0.67070645,0.7866324,0.38906294,Stable
0.3784427,0.3477281,0.46970305,0.694164,0.50944173,0.31187832,0.7478456,0.863429,0.7263651,0.19627522,0.74519336,0.70443815,0.7665905,0.1292899,0.79177827,0.67069715,0.7868225,0.38904494,Stable
0.3838205,0.35182607,0.47312224,0.6951448,0.5165353,0.30638614,0.7445809,0.87013006,0.72030187,0.18610877,0.7459742,0.70534027,0.76431847,0.119077645,0.78492874,0.68471235,0.7815236,0.40077752,Stable
0.38425347,0.34995803,0.47873956,0.6997179,0.5088175,0.30925888,0.7453823,0.8697192,0.71742606,0.19336739,0.73808694,0.71978205,0.7664653,0.12253234,0.7854268,0.68870443,0.7851683,0.40187812,Stable
0.3825682,0.3475421,0.47747135,0.6971644,0.515667,0.30149224,0.73881054,0.8566451,0.719803,0.20230606,0.7442724,0.7183396,0.76385325,0.114959076,0.78620356,0.6723268,0.7864933,0.38968277,Stable
0.3813296,0.35239252,0.4750213,0.69605863,0.5171324,0.29752636,0.73701394,0.8513179,0.72137415,0.18508738,0.74193215,0.71855235,0.7664439,0.12072313,0.787022,0.67046034,0.78913736,0.38184422,Stable
0.38090047,0.35256928,0.47487652,0.6961228,0.51714987,0.29762185,0.73701715,0.85133785,0.7211578,0.18513487,0.74186206,0.718709,0.7663832,0.120520644,0.78704953,0.6705188,0.78913164,0.38211697,Stable
0.3750443,0.36204273,0.47546273,0.69954056,0.50760615,0.2955327,0.7515828,0.8565233,0.7293608,0.18452343,0.73776674,0.7182114,0.77480954,0.12510577,0.7967285,0.66863745,0.80469465,0.37749466,Stable
0.3790333,0.3678772,0.47689104,0.6999344,0.5057966,0.29561248,0.75231266,0.85024804,0.7310406,0.1772186,0.7449074,0.7052913,0.7738356,0.12448829,0.79335374,0.65410584,0.79252625,0.36531228,Stable
0.38072258,0.3822641,0.47518498,0.6995799,0.50564355,0.29486388,0.7557951,0.84309316,0.7330313,0.18469599,0.746318,0.71904606,0.7743633,0.13244422,0.7954318,0.6663541,0.8041308,0.37748885,Stable
0.3631341,0.38919526,0.4759931,0.69817984,0.50309306,0.29672313,0.7505219,0.8422743,0.7306792,0.19576822,0.7442682,0.71591353,0.76522416,0.1347912,0.7953329,0.666939,0.80326366,0.3651297,Stable
0.3637008,0.38909984,0.47613963,0.6981423,0.50294685,0.29658532,0.75065446,0.84184504,0.7307818,0.19582132,0.744147,0.7159464,0.7653196,0.13457233,0.795232,0.6669223,0.8030895,0.36508057,Stable
0.3592118,0.39240238,0.47669625,0.7009567,0.50262284,0.29846588,0.75144935,0.8424062,0.7413532,0.19962363,0.7483396,0.7162242,0.7695267,0.14799999,0.80460805,0.6682784,0.80816555,0.37635493,Stable
0.35202098,0.39184183,0.47802383,0.70148265,0.5056919,0.30722263,0.7526808,0.83793634,0.7387578,0.2066366,0.74852955,0.71249,0.769189,0.14441845,0.8025626,0.67103374,0.80804884,0.36761254,Stable
0.35537165,0.3942165,0.4809557,0.7113185,0.5071014,0.3160077,0.75072944,0.8394002,0.73908013,0.2190595,0.75544024,0.7119445,0.76370525,0.16756919,0.7975906,0.67306745,0.7973715,0.38224304,Stable
0.35888597,0.40721118,0.47852868,0.71191204,0.5076411,0.32923484,0.74113244,0.84676516,0.7336313,0.23056984,0.755989,0.7151767,0.7656994,0.1819818,0.79771227,0.67429566,0.8017413,0.38832697,Stable
0.35888863,0.40724835,0.47867426,0.7120646,0.50767976,0.3292187,0.741308,0.8468573,0.73357624,0.23069376,0.7558672,0.715125,0.7656915,0.18224722,0.79764074,0.67417854,0.8018207,0.38830835,Stable
0.3745484,0.42394814,0.4747028,0.71305573,0.50491035,0.33813608,0.73358214,0.83968353,0.7207412,0.24382006,0.759532,0.7086792,0.7560598,0.18919146,0.79106164,0.6747142,0.8002057,0.40045476,Stable
0.35877356,0.43158972,0.47346532,0.7113838,0.5038923,0.34576356,0.7328713,0.8392476,0.7298119,0.2664526,0.75101227,0.717474,0.75971794,0.21598528,0.7880888,0.6763718,0.79880726,0.41351432,Stable
0.35233748,0.43110025,0.47028273,0.70935005,0.5003272,0.35266078,0.72641456,0.833575,0.71852297,0.27735984,0.7502072,0.7224736,0.76216334,0.21958947,0.78808427,0.666788,0.79915726,0.41091263,Stable
0.36046454,0.43362355,0.47490904,0.71277106,0.49897915,0.35601985,0.7285085,0.8312763,0.7249689,0.29404476,0.7482864,0.71409106,0.7632372,0.23488727,0.786109,0.667103,0.79890025,0.42326915,Stable
0.36013627,0.4335056,0.4749429,0.7126374,0.49885565,0.3560592,0.72852004,0.831104,0.7250382,0.29410332,0.7484108,0.71417236,0.76312566,0.23464333,0.7859317,0.66701543,0.79875636,0.42335624,Stable
0.36112878,0.43649274,0.47751495,0.7157887,0.49745628,0.35810894,0.73289245,0.8310474,0.7241694,0.3013792,0.7539343,0.7114658,0.7643033,0.23998317,0.7874888,0.6797523,0.797301,0.42690885,Stable
0.37919545,0.44902343,0.47850692,0.71455014,0.49682343,0.36969483,0.7334591,0.8280872,0.7226013,0.3118793,0.75803536,0.6912683,0.76984495,0.23030216,0.7904956,0.6762282,0.79868233,0.42885458,Stable
0.35349032,0.46115255,0.48003232,0.7177955,0.50113785,0.36924455,0.7322593,0.82736367,0.7199235,0.31436458,0.7524525,0.7447049,0.7654768,0.2557241,0.7900807,0.66939306,0.79627526,0.4290464,Stable
0.33580312,0.4790848,0.47991836,0.7139365,0.5038923,0.37790954,0.7244623,0.82461274,0.71085906,0.31853867,0.7542772,0.8432925,0.7648883,0.28639802,0.7877414,0.6675822,0.79430914,0.4344284,Stable
0.33617458,0.47882485,0.47999346,0.7139468,0.5039579,0.37778068,0.72973466,0.8276381,0.71101725,0.31843668,0.7541592,0.84331226,0.764971,0.28647456,0.7878982,0.66767263,0.7945889,0.43440402,Stable
0.33434618,0.47749895,0.48376828,0.71339506,0.50197536,0.38161284,0.7312287,0.8282447,0.7102827,0.31977725,0.750839,0.6828754,0.7762663,0.2946463,0.77983665,0.6664226,0.78531075,0.43543443,Stable
0.34298155,0.48347127,0.48693705,0.7137002,0.5006917,0.3873341,0.72812235,0.8232517,0.69994664,0.3228027,0.75201535,0.7395495,0.7737167,0.30164075,0.7856399,0.6672522,0.7897606,0.4312467,Stable
0.3404679,0.48528978,0.4871119,0.715152,0.5055175,0.3887065,0.72475094,0.8284584,0.7053063,0.32646602,0.7412638,0.7724501,0.7760772,0.30220327,0.7844453,0.669515,0.79226375,0.43520305,Stable
0.3394134,0.48734137,0.4872559,0.71408784,0.50793576,0.38627383,0.72717786,0.8283453,0.7141844,0.32355535,0.7485447,0.746555,0.7778163,0.31764835,0.7850429,0.6700164,0.7932801,0.43958578,Stable
0.33918655,0.48719817,0.48752135,0.7140879,0.5080492,0.386235,0.7273357,0.82836664,0.71430624,0.32341743,0.7486362,0.7464311,0.7778796,0.31739172,0.78517485,0.6698687,0.79340625,0.4395616,Stable
0.34107494,0.4915058,0.48795897,0.70869136,0.50801104,0.3924396,0.7182674,0.8201248,0.7037082,0.33050042,0.7429239,0.77806634,0.7689675,0.3260038,0.78544205,0.66681767,0.7947768,0.44826183,Stable
0.34886095,0.49299273,0.49002105,0.7083194,0.5015859,0.38871163,0.7193567,0.8246739,0.7134329,0.32761467,0.7431623,0.77952856,0.7726859,0.322973,0.782989,0.66664356,0.79118246,0.43750238,Stable
0.3555054,0.49541473,0.48810828,0.70962876,0.5050386,0.39010376,0.7187265,0.8231188,0.7144395,0.33192182,0.7403761,0.78467244,0.77564466,0.32214513,0.78237593,0.6709819,0.79243195,0.44912916,Stable
0.35745806,0.49803632,0.48840627,0.70975864,0.5033444,0.39137816,0.7208717,0.8144018,0.7041992,0.33543825,0.74203193,0.7827425,0.76333845,0.32186484,0.783538,0.66795987,0.789691,0.4489292,Stable
0.3574751,0.4981292,0.48851797,0.7096984,0.5034004,0.39143008,0.72086114,0.81461227,0.70405453,0.33547696,0.7419483,0.782755,0.7633339,0.3219226,0.7836289,0.66795635,0.78977793,0.44898558,Stable
0.36401522,0.49615797,0.4936576,0.70915973,0.50476706,0.39844936,0.71815515,0.81691283,0.70915645,0.33875102,0.7428489,0.78518903,0.7734115,0.3189165,0.783128,0.6693463,0.7902349,0.4515118,Stable
0.3651753,0.5000229,0.4922849,0.7070669,0.5077583,0.3978063,0.71694565,0.81030273,0.721048,0.3365941,0.7441211,0.7869625,0.7780868,0.32487452,0.77607775,0.6697668,0.7852616,0.4561352,Stable
0.36257145,0.50441027,0.492486,0.7069974,0.5091462,0.39747393,0.7148025,0.81664914,0.7151441,0.33667547,0.7453253,0.79424334,0.77973735,0.32546568,0.77466965,0.66997004,0.7824711,0.45519242,Stable
0.3684652,0.5084091,0.49168056,0.7018485,0.512491,0.40139586,0.71456885,0.81161684,0.70859355,0.33812082,0.744745,0.807492,0.77814996,0.32441416,0.7756009,0.667721,0.7810943,0.45655668,Stable
0.36825305,0.5080597,0.49151832,0.7018492,0.51237094,0.40163755,0.71450067,0.8116957,0.70824236,0.33869666,0.7447109,0.8074803,0.7777095,0.32480234,0.775398,0.6677038,0.78092027,0.45667583,Stable
0.36888537,0.511979,0.48821604,0.70048946,0.5108658,0.40957206,0.7067024,0.81093216,0.70445645,0.340921,0.7484647,0.79762805,0.77140844,0.3214105,0.7778591,0.6672808,0.7823062,0.4590755,Stable
0.3726978,0.5105827,0.49040982,0.6978512,0.51181495,0.41231412,0.7077517,0.8097469,0.7041789,0.33775634,0.75006056,0.81340325,0.77027243,0.32155895,0.7791239,0.6664442,0.78261346,0.46687514,Stable
0.36991295,0.5118896,0.48705173,0.69519037,0.5096314,0.4136177,0.69820213,0.80633175,0.7031187,0.3361619,0.7548207,0.8144673,0.7732045,0.3235906,0.7723982,0.65856147,0.778125,0.45592093,Stable
0.37360173,0.51263237,0.4869984,0.69236577,0.51150733,0.41107088,0.7000696,0.81008023,0.71839017,0.33454806,0.75882804,0.83203286,0.7736823,0.3214169,0.77977324,0.65681964,0.78358763,0.45475304,Stable
0.37369746,0.5126428,0.4870497,0.692369,0.5116013,0.41112086,0.7000548,0.81004345,0.7183847,0.3346251,0.7588905,0.83233947,0.77431464,0.3212577,0.77982783,0.6567168,0.78363585,0.45470834,Stable
0.37408563,0.50941277,0.48994774,0.68997854,0.5107431,0.40652952,0.7001872,0.80517167,0.7109772,0.3287177,0.75419927,0.8128072,0.77343893,0.32273412,0.77374476,0.6570589,0.7805511,0.45028076,Stable
0.37403822,0.5005455,0.48751983,0.6858908,0.51444894,0.40008497,0.69638,0.79825246,0.7015943,0.3327232,0.7506838,0.8137094,0.76268315,0.32851887,0.76901007,0.65208316,0.77692425,0.45144016,Stable
0.3744691,0.49570474,0.4878448,0.67864084,0.51170355,0.40602952,0.67919755,0.7885284,0.69547284,0.3326643,0.74774253,0.8121125,0.7571274,0.31705,0.76992726,0.65310866,0.77985895,0.4517009,Stable
0.3736347,0.49305412,0.48750955,0.6726069,0.50889945,0.40026575,0.6819665,0.7939717,0.6923758,0.33166704,0.74216247,0.8070322,0.7561854,0.3020351,0.7669255,0.65551317,0.77782863,0.45541066,Stable
0.37370738,0.49289477,0.48754284,0.67261165,0.50896585,0.4000778,0.6815289,0.79352164,0.69250035,0.33158365,0.742432,0.80665463,0.7561424,0.30207837,0.7668301,0.65542233,0.777895,0.45520794,Stable
0.37405118,0.4881183,0.48291266,0.6662607,0.5100444,0.39331362,0.673951,0.7929515,0.7047295,0.3240686,0.7277228,0.80616546,0.7497961,0.30599195,0.76890653,0.6518816,0.78117454,0.45154446,Stable
0.37571472,0.4807145,0.4873502,0.66690964,0.5101788,0.39232105,0.6776179,0.8032908,0.6993162,0.3221295,0.7251517,0.8028674,0.7616879,0.3011633,0.77954334,0.6566839,0.78960466,0.4515385,Stable
0.3730913,0.4791332,0.48250836,0.6640558,0.51011163,0.3911739,0.66371363,0.80397344,0.69953865,0.31757015,0.7201476,0.80700916,0.7707815,0.30072686,0.77879924,0.64547926,0.78676647,0.44689688,Stable
0.3681776,0.4760016,0.47959992,0.6583947,0.5116394,0.3880195,0.6491463,0.79925275,0.70482063,0.31347644,0.7203572,0.8111868,0.77771556,0.2968689,0.7805371,0.65074825,0.7885987,0.4487513,Stable
0.36808106,0.47595355,0.47953832,0.65840685,0.511643,0.38799164,0.6491164,0.79937285,0.70469475,0.31346983,0.7202753,0.81110615,0.7775895,0.2964204,0.7803239,0.650568,0.7885071,0.44872928,Stable
0.36682257,0.47476995,0.477942,0.6601986,0.5078047,0.3805842,0.64693373,0.80088353,0.6884271,0.31889555,0.735182,0.80323637,0.7766535,0.28844708,0.7876808,0.6533496,0.7934391,0.44473517,Stable
0.3614964,0.47582573,0.47474664,0.66063744,0.50060874,0.37697396,0.6451367,0.7982222,0.6826245,0.31943786,0.7477488,0.79828465,0.7699654,0.28799322,0.7834162,0.65510523,0.78907025,0.44354078,Stable
0.36377585,0.47401783,0.47416112,0.6640005,0.496855,0.37182784,0.6402631,0.79648626,0.734002,0.29925644,0.7329513,0.80254793,0.76293755,0.27044046,0.78212094,0.6599865,0.7916312,0.44266066,Stable
0.36074013,0.47439846,0.47127852,0.66216815,0.49244326,0.3732284,0.6388421,0.7950264,0.6912122,0.3071945,0.7289797,0.79989314,0.751287,0.27354425,0.7811142,0.6487279,0.7893411,0.42612052,Stable
0.36078033,0.47420868,0.47122943,0.6621976,0.4925432,0.3730656,0.63897973,0.795081,0.69167084,0.30701146,0.729002,0.79992414,0.7517509,0.27340275,0.7812606,0.64879626,0.7895567,0.4259407,Stable
0.35693416,0.47636008,0.4678319,0.6612077,0.48570985,0.36921903,0.62129354,0.78858113,0.65843683,0.31534034,0.72851634,0.79800624,0.74276155,0.28852373,0.78021544,0.6486279,0.7857896,0.42798382,Stable
0.35723042,0.47651574,0.46723983,0.6610462,0.48642397,0.3640122,0.61300474,0.7753259,0.6904216,0.3055269,0.71817803,0.79409957,0.7423891,0.28687954,0.77844137,0.6507633,0.78459233,0.42792118,Stable
0.35598618,0.47419465,0.462305,0.66140485,0.48202658,0.36063957,0.6154164,0.77644646,0.68590176,0.30198848,0.7135979,0.7990813,0.7482352,0.2845313,0.7807085,0.6597147,0.78665274,0.42327577,Stable
0.3537867,0.47112906,0.45641038,0.6652927,0.47321117,0.36332953,0.61152905,0.7689771,0.6343726,0.31182113,0.70790213,0.7973566,0.7473545,0.28877032,0.7833209,0.6648779,0.7875323,0.43079886,Stable
0.35352337,0.47111398,0.45640957,0.66526806,0.4732176,0.36337695,0.61146057,0.76894295,0.6342418,0.31178325,0.7079742,0.79742974,0.7472958,0.28876933,0.7836801,0.6648223,0.78783315,0.43075955,Stable
0.35650572,0.4709183,0.45193988,0.6695723,0.47370312,0.3648404,0.60257494,0.7689308,0.63321286,0.3099243,0.7041869,0.79289305,0.75223076,0.2796063,0.775334,0.6655742,0.7802927,0.43629557,Stable
0.35493982,0.46808648,0.4551452,0.66963434,0.4734814,0.3636899,0.63719225,0.7844464,0.6347923,0.30879617,0.7091503,0.7936294,0.7556514,0.28098574,0.77727675,0.6651045,0.7833568,0.43346366,Stable
0.35516903,0.4700852,0.4553003,0.67224693,0.4722265,0.36417186,0.6016762,0.77373016,0.6314628,0.31156343,0.7102866,0.7936076,0.7489933,0.27983326,0.7790432,0.66322994,0.78809255,0.43247855,Stable
0.35807353,0.4700181,0.45266196,0.675007,0.46923813,0.36634868,0.59666806,0.776473,0.63156176,0.3164155,0.7135916,0.7918443,0.74771476,0.2804246,0.77499425,0.66719097,0.78401256,0.43295723,Stable
0.35792476,0.470036,0.45269006,0.6750649,0.469198,0.36629856,0.59663016,0.7764272,0.6316203,0.31637195,0.71363306,0.7918613,0.7478141,0.28049368,0.7749943,0.66716707,0.784008,0.4330501,Stable
0.35685128,0.46747774,0.44981357,0.6777668,0.46979904,0.36348152,0.62683827,0.78919685,0.6639805,0.3182367,0.7144177,0.79455364,0.74815834,0.28660697,0.7800015,0.6641671,0.78714794,0.4323325,Stable
0.35559165,0.46485752,0.45236346,0.67988724,0.47138172,0.36471868,0.63267386,0.78761506,0.69190234,0.31846827,0.7288159,0.7970762,0.73690766,0.28429586,0.779817,0.670547,0.7889649,0.43759912,Stable
0.35685453,0.4632691,0.4553898,0.68500984,0.47164607,0.36304224,0.6521069,0.78960216,0.6774173,0.32255137,0.7366444,0.80371225,0.7495636,0.28794047,0.78864956,0.66739833,0.7943244,0.43524882,Stable
0.35857898,0.4648717,0.44837555,0.6827736,0.47298753,0.36636657,0.5939733,0.7815876,0.7010366,0.31959254,0.72177017,0.8057221,0.76898026,0.29983625,0.78112864,0.67765915,0.79424226,0.44983995,Stable
0.3583867,0.46436498,0.44801164,0.682798,0.4729535,0.3662278,0.59353125,0.7811076,0.7009158,0.31958634,0.7216839,0.80559367,0.76874936,0.30012208,0.7807431,0.677701,0.79389656,0.45000345,Stable
0.35900313,0.465037,0.44672748,0.687196,0.47110316,0.36367068,0.591285,0.7787613,0.6803415,0.320877,0.7311675,0.80827206,0.75542444,0.2990324,0.77922904,0.6764099,0.7915591,0.45233783,Stable
0.3576101,0.46682614,0.44486088,0.68393695,0.47042605,0.36551833,0.59418935,0.7813488,0.69065344,0.32467318,0.7319678,0.8161451,0.76140213,0.2984233,0.77933097,0.67797416,0.78863287,0.4503966,Stable
0.35836983,0.46524417,0.45237133,0.6930298,0.4712209,0.36475512,0.6128156,0.78545374,0.6883004,0.32213908,0.7436189,0.82024044,0.7579624,0.29952455,0.78783834,0.6712649,0.7940456,0.4351704,Stable
0.36069033,0.46490836,0.45679983,0.6955723,0.46910986,0.3667872,0.6183213,0.78821516,0.6788992,0.31969044,0.75606847,0.83314383,0.7618588,0.27854818,0.78405726,0.67001665,0.78754467,0.43562174,Stable
0.36057866,0.46484447,0.4567587,0.69561785,0.4691195,0.36687607,0.618427,0.7881838,0.6788947,0.3197788,0.7560936,0.8331258,0.76200664,0.27846092,0.7840287,0.66995287,0.78765196,0.43550235,Stable
0.36319596,0.46077654,0.46429428,0.6967807,0.4701019,0.36515766,0.71884453,0.82920355,0.71664107,0.30195126,0.7591206,0.8369812,0.76793134,0.26939633,0.78289187,0.6622321,0.78993976,0.43468785,Stable
0.3634063,0.45771754,0.46805844,0.69524837,0.4697762,0.36848724,0.7109114,0.82116425,0.65404534,0.31081524,0.7506521,0.8270483,0.76098603,0.27173513,0.77834165,0.66266525,0.7827763,0.43177173,Stable
0.36296713,0.45640463,0.46623307,0.69239897,0.46826625,0.36726946,0.69559526,0.8218386,0.66642886,0.30142933,0.7598506,0.7397641,0.76496595,0.26517162,0.77307165,0.6579795,0.77389157,0.43112314,Stable
0.3602165,0.46101123,0.4716032,0.6921263,0.46639404,0.37054992,0.69577163,0.82471454,0.66518545,0.30790928,0.7572677,0.74526405,0.75232476,0.2681657,0.7757262,0.64777565,0.7772094,0.41602933,Stable
0.3603514,0.46107483,0.47163102,0.6921797,0.46632582,0.3705506,0.6954693,0.82466674,0.66531706,0.30786133,0.75700426,0.74528646,0.752375,0.2684978,0.7740793,0.65447664,0.7770239,0.41636693,Stable
0.35899982,0.45750952,0.4619343,0.6887047,0.4669009,0.37580305,0.7009835,0.8222305,0.6678826,0.30554825,0.75666714,0.80565137,0.7543874,0.26585674,0.78485847,0.65852463,0.78449935,0.43250954,Stable
0.35943362,0.45896146,0.46838257,0.6936807,0.46965373,0.3735393,0.7125284,0.826184,0.67336404,0.30162174,0.7661962,0.73762786,0.77389383,0.26178405,0.78116935,0.65649354,0.78160286,0.42648643,Stable
0.36027747,0.4608881,0.4682722,0.6949994,0.46865258,0.36900756,0.6891053,0.8244569,0.6745901,0.30450958,0.75718206,0.713604,0.77438414,0.27002382,0.78087974,0.65862,0.7862747,0.4242823,Stable
0.36121726,0.45928526,0.46410006,0.6979644,0.4674868,0.36673734,0.66890645,0.8205671,0.6881115,0.30100137,0.7570436,0.76053464,0.7801603,0.27112353,0.7844868,0.65639997,0.7900023,0.42259318,Stable
0.36124843,0.45871133,0.46407613,0.6981611,0.4671504,0.36679468,0.66906756,0.8207388,0.6880774,0.30123013,0.756914,0.759763,0.7796389,0.27122152,0.7845003,0.65629613,0.78983223,0.4225418,Stable
0.3590476,0.46388292,0.46012735,0.7007534,0.4687721,0.36741528,0.6695117,0.8179555,0.69520175,0.3051132,0.7616603,0.76207006,0.7796955,0.2728924,0.7823857,0.65901434,0.7853718,0.42729086,Stable
0.36337286,0.46375927,0.46024287,0.70056593,0.4663018,0.3701809,0.66424835,0.81869954,0.6819321,0.31416863,0.75539815,0.81676215,0.7715835,0.27545226,0.78501266,0.66032696,0.7882943,0.42778802,Stable
0.36513683,0.45823443,0.45677215,0.7017347,0.4649641,0.36916226,0.6705321,0.823475,0.67412436,0.31341457,0.7522978,0.77769005,0.75772685,0.2671381,0.78637666,0.66496015,0.7926253,0.43434903,Stable
0.37495226,0.4563139,0.45730683,0.7039718,0.46318352,0.37086958,0.6872021,0.831701,0.67064524,0.3132692,0.76113343,0.787992,0.7429785,0.26726916,0.7876217,0.66153175,0.78920996,0.43623406,Stable
0.37491304,0.45628852,0.45724463,0.70388937,0.46326488,0.37081265,0.68716216,0.8317039,0.6710516,0.31325132,0.761137,0.78805995,0.742922,0.2675187,0.7876015,0.6615531,0.78920686,0.43643793,Stable
0.37556252,0.454074,0.45053124,0.7046806,0.4621743,0.36730796,0.69192904,0.83907527,0.65457827,0.31447595,0.75273764,0.7943896,0.7290046,0.2805759,0.7867567,0.65712494,0.7879619,0.43014473,Stable
0.3869707,0.45448244,0.45025164,0.70784414,0.45911023,0.3651464,0.68300337,0.8403648,0.6925706,0.29891878,0.76237506,0.7911016,0.72163284,0.28155565,0.7840637,0.662382,0.78871834,0.43057978,Stable
0.40254042,0.44785687,0.44923282,0.71147436,0.45341176,0.3679353,0.6736188,0.84085584,0.7430014,0.28047204,0.7785573,0.86098427,0.73863316,0.27603492,0.78430575,0.670488,0.79225194,0.43419105,Stable
0.4090051,0.45349282,0.4569548,0.71817255,0.45330405,0.36741942,0.69984,0.8464688,0.65106994,0.30504847,0.7713995,0.80137295,0.72853535,0.2676434,0.7925274,0.6715964,0.799685,0.4281984,Stable
0.40902865,0.45322844,0.45703062,0.7182038,0.45337772,0.36747247,0.69971097,0.8464169,0.6514066,0.30495238,0.7714143,0.80125445,0.7285398,0.26767027,0.79252636,0.6717021,0.79968727,0.42828494,Stable
0.39640963,0.44950426,0.44999665,0.71379155,0.4509029,0.37212306,0.6585074,0.83862305,0.62982166,0.30880338,0.77456725,0.8636695,0.72892493,0.28411093,0.7909,0.67402303,0.7962884,0.42942023,Stable
0.39980042,0.4484125,0.45715913,0.71828353,0.44971353,0.37111753,0.69508666,0.84882,0.6286886,0.30763876,0.78195083,0.86388814,0.72951996,0.27990463,0.790378,0.6681193,0.7949373,0.4244491,Stable
0.40316853,0.4498602,0.4584539,0.7212908,0.4559564,0.3661744,0.68870014,0.84811914,0.73131585,0.28345066,0.7826369,0.86221427,0.72001135,0.27457872,0.79350704,0.6774549,0.80173564,0.42642325,Stable
0.40422067,0.4407726,0.456429,0.72296417,0.45512626,0.36567244,0.71368456,0.8553171,0.7383368,0.2844118,0.75965446,0.7809992,0.7270479,0.2855329,0.793455,0.67765826,0.8010797,0.43150467,Stable
0.40440556,0.44051987,0.4567332,0.72322404,0.45528635,0.36567986,0.7139939,0.8554084,0.73846555,0.28446385,0.7638659,0.78397673,0.7271155,0.2857777,0.79354346,0.6777856,0.80123055,0.43168002,Stable
0.4109432,0.44114286,0.45310974,0.7263429,0.4539181,0.36619258,0.7063388,0.8557619,0.73895586,0.28859103,0.76216614,0.7840378,0.7122551,0.2909123,0.7865893,0.67863786,0.7945014,0.4434265,Stable
0.41270944,0.43766186,0.46078727,0.729089,0.45923993,0.3603862,0.7096554,0.85714495,0.7394645,0.28723007,0.7531485,0.77616286,0.7036092,0.2942075,0.7874612,0.6793543,0.79549897,0.44538674,Stable
0.4054466,0.4410839,0.45953566,0.72759813,0.46154746,0.3563907,0.6182486,0.8600682,0.7341367,0.2844407,0.7339224,0.7721829,0.7012896,0.28673154,0.783862,0.68770164,0.7978327,0.4436943,Stable
0.40549454,0.43715352,0.45415008,0.72708297,0.4588977,0.3583538,0.61043715,0.8580879,0.7389723,0.29133716,0.77796817,0.8587762,0.7024983,0.28921238,0.7843193,0.6898133,0.79829305,0.4483398,Stable
0.40547705,0.4371022,0.45401073,0.72689295,0.45886487,0.35837245,0.61029667,0.85805,0.73898804,0.2913386,0.7777843,0.85878813,0.70260686,0.28924054,0.78433704,0.6899232,0.79822254,0.4484747,Stable
0.4154045,0.43798828,0.4516278,0.72650665,0.45435596,0.35946536,0.6104236,0.8576669,0.7390505,0.29132226,0.77821535,0.85906,0.7413343,0.29461443,0.7822875,0.6830044,0.7917697,0.44833028,Stable
0.4192286,0.43492204,0.45407388,0.73274684,0.4623558,0.35666475,0.61131424,0.8586991,0.74199677,0.29432565,0.78075755,0.85636044,0.7025797,0.29053834,0.7830844,0.69101924,0.79243124,0.45115262,Stable
0.41515335,0.4371383,0.4547448,0.728729,0.45281145,0.3562088,0.60971177,0.85910773,0.745196,0.29910293,0.7793422,0.8504056,0.68478835,0.28535724,0.7769865,0.69173974,0.7855209,0.45145032,Stable
0.41870996,0.43854427,0.4568238,0.73485875,0.4505995,0.35300612,0.7078397,0.85449135,0.73831695,0.29212824,0.7569684,0.77572024,0.69524187,0.29140466,0.7783861,0.6939235,0.78845465,0.45055658,Stable
0.41870993,0.4385681,0.45687625,0.7346894,0.45068192,0.35293218,0.7077668,0.8545158,0.73834723,0.2921923,0.7568892,0.77572626,0.695256,0.29162264,0.77831185,0.6938733,0.7884199,0.45047933,Stable
0.41534156,0.43495107,0.45579466,0.7360109,0.45179284,0.34961665,0.61882687,0.86048716,0.7349651,0.2891913,0.7530794,0.77577174,0.7428767,0.29039988,0.7772362,0.696295,0.78903663,0.44651684,Stable
0.41844445,0.4335392,0.45420033,0.73734176,0.45246786,0.3484976,0.72666264,0.856081,0.7371611,0.29093018,0.75492084,0.77656525,0.74213165,0.29083848,0.7774014,0.6974587,0.79161954,0.44675872,Stable
0.41983208,0.4338281,0.44449648,0.7272393,0.44975114,0.34771436,0.61961955,0.8583083,0.7367196,0.28918648,0.7522749,0.76666987,0.72586834,0.2943058,0.77170265,0.6959714,0.7854973,0.44500908,Stable
0.418122,0.43293414,0.45129508,0.72923774,0.4527784,0.34721226,0.6331466,0.8581807,0.73906016,0.2835428,0.75254154,0.76866883,0.7302185,0.28969854,0.7730249,0.6943381,0.78668064,0.43203425,Stable
0.4180029,0.4330636,0.4512052,0.7290792,0.45269793,0.34728977,0.63323224,0.8581697,0.73903316,0.28344297,0.75249547,0.7685621,0.7300226,0.28913152,0.77321196,0.6943163,0.7867304,0.43223852,Stable
0.42075297,0.4368839,0.455654,0.7300179,0.45424145,0.34554625,0.634575,0.8586774,0.7368817,0.28055793,0.7551631,0.76960564,0.7318044,0.28390777,0.7747158,0.68972456,0.7785231,0.43011028,Stable
0.41766676,0.43880177,0.4568077,0.7351637,0.45482358,0.34668195,0.7090935,0.8535104,0.72701585,0.2813531,0.74925697,0.76273,0.7433133,0.28621742,0.7783553,0.688744,0.7870176,0.4280338,Stable
0.41912353,0.44071767,0.45174438,0.7290807,0.4560079,0.3442424,0.6359939,0.8577301,0.7398812,0.2777996,0.7505228,0.767432,0.7421969,0.2752225,0.7748041,0.6957737,0.7824701,0.44838655,Stable
0.42016637,0.44137162,0.4516836,0.7259645,0.45444733,0.34402475,0.63643295,0.8538698,0.7411134,0.27201498,0.75407016,0.7655243,0.74272907,0.27927235,0.77451056,0.69858015,0.7769324,0.45083034,Stable
0.42021245,0.4413167,0.45162234,0.7260488,0.4545276,0.34408736,0.6364376,0.8538739,0.7410904,0.2719953,0.75408256,0.7654688,0.74271435,0.27923504,0.7744998,0.6987362,0.7769151,0.45087045,Stable
0.4153272,0.4363558,0.44608164,0.72138035,0.45520467,0.34452844,0.6447563,0.8569945,0.74905276,0.25935894,0.74466944,0.76144683,0.74363226,0.29087415,0.777852,0.6901052,0.77544796,0.4500334,Stable
0.41731668,0.43337792,0.44719177,0.7195283,0.45412192,0.3495581,0.6504961,0.8584582,0.7378485,0.2482302,0.7598182,0.7652211,0.7535319,0.27276602,0.78128004,0.6848425,0.78121203,0.43068165,Stable
0.41801423,0.4376368,0.45127916,0.7204702,0.45552975,0.3493882,0.6969778,0.8633021,0.7377934,0.24147467,0.7723515,0.85715103,0.7568165,0.23444866,0.78769535,0.6902549,0.78733885,0.42502242,Stable
0.41608202,0.4380744,0.44820708,0.7156848,0.45756465,0.35044587,0.65812826,0.8563747,0.6979319,0.2615515,0.7728779,0.8568561,0.76618594,0.22892165,0.78564394,0.6764468,0.7883379,0.41623557,Stable
0.41611668,0.43791983,0.44817695,0.7156739,0.45743304,0.3505327,0.65820754,0.8564278,0.6978788,0.2616078,0.7728531,0.85680145,0.7661511,0.22894858,0.7856107,0.67641747,0.78826416,0.41616797,Stable
0.41633162,0.43332475,0.45910192,0.7204399,0.45592067,0.35040665,0.68797207,0.8582927,0.7043931,0.26575208,0.76340383,0.7712574,0.75130296,0.27781832,0.78424925,0.6821872,0.7838484,0.42426944,Stable
0.41555342,0.4321636,0.45514792,0.713066,0.46147722,0.35283718,0.6572698,0.8490359,0.72204894,0.25982776,0.7564001,0.77253854,0.75630414,0.27657112,0.7861735,0.6644263,0.7855803,0.421929,Stable
0.4158721,0.43584454,0.44994295,0.7180938,0.46302134,0.35186017,0.65264916,0.8419866,0.73017544,0.26463687,0.7368604,0.7728848,0.7513897,0.28224522,0.7822053,0.67774785,0.7828406,0.42707193,Stable
0.41855618,0.4317214,0.4510916,0.7129926,0.46473312,0.35205647,0.6518242,0.84047294,0.73973405,0.26744175,0.7507447,0.77046084,0.7414727,0.27761808,0.78428984,0.6746108,0.7865274,0.4278389,Stable
0.41846558,0.43171918,0.45155904,0.71295774,0.46502566,0.35179812,0.65206593,0.84059465,0.7397654,0.26739436,0.75059104,0.77032584,0.74138224,0.2774707,0.7841577,0.6746441,0.7864799,0.42794296,Stable
0.41864312,0.43514806,0.45157802,0.7098307,0.46840495,0.35172045,0.6521033,0.8389363,0.7389876,0.2725919,0.7331301,0.7670574,0.736345,0.27346438,0.7810427,0.67653763,0.7852204,0.43242782,Stable
0.41854143,0.43438706,0.44919235,0.708013,0.46634287,0.35279047,0.65086937,0.8387677,0.7414173,0.27113786,0.7322277,0.7636034,0.7515912,0.27481475,0.7811095,0.6740228,0.78530836,0.42965683,Stable
0.41713342,0.42796537,0.44968474,0.7082986,0.46873152,0.35461867,0.6523688,0.8369138,0.7414075,0.27036098,0.73426676,0.75247717,0.7456264,0.2786446,0.78205085,0.67555356,0.78958577,0.4393861,Stable
0.4234283,0.43328053,0.45416456,0.7084047,0.4737329,0.35548896,0.6654765,0.83711636,0.740353,0.26948085,0.72381586,0.75831175,0.7352533,0.28394943,0.782367,0.68459505,0.7899989,0.44518566,Stable
0.4233774,0.43299684,0.4541008,0.70832247,0.47365373,0.35557935,0.6652986,0.83706963,0.7405111,0.26974338,0.72388494,0.7582745,0.73547184,0.28425023,0.7822528,0.68452394,0.7899151,0.44538304,Stable
0.4223389,0.43680438,0.45380604,0.7045345,0.47271416,0.35843801,0.65589195,0.82988685,0.7408156,0.26897758,0.7184698,0.8105952,0.75152844,0.28105873,0.78677905,0.6817131,0.7989036,0.44028497,Stable
0.42114624,0.4441849,0.45692223,0.7036592,0.47083172,0.35817346,0.6556193,0.8252541,0.7474043,0.26396665,0.73674643,0.7726857,0.75157833,0.29560784,0.7860304,0.6804542,0.7977116,0.44295985,Stable
0.421939,0.4436832,0.462322,0.7050426,0.472025,0.36053342,0.6927113,0.8337762,0.7413392,0.26092026,0.7345916,0.75636804,0.7488394,0.2985956,0.7882116,0.6820535,0.7971131,0.4420348,Stable
0.42263812,0.43967196,0.45608795,0.7024944,0.47222835,0.36191708,0.677319,0.8307092,0.74044293,0.25401258,0.754208,0.8339776,0.7614433,0.24357462,0.7868252,0.6761414,0.7961723,0.44161698,Stable
0.4227628,0.43986064,0.4560747,0.70253706,0.47213206,0.36190075,0.6652733,0.8241999,0.74050796,0.25397813,0.7542722,0.8336954,0.7611787,0.24375859,0.7852895,0.6825812,0.796077,0.44181025,Stable
0.4283917,0.4357201,0.46428818,0.7021739,0.4731161,0.36322793,0.70072186,0.830151,0.74025005,0.25255233,0.75168556,0.7159821,0.75987756,0.23911312,0.78335017,0.6830213,0.7949695,0.4430881,Stable
0.43006322,0.4414502,0.4628882,0.6976847,0.47273415,0.36446223,0.6653302,0.81875485,0.7391696,0.25250915,0.74399704,0.7447619,0.76327103,0.23787922,0.7876109,0.67091364,0.79721445,0.44107732,Stable
0.43041953,0.43482453,0.47336254,0.6959094,0.47398543,0.3691371,0.69854414,0.8233068,0.7066575,0.27680406,0.7410413,0.72293204,0.76947784,0.23185244,0.78451324,0.66339344,0.7907293,0.4291622,Stable
0.4259063,0.44273466,0.47673595,0.68939483,0.47326908,0.36844188,0.6716968,0.8148427,0.74229753,0.25179967,0.73871005,0.8081452,0.7661988,0.23156004,0.7874629,0.6676869,0.7933456,0.43153143,Stable
0.42593265,0.4407286,0.476834,0.6895315,0.47303975,0.3684861,0.6717546,0.8148825,0.74225307,0.2518234,0.73887914,0.8086011,0.7659695,0.23158765,0.78744525,0.6679229,0.7933073,0.431593,Stable
0.42770123,0.44357687,0.47984087,0.6897215,0.480511,0.37005222,0.68307894,0.8114178,0.74254274,0.25396472,0.74082124,0.81035346,0.73504186,0.24583554,0.79271454,0.6710664,0.8027737,0.44106182,Stable
0.4211914,0.45174024,0.48181772,0.68645644,0.47809324,0.3709485,0.696922,0.8080281,0.743546,0.25952494,0.7439114,0.80914736,0.757138,0.22990075,0.79447365,0.6672956,0.80266565,0.43864006,Stable
0.41360864,0.45289874,0.48184642,0.6805865,0.47647214,0.3719828,0.68441844,0.79697746,0.7412363,0.26471958,0.7464566,0.8059303,0.7537682,0.2423937,0.7927057,0.65934706,0.796719,0.43041712,Stable
0.41387936,0.4593124,0.47952506,0.671944,0.48046482,0.3786689,0.6912825,0.795239,0.714129,0.28748867,0.7437742,0.79701436,0.7476902,0.26554888,0.78936815,0.65735793,0.79015315,0.4300351,Stable
0.41379154,0.45930678,0.47954163,0.67189014,0.48050544,0.37864923,0.6911926,0.7953414,0.71415013,0.2874538,0.74397516,0.7973367,0.7475953,0.2655269,0.7893727,0.65706027,0.79016274,0.4298808,Stable
0.41595787,0.4611023,0.47973996,0.67253757,0.48072314,0.37714982,0.69387496,0.7904811,0.70844,0.29412258,0.749076,0.7989461,0.70335317,0.28837904,0.78821504,0.6526273,0.7860292,0.42842242,Stable
0.4103162,0.4666999,0.47797474,0.66666377,0.48743722,0.37605175,0.69254893,0.7840466,0.7308092,0.288646,0.7482424,0.790857,0.69323766,0.28676325,0.7867328,0.64859664,0.7863356,0.4316007,Stable
0.40500325,0.46767923,0.48002502,0.6655179,0.48623872,0.38084972,0.68658924,0.7799744,0.6939542,0.30555594,0.7524614,0.7922849,0.7382171,0.2852931,0.7863588,0.6444377,0.78548765,0.4290223,Stable
0.4037491,0.46612155,0.48102325,0.66452354,0.49102876,0.37781018,0.693114,0.78193045,0.69880885,0.30159622,0.7533685,0.76931405,0.7462758,0.29135725,0.7825669,0.6424712,0.7830924,0.42906898,Stable
0.40386444,0.46577722,0.48101908,0.66458845,0.49101514,0.3778702,0.69309354,0.7818539,0.6988337,0.3015989,0.753301,0.7692814,0.7463062,0.2914145,0.7826108,0.6425065,0.7831967,0.4291645,Stable
0.39992517,0.46581012,0.48108587,0.6629496,0.4930515,0.376482,0.6865083,0.7791769,0.70116633,0.29404405,0.7500007,0.78302395,0.73272204,0.28253332,0.7818314,0.6407009,0.78158873,0.43049356,Stable
0.40113363,0.46950635,0.48392928,0.6629189,0.4949257,0.37616885,0.69419783,0.78562963,0.69898415,0.30060923,0.752629,0.77120626,0.73424613,0.2892897,0.78272766,0.64166766,0.7796813,0.4307222,Stable
0.40425014,0.4708023,0.48607624,0.66319346,0.50028145,0.37782204,0.6990843,0.7887406,0.69849986,0.29556882,0.7511773,0.76752776,0.7439262,0.29444808,0.7860385,0.6440495,0.7837362,0.43144572,Stable
0.40469405,0.46523362,0.4848445,0.6623203,0.4997468,0.37731728,0.698748,0.784534,0.70847905,0.28825608,0.75316846,0.7700887,0.74726903,0.2950149,0.78000164,0.64449304,0.77948725,0.43153024,Stable
0.40480453,0.46506494,0.48476788,0.66236687,0.4996433,0.37741524,0.6987557,0.7845948,0.7082882,0.28842595,0.75321174,0.7700524,0.74720705,0.29504508,0.7800441,0.64453185,0.7795249,0.43152153,Stable
0.4032172,0.4644451,0.4854512,0.66246915,0.4999295,0.3781322,0.69923615,0.78365076,0.7008785,0.29244912,0.75816035,0.78269976,0.745461,0.28975898,0.7804627,0.63940203,0.7788982,0.42998093,Stable
0.4061068,0.4631351,0.4875396,0.6660347,0.50104725,0.37929553,0.72165483,0.78451437,0.70544267,0.29258507,0.7555567,0.7699029,0.75453776,0.2857344,0.77762693,0.6407324,0.7776172,0.43302667,Stable
0.40765116,0.46059537,0.4839515,0.6680263,0.49969253,0.37916064,0.7168027,0.7779987,0.7056963,0.29260057,0.75547755,0.7691514,0.75905985,0.28722247,0.7761223,0.6436282,0.77420634,0.43438828,Stable
0.41235065,0.45460713,0.48643523,0.67337126,0.4988992,0.3805982,0.7086669,0.7740826,0.7064332,0.29621935,0.7558927,0.76825583,0.7570681,0.2877223,0.77535737,0.65219605,0.77601457,0.4357046,Stable
0.41238222,0.45479417,0.4864317,0.6733576,0.49888408,0.38057685,0.7085578,0.7742487,0.70632356,0.29627335,0.75589037,0.76813996,0.75700593,0.28798616,0.7753298,0.6521833,0.7770268,0.4356932,Stable
0.40501857,0.45399174,0.48803362,0.67122597,0.49769506,0.37880522,0.7079191,0.7738762,0.7104598,0.29813772,0.7565827,0.76808494,0.75100815,0.29630455,0.774044,0.64427805,0.7726192,0.43492997,Stable
0.40656266,0.45773518,0.48588166,0.6690197,0.49604577,0.38177818,0.707153,0.7738027,0.7044322,0.30226725,0.75718284,0.7684394,0.75638413,0.28937024,0.7717861,0.6419586,0.77109206,0.43575186,Stable
0.40568644,0.46219087,0.48595393,0.66747797,0.4983861,0.38239703,0.70577586,0.7722942,0.70506203,0.30205458,0.7549491,0.76565874,0.75486845,0.29308525,0.77209157,0.64117825,0.772405,0.4372512,Stable
0.40211397,0.4628849,0.48724896,0.6695949,0.5007271,0.38238928,0.70294535,0.77083987,0.7021966,0.3032649,0.75824785,0.7781786,0.7553668,0.28852105,0.77493066,0.64270926,0.7736127,0.4368815,Stable
0.4020707,0.4628995,0.48720536,0.66949314,0.5007545,0.3824073,0.7025832,0.7707092,0.7019825,0.30343568,0.7581949,0.77836263,0.7555213,0.28841,0.77499,0.64267904,0.77364874,0.43678594,Stable
0.4016819,0.46259314,0.48758233,0.6696262,0.50103503,0.38269278,0.70305103,0.7694842,0.7043562,0.3008838,0.7588725,0.7795007,0.7571789,0.28622526,0.77346647,0.64121,0.7723938,0.43687093,Stable
0.40030992,0.460985,0.48861918,0.6700844,0.5024847,0.38237655,0.7030076,0.7687585,0.70499986,0.29999375,0.7591204,0.7812432,0.7603291,0.28526178,0.7736536,0.6413725,0.7715041,0.43735215,Stable
0.3986566,0.45983887,0.48939332,0.6699729,0.5042881,0.38362122,0.70480263,0.76947653,0.70221484,0.3040928,0.7624165,0.78326505,0.7679148,0.27868387,0.77278244,0.64119387,0.7729528,0.4373421,Stable
0.39925283,0.45996222,0.4898197,0.6701018,0.5039874,0.38475913,0.7020807,0.76869726,0.69970465,0.30689892,0.76179755,0.7835967,0.76479495,0.27825105,0.7728244,0.6421327,0.7725692,0.4375444,Stable
0.39926815,0.45993695,0.48988017,0.67007077,0.5040453,0.3846953,0.7021424,0.7687807,0.6997498,0.30682302,0.7616629,0.78354377,0.76462305,0.27819967,0.77293485,0.6421828,0.7725744,0.43745074,Stable
0.40013668,0.46247882,0.49227664,0.6715548,0.5064105,0.3847984,0.70450044,0.7709088,0.7002418,0.30683517,0.76065695,0.783445,0.7651187,0.27689648,0.77348614,0.64290905,0.7732147,0.43776298,Stable
0.39768457,0.46615243,0.49375305,0.67100513,0.50604105,0.3848544,0.7039308,0.77069044,0.6973068,0.3058315,0.7587061,0.7824936,0.7618798,0.2764224,0.7727677,0.6414901,0.771711,0.43591544,Stable
0.397395,0.468585,0.4944533,0.6721606,0.50573635,0.38486585,0.70548093,0.77135456,0.6953608,0.30656737,0.75844634,0.7819652,0.75802225,0.27692077,0.7730667,0.6390582,0.7712456,0.4346075,Stable
0.399029,0.46959233,0.49524927,0.6725615,0.50457776,0.38484108,0.70646703,0.77316976,0.69764566,0.30455196,0.7601642,0.7799422,0.75650346,0.2786525,0.7730104,0.6399336,0.77189803,0.43583888,Stable
0.39902776,0.46959004,0.49523315,0.67251456,0.5045506,0.3848918,0.7063706,0.7731251,0.69759977,0.30455518,0.76009,0.7799944,0.75657815,0.2785963,0.77293557,0.6398553,0.7717964,0.4358927,Stable
0.39970583,0.47039598,0.49417588,0.67123073,0.50528616,0.38428888,0.7078268,0.77432024,0.7010132,0.3021551,0.76008314,0.7770511,0.7571134,0.28101104,0.7748542,0.6406255,0.7719366,0.43563494,Stable
0.39784226,0.47122154,0.49490118,0.66980237,0.50582975,0.3844967,0.7084192,0.77408326,0.7013005,0.30152708,0.7598135,0.7770888,0.7563107,0.28324324,0.77363575,0.63922954,0.7706597,0.43579003,Stable
0.3980304,0.4721969,0.49429,0.6684376,0.5050418,0.38532385,0.70774144,0.77443165,0.6993494,0.30327713,0.7604627,0.7788481,0.75763214,0.28144032,0.7730931,0.63919604,0.7692148,0.43590927,Stable
0.3975563,0.47792885,0.4944522,0.66802347,0.50624216,0.38539314,0.7086074,0.7735878,0.6961302,0.3057377,0.7601041,0.7779922,0.75673854,0.2826622,0.7728131,0.6391062,0.7681574,0.43437335,Stable
0.39757997,0.47784585,0.49443945,0.6679587,0.506223,0.385401,0.70860004,0.7736141,0.6960993,0.30564433,0.7600953,0.77783585,0.75646985,0.28276294,0.7727866,0.63907254,0.76806086,0.43437976,Stable
0.39574724,0.47818908,0.49316177,0.6682719,0.50523293,0.3861265,0.7095759,0.7742061,0.6956367,0.3064485,0.762218,0.77728367,0.75971526,0.28255486,0.7727586,0.63990027,0.7682774,0.43461284,Stable
0.39882046,0.4734015,0.49420032,0.6695737,0.5046634,0.38667017,0.70656526,0.7731588,0.692678,0.3082083,0.7595997,0.77856797,0.7602667,0.28209305,0.7721784,0.6410322,0.7675762,0.43534705,Stable
0.39708456,0.47308797,0.49429357,0.6696987,0.5025327,0.3859468,0.70538616,0.77210546,0.6912066,0.30912068,0.7582594,0.7799108,0.7572371,0.28530335,0.7706861,0.6401268,0.76619804,0.43468356,Stable
0.39800054,0.4781267,0.49608254,0.6720199,0.5012239,0.38612854,0.70999473,0.77305496,0.69500774,0.3073979,0.75692195,0.78035223,0.7583282,0.28748137,0.7710229,0.6418654,0.76719725,0.43464002,Stable
0.39828464,0.4778256,0.4960577,0.67196983,0.50132525,0.38615295,0.7099309,0.7730298,0.695353,0.30737507,0.7570107,0.78041524,0.759004,0.28743383,0.7711668,0.6418246,0.76739925,0.43466496,Stable
0.3970425,0.47374988,0.4957127,0.6710589,0.50182223,0.38617605,0.71258974,0.77318263,0.69970554,0.3047454,0.75458354,0.7803644,0.76378584,0.28798124,0.77109385,0.64306617,0.7681689,0.43476364,Stable
0.4019462,0.47454864,0.49658033,0.67266405,0.5022182,0.38658148,0.7176268,0.77820516,0.6988418,0.30653685,0.75526226,0.7797196,0.7618371,0.2889853,0.7700564,0.64113986,0.7696402,0.43519375,Stable
0.40181148,0.47661898,0.49656254,0.67268217,0.50188094,0.38670883,0.7181417,0.7779081,0.6992501,0.30687517,0.7544333,0.7776747,0.7623751,0.28942287,0.77098763,0.6406785,0.77018833,0.43503404,Stable
0.39782533,0.47491956,0.49650455,0.67083204,0.5019132,0.386227,0.7177123,0.77812696,0.7031045,0.30489117,0.755789,0.7816901,0.76584333,0.28875268,0.773406,0.6432973,0.77033633,0.43606746,Stable
0.397677,0.47490185,0.49653322,0.67085373,0.50193477,0.3862306,0.7176901,0.77809525,0.7031316,0.30491316,0.7558183,0.7817428,0.76583683,0.28876173,0.7734115,0.64333016,0.77035964,0.43607065,Stable
0.3967825,0.4749441,0.49690282,0.6711966,0.50243866,0.386162,0.71616423,0.7767874,0.7011523,0.30502722,0.755866,0.783568,0.76278776,0.29029408,0.77269864,0.64432895,0.7691932,0.43690312,Stable
0.39551157,0.4795903,0.49320778,0.67194957,0.5023633,0.3855028,0.7186568,0.7785775,0.6994884,0.30638096,0.7569944,0.78413904,0.7544727,0.2941793,0.77357596,0.6441926,0.7694582,0.4360196,Stable
0.3923915,0.48108312,0.49387786,0.67387104,0.50235534,0.38511223,0.71907306,0.7786336,0.6968505,0.30747232,0.75601065,0.78119797,0.7543937,0.29461288,0.7712389,0.6417706,0.76903856,0.4347976,Stable
0.39379174,0.4823891,0.49398673,0.6745944,0.5009207,0.38549966,0.7196664,0.778439,0.6982547,0.30725825,0.7577011,0.7822331,0.75636446,0.29512176,0.7696072,0.64192045,0.7680754,0.43554863,Stable
0.39379138,0.48253772,0.49397916,0.6745643,0.500813,0.3855219,0.7196323,0.7784314,0.69788903,0.307402,0.75753546,0.78227973,0.75609314,0.295309,0.76958406,0.6419681,0.76804185,0.43544945,Stable
0.3992498,0.47732782,0.49443752,0.6762897,0.5021405,0.38573354,0.7202501,0.77894104,0.7011034,0.3044238,0.7583806,0.7807311,0.7563133,0.29827455,0.76960444,0.6424205,0.7693651,0.43599686,Stable
0.3987065,0.47984895,0.4975042,0.67677927,0.4973011,0.3851992,0.71797174,0.777127,0.7022935,0.3023939,0.7584785,0.7821581,0.7524168,0.29757577,0.7714929,0.6468693,0.7682431,0.43833506,Stable
0.39692277,0.47912297,0.4968998,0.6762526,0.49784285,0.38543177,0.71833575,0.7772902,0.702353,0.3030294,0.75974864,0.782774,0.74873996,0.29640588,0.7726254,0.6473228,0.7687766,0.43849775,Stable
0.3965972,0.47933993,0.49724552,0.6759554,0.49796766,0.38577086,0.7170385,0.77590704,0.69958967,0.3048693,0.7614981,0.78267324,0.7459716,0.29751992,0.77416253,0.64673597,0.7696311,0.43751907,Stable
0.39660215,0.47927046,0.49727774,0.6759473,0.49794742,0.38578424,0.71700877,0.7759067,0.69936603,0.3049321,0.7614435,0.7827112,0.746067,0.29741877,0.7741945,0.646727,0.7696476,0.4375326,Stable
0.3967032,0.481636,0.49270865,0.67588353,0.4988974,0.38667867,0.7164282,0.7755639,0.69584465,0.3067472,0.7621548,0.783448,0.7465342,0.29587847,0.77434564,0.6458244,0.7694814,0.4373259,Stable
0.39676166,0.4833539,0.49315852,0.67559546,0.499411,0.38638172,0.71661544,0.7751047,0.6972542,0.306326,0.7628093,0.7847179,0.74581236,0.29297438,0.7734801,0.6454915,0.7683217,0.43749535,Stable
0.396645,0.4841765,0.49366802,0.67572284,0.4999574,0.3861173,0.71654624,0.7745136,0.6957669,0.3067952,0.7612497,0.78410363,0.7443522,0.29466882,0.773741,0.6456678,0.7681245,0.4378377,Stable
0.39639634,0.4833613,0.49384964,0.6766085,0.50002956,0.38583955,0.7171397,0.7756743,0.6982914,0.30568016,0.7614223,0.7847097,0.74472356,0.2947455,0.7723627,0.64535844,0.7690996,0.4377006,Stable
0.39679536,0.48279664,0.4939388,0.6766448,0.5001867,0.38580534,0.7171869,0.77569807,0.69818354,0.30583352,0.76141757,0.7848426,0.7446282,0.29473275,0.7723922,0.64524335,0.76912755,0.43767998,Stable
0.39843023,0.4813702,0.49432942,0.676888,0.5009061,0.38640738,0.7172899,0.7754395,0.69793624,0.30529225,0.7630429,0.7856982,0.74733776,0.2933148,0.77292913,0.64459145,0.77044123,0.4376939,Stable
0.3995701,0.4805212,0.4951865,0.6771619,0.5011467,0.3864351,0.7175312,0.7759764,0.69696397,0.3064779,0.76134515,0.78456485,0.7471949,0.2937523,0.7734766,0.64387536,0.77129406,0.43724722,Stable
0.39948422,0.48258743,0.49535507,0.6769256,0.50029695,0.3866268,0.71802044,0.77622795,0.69745255,0.30583718,0.7619337,0.78471506,0.7452294,0.29499537,0.7737939,0.6430868,0.7706542,0.4359833,Stable
0.3994417,0.48059964,0.49562317,0.6772296,0.50061244,0.38548607,0.7191839,0.77663124,0.69973826,0.30438006,0.76271415,0.78590643,0.74410796,0.29651156,0.77475166,0.6430659,0.7716514,0.43592164,Stable
0.39947456,0.4806115,0.49562737,0.6772365,0.5006207,0.38548583,0.7191876,0.7766391,0.6997622,0.30436748,0.7626835,0.785887,0.74411154,0.29653993,0.7747764,0.6430849,0.77167654,0.43592235,Stable
0.39860827,0.48018345,0.4956789,0.6780617,0.49963462,0.38466012,0.72037834,0.77670974,0.7017996,0.30464962,0.76593685,0.7774328,0.7448463,0.29635155,0.7761332,0.64302474,0.7729751,0.4355042,Stable
0.39761436,0.48038965,0.49627686,0.6784431,0.49969304,0.3851324,0.7190592,0.776237,0.70124364,0.30452353,0.7624683,0.7863728,0.7439784,0.29624614,0.77644765,0.6426851,0.77347827,0.4358166,Stable
0.39563414,0.4866165,0.4943747,0.6772623,0.49878395,0.3857243,0.7179127,0.77555645,0.70185053,0.30426556,0.7634224,0.7851039,0.7442981,0.2955835,0.77532715,0.64351934,0.77208066,0.4353422,Stable
0.3956426,0.48661625,0.49436867,0.67728317,0.49881124,0.38572615,0.7179389,0.7755996,0.7019516,0.30418217,0.76353204,0.78508604,0.7442865,0.2955973,0.77533644,0.64357316,0.7721298,0.43536195,Stable
0.3953774,0.4868734,0.49435306,0.6779399,0.49858496,0.38655883,0.71824884,0.7758736,0.7019088,0.30472782,0.7636091,0.78599274,0.74277747,0.29623276,0.775759,0.6439579,0.77227294,0.4354846,Stable
0.39398056,0.48749134,0.49433625,0.6773557,0.49967098,0.3857394,0.7186099,0.7758106,0.7043559,0.30305752,0.7638428,0.78509754,0.7448532,0.2963369,0.7753119,0.6437017,0.7727129,0.43567258,Stable
0.39470237,0.48799103,0.49456674,0.677763,0.499753,0.3863992,0.7197943,0.7761535,0.70504534,0.3032791,0.7645692,0.7856215,0.7482287,0.29540735,0.775368,0.64312786,0.7728376,0.43552685,Stable
0.39455134,0.48862943,0.4947079,0.67673343,0.49929833,0.3867908,0.72020686,0.7769863,0.70500386,0.30344886,0.76438564,0.7850851,0.7497148,0.29567915,0.77538955,0.6433999,0.77339023,0.43654788,Stable
0.39450657,0.48865443,0.49473703,0.67674303,0.49931163,0.3867637,0.72017086,0.77693105,0.7050466,0.3034054,0.764338,0.7851012,0.7496946,0.29565266,0.77535695,0.6433941,0.77336013,0.4365501,Stable
0.39532286,0.48844,0.4947327,0.6760046,0.49891698,0.3868068,0.71993506,0.7764063,0.7040715,0.3051272,0.7638972,0.7845356,0.7496621,0.2962574,0.7749356,0.6433408,0.77315706,0.43551597,Stable
0.39315277,0.48918808,0.49415773,0.6756768,0.4989059,0.3869927,0.72026414,0.7769464,0.703742,0.3053366,0.7621621,0.78318954,0.7532086,0.29561296,0.7747273,0.64267063,0.77382654,0.43574226,Stable
0.39486772,0.48936987,0.49334094,0.67536795,0.499417,0.38700336,0.72006434,0.7772639,0.7051081,0.3044182,0.76211786,0.7838259,0.7536639,0.2966587,0.774105,0.6433743,0.7742121,0.4372418,Stable
0.39525133,0.48955926,0.49165565,0.67478573,0.50055707,0.38676775,0.7199151,0.7780653,0.710597,0.30006576,0.76102245,0.7835002,0.75446075,0.29906487,0.7748639,0.6435678,0.7752117,0.43737882,Stable
0.3961588,0.48915368,0.49197826,0.6748755,0.5006784,0.38665602,0.7200366,0.77818006,0.710458,0.3001662,0.76098764,0.78341955,0.7544327,0.29900467,0.7750797,0.64326394,0.7754277,0.43746078,Stable
0.39741462,0.4891307,0.49063802,0.6735307,0.499255,0.38638008,0.7178284,0.7770943,0.7058495,0.3060593,0.7597066,0.7819924,0.75425833,0.2971164,0.77382994,0.64263284,0.7745267,0.43775177,Stable
0.3970155,0.48524314,0.49245268,0.6754159,0.499229,0.38681376,0.71821225,0.77769464,0.7044302,0.3054297,0.7577471,0.781023,0.75386655,0.29083928,0.77298236,0.6422855,0.77299666,0.43627292,Stable
0.39620766,0.48839444,0.49107575,0.67346644,0.49891347,0.38656855,0.7176826,0.77752495,0.70548004,0.3058474,0.756319,0.7807428,0.750121,0.296773,0.7739699,0.64159065,0.77360535,0.43630344,Stable
0.39776835,0.48865843,0.49051902,0.67377496,0.49813923,0.386513,0.71718955,0.7756777,0.7030902,0.305624,0.7560023,0.7813271,0.7471974,0.29165328,0.7736015,0.64018023,0.7724366,0.433923,Stable
0.39782602,0.48854658,0.49051976,0.6738355,0.4982526,0.38642928,0.7174351,0.7758503,0.70347285,0.30552065,0.7559285,0.780808,0.7472321,0.29182336,0.7735611,0.6399548,0.77240723,0.43386087,Stable
0.39691362,0.48507655,0.490713,0.6747526,0.49861085,0.38647676,0.7149643,0.7741331,0.70094717,0.3055638,0.75463074,0.78342605,0.7415025,0.29750237,0.7731516,0.63838893,0.771412,0.43310267,Stable
0.3979898,0.48896965,0.49398702,0.676023,0.49649653,0.38642165,0.70114297,0.7714174,0.7040361,0.2988273,0.75711316,0.7827097,0.7433251,0.29638276,0.7701201,0.640304,0.77004886,0.43397248,Stable
0.39636874,0.4897482,0.4897729,0.6759554,0.49468613,0.38885313,0.71244925,0.77547216,0.70614314,0.29552278,0.757156,0.7832224,0.7503714,0.29153275,0.77272725,0.6424272,0.77261347,0.43568823,Stable
0.3953155,0.48983285,0.49046147,0.6719463,0.49437195,0.3872519,0.7136616,0.77886283,0.68971777,0.30822703,0.749946,0.77223897,0.7392408,0.29062355,0.7737803,0.6403246,0.7710583,0.4329844,Stable
0.3954546,0.48974368,0.490501,0.67193604,0.4943516,0.38724956,0.7136842,0.7789078,0.68935055,0.3082509,0.74996376,0.77225506,0.7392749,0.29061183,0.77381647,0.64022017,0.7711131,0.4329056,Stable
0.3950807,0.490484,0.4942679,0.6710261,0.49669516,0.38733476,0.69945633,0.7741133,0.6976039,0.30318654,0.7500295,0.77851045,0.7390802,0.2907759,0.77165353,0.64228624,0.7710886,0.43264174,Stable
0.39392698,0.49104798,0.49379703,0.67061436,0.49441892,0.38592312,0.6962151,0.77976155,0.7022995,0.29092768,0.74845064,0.7878956,0.7451782,0.28717753,0.7693193,0.6428479,0.7679104,0.43103743,Stable
0.39564142,0.49070132,0.49365294,0.67097086,0.4951373,0.38605484,0.6925204,0.779078,0.7068838,0.2873639,0.75099635,0.7902949,0.7464497,0.2908878,0.77007353,0.6435951,0.7702565,0.43286833,Stable
0.39455843,0.48858404,0.49402115,0.6715039,0.49308133,0.3864554,0.68944037,0.78104204,0.69139135,0.29441157,0.7493068,0.7905573,0.74996895,0.28126743,0.76680034,0.639642,0.76574945,0.4299632,Stable
0.39436626,0.48860687,0.49393767,0.67148054,0.49307618,0.38649568,0.6892454,0.7809591,0.69141304,0.2945279,0.7492735,0.79056346,0.7502839,0.2813383,0.76692164,0.63985825,0.7659792,0.43008026,Stable
0.39266115,0.48951674,0.4946029,0.67027676,0.49010694,0.38877565,0.6890296,0.7855401,0.6816444,0.29601407,0.7474479,0.7937435,0.7449252,0.28120446,0.7677516,0.63619053,0.76884437,0.42911386,Stable
0.39191625,0.4914111,0.49541128,0.66999453,0.48909006,0.38918388,0.68842435,0.7840054,0.6695477,0.29878345,0.7438997,0.7914107,0.7532953,0.25706095,0.77001804,0.63189816,0.7703511,0.42433733,Stable
0.39088696,0.4956497,0.49254024,0.67104167,0.48735318,0.39193082,0.68450636,0.78253543,0.6687269,0.2948513,0.75065565,0.8026497,0.76094097,0.23567364,0.76522696,0.6352886,0.76658285,0.42433187,Stable
0.3849047,0.49628538,0.49026126,0.6668949,0.493325,0.39181218,0.6801301,0.7826892,0.68284667,0.28408122,0.7511971,0.8172169,0.75991595,0.2363765,0.76478016,0.6368821,0.7649189,0.42295977,Stable
0.3846659,0.49662828,0.49020743,0.66685855,0.49348897,0.39188462,0.6800277,0.7826623,0.68271124,0.2838719,0.75102156,0.81711555,0.76038826,0.23522708,0.7646924,0.637047,0.7648171,0.42287654,Stable
0.383569,0.50242263,0.48641634,0.66820943,0.49476516,0.39854956,0.67695755,0.77538574,0.67501974,0.28458846,0.7573428,0.82101595,0.7648387,0.23730491,0.7620339,0.63569117,0.7636985,0.42479044,Stable
0.38697284,0.50039387,0.4887445,0.6706599,0.4955537,0.39563215,0.6785238,0.7773309,0.66944,0.28530246,0.76228905,0.8227853,0.7640219,0.22824934,0.7640967,0.63899344,0.7670411,0.42625424,Stable
0.38961884,0.50703114,0.48814398,0.6726575,0.49258325,0.39557073,0.67407215,0.7766752,0.6712195,0.28216028,0.7619703,0.8267865,0.7664844,0.21588914,0.7635273,0.6412053,0.7666327,0.42555398,Stable
0.37901995,0.5098863,0.48635644,0.6714148,0.4872625,0.39662036,0.67281026,0.7726008,0.66898656,0.28390604,0.7678747,0.8242368,0.76461357,0.22558087,0.7623777,0.63850856,0.7643094,0.4240261,Stable
0.3792532,0.510064,0.48643357,0.6715108,0.487239,0.39660275,0.6728088,0.7724942,0.66899794,0.28396088,0.7678931,0.8243613,0.764481,0.22569403,0.7624005,0.63854265,0.7642689,0.42409092,Stable
0.3796403,0.50582016,0.48868358,0.67273855,0.48943454,0.3983105,0.6760081,0.7697482,0.6655086,0.28460157,0.7644943,0.81532544,0.76503444,0.21475416,0.76588094,0.637787,0.76895183,0.42529005,Stable
0.37670514,0.5025774,0.4847754,0.6663828,0.48624784,0.39829147,0.6836328,0.77638197,0.66486126,0.28518617,0.7562403,0.8074429,0.7678148,0.21547535,0.7645048,0.63054115,0.76506674,0.42458278,Stable
0.37432474,0.50204563,0.4856313,0.6686906,0.48312372,0.3981573,0.67885345,0.7710477,0.6590435,0.29649818,0.7529718,0.78889287,0.76088595,0.22136876,0.76255786,0.6318831,0.76249087,0.42787308,Stable
0.37438333,0.50076115,0.48654088,0.6678142,0.48512837,0.39610082,0.6824509,0.7649264,0.6691885,0.29559806,0.75208163,0.7872419,0.7600514,0.23032793,0.7644948,0.62885094,0.7648059,0.42551407,Stable
0.3744443,0.5009906,0.4866312,0.6679086,0.4850995,0.39614913,0.68221545,0.76478875,0.66916907,0.29559457,0.7518965,0.78716767,0.76009786,0.23022501,0.76438403,0.62904954,0.76467085,0.42553133,Stable
0.37479597,0.50065655,0.48498833,0.6664581,0.48352945,0.39780447,0.676047,0.76225054,0.66771376,0.29633182,0.74854636,0.78055835,0.7559984,0.2336449,0.7663187,0.62884915,0.7666848,0.42815775,Stable
0.37445796,0.4992305,0.48559123,0.6681894,0.48438293,0.39825305,0.68131965,0.763971,0.6623041,0.30067882,0.75212973,0.7558012,0.75487256,0.23702517,0.7652423,0.62946403,0.76533675,0.432103,Stable
0.37401998,0.49770385,0.48632044,0.6663703,0.4861868,0.39431047,0.68276256,0.76536596,0.66878265,0.2987726,0.7523522,0.735665,0.75577605,0.23673266,0.7673256,0.6335255,0.7692794,0.43085217,Stable
0.37724286,0.5006921,0.4882954,0.66769826,0.48925316,0.3950584,0.67816675,0.7617283,0.6698627,0.2994013,0.74897087,0.7505708,0.75791067,0.23704015,0.770053,0.62741554,0.76912105,0.42818058,Stable
0.3773466,0.5008305,0.48819277,0.66767377,0.48928365,0.39510155,0.6778749,0.7615728,0.6697566,0.29942948,0.74897003,0.75074595,0.75798166,0.23701954,0.7697966,0.6274449,0.76884526,0.42826253,Stable
0.37758952,0.5002345,0.48766026,0.66715544,0.48810598,0.39496562,0.6864141,0.7656026,0.6703813,0.29859355,0.75199527,0.7376442,0.75818825,0.23636411,0.7752823,0.6256423,0.7723188,0.42685613,Stable
0.37617928,0.49726915,0.48622665,0.6644324,0.48974305,0.39440414,0.6822747,0.7625513,0.6721468,0.29907507,0.75283575,0.725697,0.7576956,0.23881456,0.7772464,0.6257455,0.7742789,0.42483604,Stable
0.37462616,0.4959368,0.48847967,0.6630405,0.486469,0.39105242,0.68178195,0.7597315,0.6698142,0.29789525,0.7494638,0.760687,0.76028776,0.236687,0.7735347,0.6281927,0.77153414,0.42830583,Stable
0.37689385,0.49430406,0.49112126,0.66666114,0.48821127,0.39180678,0.6898136,0.7686295,0.6723567,0.29829636,0.7536158,0.7239654,0.7632116,0.23760164,0.7745337,0.634101,0.7733895,0.43072388,Stable
0.3768129,0.49421751,0.49109763,0.6666213,0.48822582,0.39175785,0.6898173,0.76866317,0.67228496,0.29832628,0.7535927,0.7237483,0.7631158,0.23766425,0.7746202,0.6340283,0.7734002,0.43065077,Stable
0.3810726,0.4987926,0.48793483,0.6668293,0.4881071,0.39019355,0.6876137,0.76122653,0.6760842,0.29694992,0.75139296,0.72511506,0.76226926,0.24344026,0.77169484,0.6351742,0.77060676,0.42897463,Stable
0.38062167,0.49168593,0.48713648,0.66585445,0.4882776,0.38989443,0.69106334,0.75778097,0.6719324,0.29618675,0.75266,0.72040695,0.7652534,0.24056183,0.76770806,0.6312237,0.768202,0.42858994,Stable
0.3790291,0.49462318,0.48873922,0.66510963,0.48856068,0.39082894,0.6950393,0.75928205,0.6703915,0.29751396,0.75323534,0.7036645,0.7577455,0.2457118,0.766186,0.6300516,0.7677192,0.43034565,Stable
0.38148552,0.49202523,0.48744988,0.6656623,0.48823437,0.39060885,0.69928354,0.75543565,0.6712513,0.29901206,0.751246,0.696085,0.75886023,0.2481026,0.7643227,0.6250838,0.76733994,0.42702198,Stable
0.38148272,0.491968,0.48774981,0.66585577,0.48840773,0.3906201,0.6991495,0.75548923,0.6716158,0.2989806,0.75267667,0.69579816,0.75962704,0.24819258,0.76471394,0.6250395,0.767761,0.42710358,Stable
0.38386583,0.48622185,0.48929363,0.6657264,0.4893207,0.38894844,0.70431125,0.75435895,0.67372715,0.2989715,0.7558235,0.67592585,0.7719438,0.24930492,0.76684535,0.6130121,0.76864076,0.4226455,Stable
0.38127196,0.4845975,0.48596305,0.66388947,0.4888044,0.38851637,0.7153017,0.7580025,0.6732522,0.30115053,0.753076,0.6719394,0.7685617,0.25633582,0.7654454,0.6087797,0.76696956,0.42321843,Stable
0.37925774,0.48258182,0.48457497,0.6626829,0.49047703,0.38950282,0.7216382,0.7556704,0.67543435,0.30048046,0.7503309,0.65878785,0.7657904,0.2633777,0.76220214,0.60472465,0.7619123,0.42327294,Stable
0.3858676,0.48379147,0.48207006,0.66223407,0.48928046,0.38951564,0.7027824,0.7428841,0.6730027,0.30193385,0.75667566,0.658893,0.765502,0.2635014,0.7597217,0.6041369,0.7612881,0.42073625,Stable
0.38586777,0.4836,0.48202583,0.66230386,0.48929724,0.3895255,0.70271844,0.7427413,0.67297435,0.3019328,0.7566117,0.658918,0.7654516,0.26358452,0.7596981,0.6041849,0.761225,0.42069384,Stable
0.38666838,0.48244607,0.47921762,0.6605444,0.49468252,0.39511022,0.714887,0.74913496,0.6711081,0.3025271,0.75650215,0.628116,0.7613287,0.26784715,0.7587294,0.5982083,0.76153517,0.42050767,Stable
0.3850703,0.48134553,0.48032397,0.6610387,0.48915538,0.3896545,0.7039363,0.7429201,0.6737243,0.3027374,0.7594856,0.64029396,0.76064456,0.2659641,0.76362437,0.60366213,0.7644038,0.42493328,Stable
0.38479888,0.47713858,0.4779256,0.65844095,0.4911539,0.3873803,0.71555656,0.74703896,0.67866224,0.3012998,0.7614969,0.6283282,0.75936663,0.26593024,0.7612185,0.6161396,0.7654247,0.42653853,Stable
0.3804732,0.4767612,0.4790393,0.6537484,0.49156937,0.39090234,0.70702755,0.7434546,0.6750387,0.30289054,0.7593805,0.63023436,0.75396,0.27115452,0.76812315,0.6041251,0.7685646,0.42497873,Stable
0.38072878,0.47693568,0.4790609,0.65380174,0.4915551,0.3905471,0.70674837,0.74351114,0.6707268,0.30172786,0.7593288,0.6318333,0.7540947,0.2709527,0.7688317,0.60484487,0.7691557,0.4250073,Stable
0.38469464,0.476578,0.47941172,0.6540692,0.4921014,0.3912571,0.70129335,0.7435758,0.67541254,0.30068296,0.75571007,0.65114594,0.7621152,0.27152598,0.76597834,0.60569644,0.7680523,0.4289989,Stable
0.38536173,0.47522876,0.47765988,0.65466166,0.4955098,0.39151943,0.7040448,0.7439611,0.6766693,0.29836094,0.75190234,0.6450815,0.7547293,0.26697627,0.76194566,0.61519474,0.76806563,0.42905855,Stable
0.38959143,0.4715724,0.47938177,0.6580668,0.49770522,0.38953733,0.70614547,0.7447207,0.68283486,0.29672813,0.75405324,0.6544853,0.7577302,0.26183477,0.7607448,0.61536014,0.76661897,0.4300807,Stable
0.38950345,0.47149432,0.4806366,0.65659624,0.49942994,0.38908896,0.7027308,0.7435965,0.68547344,0.29623044,0.75459754,0.65492564,0.7589621,0.2628476,0.7582492,0.6138967,0.766155,0.43086833,Stable
0.3895613,0.4714319,0.4806525,0.65666354,0.49925762,0.38907656,0.7028236,0.7436024,0.68530774,0.29625195,0.754609,0.65487015,0.75883144,0.26293665,0.75817275,0.6138414,0.76605916,0.43078429,Stable
0.39066717,0.471065,0.47936165,0.6574467,0.4959049,0.3884539,0.70011854,0.7425337,0.6818375,0.2975819,0.755577,0.65621746,0.763194,0.2730747,0.75546014,0.59910655,0.7613902,0.4257966,Stable
0.39121598,0.4709593,0.47860774,0.65820646,0.49543893,0.39010364,0.70005125,0.74068016,0.68384135,0.29740047,0.7551743,0.64953345,0.7629311,0.26893917,0.75274646,0.61267245,0.76052773,0.42936656,Stable
0.38892257,0.47110987,0.4802049,0.6579052,0.49570125,0.3894475,0.70236325,0.7434838,0.6850339,0.2971731,0.755059,0.64991194,0.7609812,0.26986444,0.7559921,0.5986079,0.7589294,0.42412353,Stable
0.38955498,0.47124368,0.478922,0.6590554,0.4955102,0.3894641,0.6966753,0.740669,0.6829795,0.29753757,0.7562496,0.6581373,0.7518141,0.26592246,0.7608621,0.5999296,0.76032066,0.421414,Stable
0.3897334,0.4722892,0.4794901,0.658844,0.49529812,0.38938737,0.69633853,0.7408103,0.6827666,0.29757583,0.75625575,0.65839547,0.7518403,0.2658813,0.7610135,0.6000562,0.7606337,0.42170233,Stable
0.3894994,0.472817,0.4810592,0.65918314,0.49346548,0.38907456,0.69848156,0.74477303,0.6827662,0.2974742,0.7555744,0.67382973,0.7528535,0.26875103,0.76358545,0.60475457,0.7615759,0.42326814,Stable
0.39065415,0.4730127,0.4838453,0.66363645,0.49458784,0.39117056,0.70367944,0.7518219,0.68206847,0.29751217,0.7529026,0.67974603,0.7536348,0.26955235,0.761429,0.6180078,0.7639553,0.4267784,Stable
0.39110428,0.47456607,0.48392376,0.66185814,0.49675852,0.38873667,0.7000672,0.7486558,0.68336356,0.29792196,0.75270647,0.6979693,0.7629194,0.26034456,0.7657,0.62070006,0.7697739,0.42892468,Stable
0.39112493,0.47331795,0.48045582,0.66428065,0.4999399,0.38913924,0.704637,0.75143445,0.68565416,0.29716244,0.7525438,0.70619166,0.76406157,0.25619245,0.76812315,0.62050956,0.77402127,0.4272047,Stable
0.39112708,0.47332412,0.48047495,0.6642722,0.4999175,0.38913536,0.70452726,0.7513405,0.6856233,0.2971573,0.7526003,0.70634556,0.764012,0.2562311,0.7681071,0.6204614,0.7740061,0.4272419,Stable
0.39371818,0.4748046,0.48321652,0.6668222,0.50173193,0.39212692,0.7133708,0.75471187,0.68702495,0.2960175,0.76020694,0.7378363,0.76539916,0.2504866,0.76969403,0.6305184,0.7768643,0.43030483,Stable
0.38972253,0.4796997,0.48817122,0.68035483,0.5060166,0.39440605,0.7068097,0.76401496,0.6917645,0.2981386,0.75965786,0.7595259,0.7649616,0.2559119,0.76736844,0.65141594,0.7739285,0.4361107,Stable
0.38920873,0.4871593,0.48849937,0.68113464,0.5008797,0.4014969,0.70203376,0.7687806,0.6886956,0.29886517,0.76163125,0.7712265,0.76467836,0.25997397,0.76813734,0.64815223,0.7731356,0.4432541,Stable
0.3906339,0.49047312,0.49089345,0.68263435,0.5026151,0.40210748,0.7166045,0.7832756,0.69315445,0.29641408,0.7697027,0.79012847,0.7657916,0.26051706,0.7744927,0.6467496,0.7738788,0.43561313,Stable
0.39075488,0.4905933,0.4909124,0.6825997,0.5024892,0.4021424,0.71660393,0.78329676,0.6929296,0.296624,0.76976573,0.7902114,0.766083,0.26059812,0.7745875,0.64688146,0.7739372,0.4357049,Stable
0.39054656,0.49014372,0.48821864,0.6812472,0.496172,0.4027474,0.71077955,0.77549696,0.685729,0.3003291,0.7697573,0.7761961,0.774132,0.24179307,0.77033556,0.6449317,0.77382004,0.43534145,Stable
0.3865506,0.49068567,0.4877597,0.68235683,0.49773085,0.4030736,0.70919716,0.7772042,0.6888453,0.29682094,0.77205795,0.7716519,0.7647049,0.24366847,0.77051926,0.6462701,0.77273905,0.4377056,Stable
0.39126617,0.49511978,0.488381,0.68398976,0.49543592,0.40539628,0.7147193,0.7783849,0.6849694,0.29994568,0.7611765,0.7312979,0.7554707,0.25385022,0.7709286,0.64476585,0.77145886,0.43669507,Stable
0.3904627,0.49627897,0.48748726,0.68394107,0.4932843,0.40099105,0.7141583,0.7781713,0.6796589,0.3027881,0.7645599,0.728091,0.7573628,0.25574267,0.7721485,0.6452428,0.7748703,0.43531892,Stable
0.3898484,0.49598384,0.4876675,0.6838486,0.49342823,0.40099344,0.71434724,0.7782011,0.67982924,0.3027763,0.76460475,0.7282168,0.7574487,0.2556169,0.7723365,0.6452577,0.7749757,0.43546647,Stable
0.38905567,0.49516124,0.49083245,0.68175715,0.49176276,0.40323216,0.7147628,0.7775533,0.673789,0.3015916,0.76147956,0.7214448,0.7525152,0.25443032,0.76989603,0.64178485,0.7762946,0.4380079,Stable
0.38706803,0.49983627,0.4935751,0.6839758,0.49131152,0.40328497,0.70442927,0.7800369,0.6732631,0.30175066,0.75344896,0.73192716,0.75335526,0.2453187,0.7708657,0.6432785,0.7735547,0.43826374,Stable
0.38255572,0.49887103,0.4868258,0.68511736,0.49526602,0.39797515,0.7146177,0.78723896,0.67689204,0.29797298,0.7612419,0.72681856,0.7557754,0.24514948,0.7748128,0.64412475,0.78022873,0.43196067,Stable
0.3813805,0.49792227,0.49333256,0.6801168,0.4965137,0.3954001,0.7069375,0.7755804,0.6785301,0.29754415,0.7541534,0.7333223,0.7479236,0.25891152,0.7689285,0.6387157,0.7701801,0.4323823,Stable
0.381098,0.4980302,0.49321735,0.68006676,0.49652013,0.395294,0.7067987,0.77557755,0.6785517,0.2974937,0.7541555,0.7334096,0.7479486,0.25896537,0.7689245,0.63882303,0.7701322,0.43232828,Stable
0.38063276,0.49763948,0.49600548,0.68028224,0.49691746,0.3937841,0.7156223,0.78052723,0.67997044,0.2978351,0.76442885,0.72990465,0.7466385,0.25995347,0.7702808,0.64282405,0.77224624,0.4335614,Stable
0.3807726,0.49796826,0.49224824,0.6809415,0.49306428,0.3936327,0.7137072,0.7711217,0.6791692,0.2914256,0.7625782,0.7292619,0.76129335,0.23726928,0.76976365,0.63995874,0.7723186,0.4296002,Stable
0.3794605,0.49910307,0.4895613,0.6814766,0.4931702,0.4021327,0.6999172,0.76851773,0.67286336,0.29758108,0.763282,0.73014045,0.7578513,0.23589835,0.7662832,0.6402019,0.76959336,0.43453488,Stable
0.37766552,0.50019985,0.48951173,0.681416,0.49294826,0.40260696,0.7082943,0.7738255,0.674823,0.29722497,0.76529133,0.7315871,0.75630784,0.23711845,0.76438755,0.63911057,0.7672465,0.43299493,Stable
0.37773776,0.50012565,0.4894212,0.6814136,0.49283633,0.40261266,0.7084188,0.77384895,0.6747972,0.29725173,0.7652496,0.731558,0.75635993,0.23694736,0.7642788,0.63895255,0.7672032,0.43298852,Stable
0.37405056,0.49357432,0.49374637,0.68414545,0.48983535,0.39677772,0.71845144,0.7815416,0.67616904,0.29864833,0.7637889,0.725888,0.75915575,0.23554574,0.76762366,0.6416253,0.77009904,0.43422934,Stable
0.37621137,0.49831176,0.48837352,0.6829476,0.49321783,0.40220767,0.7146215,0.7774479,0.6751002,0.29945946,0.7639451,0.7220694,0.7580333,0.23797777,0.7672702,0.64085066,0.76951784,0.4348348,Stable
0.37874496,0.5046122,0.492284,0.6835307,0.49214718,0.4029655,0.7120485,0.77612555,0.6753516,0.30092573,0.76387995,0.7211925,0.7556577,0.24108188,0.7657911,0.6433772,0.7686498,0.43666482,Stable
0.3779914,0.5065926,0.49478692,0.68389624,0.48826608,0.39995188,0.71844244,0.77639264,0.6812556,0.2907119,0.7606234,0.72692454,0.75917715,0.23835921,0.76467514,0.64102834,0.7677853,0.43514496,Stable
0.3779099,0.50649387,0.49485135,0.68388456,0.48831266,0.39981365,0.7184392,0.7763927,0.68118584,0.2909222,0.76063865,0.72699726,0.75896025,0.2389891,0.7647271,0.64091116,0.7677282,0.43495387,Stable
0.37772495,0.5051677,0.49504846,0.6835765,0.48970097,0.39912033,0.71661586,0.77629966,0.6763526,0.29832423,0.76009333,0.72303855,0.76041955,0.2423067,0.7667288,0.6417771,0.7689122,0.43568346,Stable
0.37715375,0.5047525,0.49694598,0.6849351,0.4907033,0.39855298,0.7162334,0.7768686,0.6889523,0.2902148,0.7594108,0.726829,0.75870097,0.24554676,0.7677618,0.6407528,0.76969445,0.43660995,Stable
0.37778637,0.50612485,0.49541008,0.6844553,0.48996067,0.40158233,0.7226202,0.7811133,0.6917131,0.28945488,0.7590138,0.7252238,0.7626933,0.2459502,0.7660425,0.64167213,0.7678339,0.43797228,Stable
0.3793208,0.50756437,0.4963994,0.6839137,0.48950148,0.3990726,0.71941924,0.782326,0.6804041,0.29799756,0.7591073,0.72395366,0.7570953,0.250807,0.76905847,0.641817,0.7703552,0.43357068,Stable
0.3792586,0.507675,0.4964013,0.6839754,0.48958045,0.39896986,0.71941376,0.78233683,0.68055433,0.2979569,0.7591213,0.72408056,0.7572205,0.2507441,0.76891696,0.641818,0.7702447,0.43344542,Stable
0.38222405,0.50738025,0.49616897,0.6841216,0.4897966,0.39946648,0.71899366,0.7827884,0.6809877,0.29832003,0.7581967,0.720111,0.75560415,0.25914064,0.769659,0.64304906,0.77093244,0.43330574,Stable
0.37975866,0.5088103,0.49564922,0.6844191,0.4883544,0.39794564,0.7176182,0.78026956,0.6782038,0.29906672,0.7573029,0.7268244,0.7507116,0.2615229,0.7697362,0.64105535,0.77111685,0.43220812,Stable
0.37987146,0.5090126,0.49498987,0.68496466,0.48727068,0.39866722,0.7142726,0.7730338,0.677263,0.29897672,0.76079476,0.72317785,0.7470764,0.26492375,0.77004683,0.6414281,0.7709454,0.43199298,Stable
0.38039517,0.5096696,0.49386546,0.68480253,0.48793337,0.39988655,0.7137716,0.77115726,0.6789452,0.29996508,0.76181555,0.72077316,0.74337757,0.27588996,0.7707015,0.6428574,0.77089757,0.43491292,Stable
0.38054848,0.5096755,0.49382043,0.68481874,0.48791617,0.39992094,0.71372783,0.771137,0.67884994,0.29994214,0.7618232,0.72082686,0.7435256,0.27577248,0.77055657,0.6428478,0.7708982,0.43498725,Stable
0.38375187,0.50848484,0.49302912,0.68522257,0.49215907,0.40575397,0.71204394,0.77411145,0.67782104,0.3024839,0.76034665,0.7303947,0.75177443,0.26023826,0.766906,0.6452841,0.76715505,0.43880028,Stable
0.38297555,0.5104808,0.4919698,0.68653935,0.48894447,0.4056509,0.71606696,0.7769453,0.6778275,0.3019612,0.7585796,0.72798634,0.7521113,0.26090747,0.76696527,0.6470591,0.76805896,0.4410792,Stable
0.3825072,0.5093388,0.49174005,0.68659174,0.4908402,0.40554106,0.7172921,0.7777204,0.68187773,0.30114323,0.757898,0.7338092,0.74943876,0.26050925,0.76665205,0.64605653,0.7697758,0.44130287,Stable
0.38059506,0.5142254,0.49235713,0.68788755,0.49240208,0.40397882,0.72002447,0.7832098,0.6817195,0.30056226,0.76108444,0.719787,0.7465956,0.26277512,0.76837057,0.6430552,0.76969826,0.4375487,Stable
0.38118538,0.5140532,0.4924103,0.68786716,0.49239478,0.40405008,0.7198547,0.78314584,0.6817109,0.3005744,0.76116127,0.72003293,0.7467066,0.26277998,0.76844025,0.6431641,0.76988554,0.43764615,Stable
0.37936395,0.5173188,0.48923087,0.6880593,0.49273401,0.4068709,0.72062945,0.7820613,0.6765466,0.30002713,0.7623674,0.72025317,0.75185645,0.25828797,0.7655411,0.64327645,0.76589435,0.43623608,Stable
0.38153994,0.51882565,0.48943204,0.6889713,0.49213776,0.40776396,0.7216353,0.7831379,0.6767952,0.2996009,0.7628906,0.7187578,0.7474615,0.26460582,0.7691109,0.6459466,0.7687962,0.43845117,Stable
0.38197833,0.52053225,0.49012488,0.6902287,0.49392626,0.40891358,0.7262745,0.78277296,0.6795732,0.29959056,0.7591955,0.70459557,0.7551701,0.2575352,0.76999944,0.64727527,0.76926225,0.43803033,Stable
0.38143283,0.5214479,0.4918427,0.6911378,0.49474573,0.40823078,0.7244193,0.7845776,0.6809342,0.29815733,0.76104987,0.7003483,0.75096893,0.26700348,0.77066827,0.6452702,0.7699299,0.43574,Stable
0.38149652,0.5213725,0.49182534,0.69110775,0.49475595,0.40824196,0.7245159,0.7846667,0.681043,0.29814243,0.76103127,0.7004513,0.7511667,0.2668841,0.7706703,0.6452107,0.7699652,0.4357253,Stable
0.37733775,0.515469,0.48550725,0.6918368,0.49534878,0.40534994,0.7307407,0.784476,0.6869372,0.2961332,0.75702465,0.6963534,0.7590779,0.2575895,0.770895,0.64333194,0.77160114,0.4337662,Stable
0.38175488,0.52028966,0.48584533,0.691959,0.4917022,0.4029423,0.72513807,0.78510475,0.68620515,0.2965832,0.762351,0.70153326,0.7580714,0.2552508,0.771597,0.6427759,0.7719172,0.4330712,Stable
0.37806302,0.5155822,0.49029213,0.69083977,0.49066132,0.40289456,0.7244765,0.78350323,0.6875309,0.29598865,0.7595904,0.69995016,0.75854725,0.2561833,0.7702963,0.6450491,0.7718643,0.435402,Stable
0.3783322,0.5153346,0.49176204,0.6883788,0.49574548,0.4035725,0.7197269,0.7823026,0.6874902,0.294219,0.75526416,0.69808906,0.7554045,0.25462204,0.7717426,0.6484701,0.7740969,0.43978006,Stable
0.37837368,0.51525426,0.49175572,0.6882598,0.49575672,0.40346357,0.71986103,0.7824204,0.6873673,0.29424775,0.7553035,0.6979871,0.7555741,0.25406057,0.77179646,0.6483574,0.77419794,0.43971366,Stable
0.37758765,0.5154212,0.4888293,0.6894428,0.49476337,0.40234965,0.720037,0.7792417,0.684005,0.29511607,0.7590501,0.69994754,0.75678575,0.24874848,0.7721287,0.64748496,0.7747852,0.4383654,Stable
0.37862086,0.515503,0.48894322,0.6901711,0.494578,0.40109715,0.72100705,0.7792084,0.68244076,0.29627174,0.7587296,0.706083,0.7562243,0.2468875,0.7745563,0.6458707,0.7774923,0.43629694,Stable
0.378609,0.5163542,0.48974764,0.6910597,0.4935084,0.40059537,0.72973555,0.7824851,0.6814353,0.2971252,0.76479787,0.7195338,0.7575237,0.24583152,0.77381176,0.6442892,0.77680516,0.43492454,Stable
0.37711164,0.51563275,0.49035418,0.6901357,0.49566445,0.403131,0.7275623,0.7815508,0.6860112,0.29637837,0.7653581,0.7217494,0.758338,0.24658853,0.77344275,0.64308804,0.7762176,0.43587157,Stable
0.37696815,0.5157263,0.4903718,0.6901411,0.49568614,0.40317696,0.72738206,0.7815957,0.685996,0.29643393,0.7653286,0.7218439,0.75848234,0.24636889,0.7734169,0.64318347,0.776183,0.43596876,Stable
0.37729245,0.5163574,0.48867154,0.6891371,0.49147385,0.40253755,0.72432077,0.78098655,0.68053067,0.29848966,0.768046,0.72465026,0.75981134,0.24501018,0.7743355,0.6438403,0.77712953,0.4359548,Stable
0.37840074,0.5174294,0.4919314,0.6891625,0.49142176,0.40313447,0.71858287,0.7769946,0.68313235,0.29884297,0.7644426,0.71506643,0.75789094,0.24873999,0.77356017,0.64705265,0.7756089,0.43792576,Stable
0.3785705,0.5158559,0.48767346,0.695147,0.49301702,0.40286487,0.7226182,0.78253853,0.68456405,0.29737002,0.7516819,0.6882309,0.7559712,0.25455946,0.77510655,0.64086837,0.77528876,0.43370873,Stable
0.3767993,0.5176451,0.4933066,0.69846547,0.4900591,0.4070804,0.725171,0.78553957,0.6856586,0.29622075,0.7614176,0.71367115,0.7551501,0.25770473,0.7696197,0.6472764,0.77034914,0.43908358,Stable
0.37679863,0.5176289,0.49333495,0.69849175,0.49001265,0.40710017,0.7252607,0.7855724,0.6852376,0.29625288,0.7613737,0.71349454,0.7548897,0.25749433,0.76956457,0.6472292,0.77017826,0.4389434,Stable
0.3781434,0.5182279,0.491631,0.701334,0.49419105,0.40311605,0.72424805,0.78884995,0.69418514,0.2961035,0.7602224,0.7168657,0.76192784,0.26061755,0.77128065,0.65032136,0.77363646,0.43858695,Stable
0.37892732,0.51980907,0.49318647,0.7030194,0.493842,0.4071135,0.7258875,0.7913982,0.6837386,0.2984556,0.7516633,0.6952695,0.76266825,0.24624017,0.77404153,0.64928734,0.7766926,0.4461432,Stable
0.3766337,0.521016,0.49575174,0.70638436,0.49689922,0.40718699,0.726176,0.80156624,0.68550587,0.29709104,0.7444655,0.696298,0.7621912,0.24544454,0.77042484,0.6478286,0.77202123,0.4368213,Stable
0.38010138,0.5239601,0.4954568,0.70737857,0.49460346,0.410662,0.7334076,0.8074057,0.68341744,0.3017054,0.7418816,0.6965209,0.7670976,0.23583226,0.77057254,0.6484015,0.7734748,0.43811733,Stable
0.38008988,0.5239444,0.49550492,0.7073188,0.494606,0.4106618,0.733386,0.80739033,0.683552,0.3016586,0.7418558,0.69663686,0.7671775,0.23597883,0.770458,0.6483619,0.7733846,0.4381076,Stable
0.37652704,0.5232316,0.49413282,0.70916736,0.49769282,0.41313905,0.7336528,0.80751604,0.6817469,0.30183604,0.7443289,0.6906835,0.765263,0.23451447,0.7709447,0.6495503,0.7756704,0.4393122,Stable
0.3754775,0.5209448,0.49228308,0.70817065,0.49840587,0.41120481,0.7322511,0.8080082,0.6808633,0.2977988,0.7439381,0.690534,0.760858,0.23589796,0.77015233,0.6506026,0.77324367,0.43997893,Stable
0.37712488,0.5161908,0.49418604,0.7081965,0.49823126,0.40727183,0.739659,0.80747294,0.67951393,0.29854518,0.74690485,0.68621814,0.7657306,0.2294657,0.7706981,0.6460351,0.7756201,0.4370743,Stable
0.37854847,0.5186645,0.4953843,0.7061886,0.49637184,0.40695447,0.73076814,0.79350466,0.67335147,0.29735744,0.7483331,0.6946487,0.76453733,0.22567353,0.7731495,0.64390063,0.77711046,0.43281674,Stable
0.37878048,0.51847327,0.49534184,0.7061902,0.49649653,0.4069302,0.73070735,0.7935262,0.67315435,0.2974093,0.74849975,0.69456697,0.76460874,0.2252544,0.7731864,0.64400494,0.7771926,0.43301913,Stable
0.3752256,0.51665926,0.4834447,0.6962179,0.4976879,0.40146035,0.73902196,0.7958704,0.68511164,0.29097193,0.74544346,0.6832823,0.76351714,0.21912089,0.7728209,0.6412252,0.7778963,0.43050462,Stable
0.37733194,0.5086345,0.48433727,0.6961393,0.5055044,0.3961336,0.74115944,0.7949459,0.68986595,0.2813618,0.74861777,0.67637646,0.7631546,0.2271012,0.77356863,0.6410291,0.776601,0.4260643,Stable
0.37963694,0.50006145,0.48454797,0.69151735,0.5053314,0.38967067,0.7398399,0.7929872,0.6927001,0.2772203,0.746911,0.67564434,0.7693624,0.21219568,0.76745725,0.6396208,0.7733311,0.42793894,Stable
0.3841407,0.4911911,0.488271,0.6835178,0.50369906,0.3829455,0.72966564,0.779233,0.6898643,0.27445433,0.7546339,0.73278916,0.7673675,0.20166636,0.76076233,0.6411325,0.7709911,0.42482764,Stable
0.38398,0.49119598,0.48828006,0.6835382,0.5036524,0.38299343,0.7297923,0.7791779,0.68998164,0.27436572,0.7544849,0.7327951,0.7673807,0.20171872,0.76097167,0.6411605,0.77117777,0.4249012,Stable
0.38080263,0.48367494,0.4898023,0.6809741,0.5047999,0.38311812,0.7311609,0.7736003,0.6963639,0.26984787,0.74294394,0.6985446,0.76649857,0.20625997,0.76572025,0.6395211,0.77423257,0.42415357,Stable
0.37583634,0.47874066,0.487236,0.67762566,0.5055144,0.37835014,0.72470355,0.76481974,0.70095825,0.25989923,0.74747556,0.6980809,0.7618289,0.2007448,0.76339644,0.63484824,0.7690816,0.41354585,Stable
0.37596053,0.47925255,0.48639223,0.6679076,0.5016818,0.37715077,0.72215,0.7576758,0.69295347,0.26038334,0.75021267,0.7250914,0.7618606,0.19822071,0.764893,0.62451446,0.768633,0.4119017,Stable
0.3761357,0.47908077,0.48212504,0.66364884,0.502454,0.37201628,0.7242439,0.75609505,0.68487847,0.25804242,0.75185245,0.7178544,0.75734997,0.19427687,0.76358247,0.61848503,0.7651026,0.41335714,Stable
0.37614298,0.4792193,0.48212004,0.66360366,0.5024606,0.3720591,0.7241809,0.75606436,0.68509144,0.25804514,0.75179887,0.7178726,0.7576113,0.19415641,0.7634787,0.6184354,0.76501334,0.41334802,Stable
0.37469444,0.4751752,0.48515898,0.65873766,0.50769806,0.36557204,0.7303583,0.7558744,0.69212604,0.25505632,0.7577964,0.6862639,0.7618208,0.19201428,0.76287675,0.6144093,0.7698507,0.40781236,Stable
0.37458098,0.47668403,0.48747107,0.65884376,0.5064526,0.36074346,0.7288878,0.75069463,0.70067567,0.24747306,0.7596628,0.7139375,0.7595467,0.19543135,0.76485485,0.6132357,0.77093685,0.40211308,Stable
0.37592372,0.47445998,0.49048072,0.65529984,0.5081283,0.35516366,0.72515386,0.74731636,0.6985864,0.24825874,0.76270217,0.7205603,0.7589654,0.19396362,0.7673947,0.60721946,0.77274215,0.39002156,Stable
0.37570593,0.47390926,0.48956892,0.6543263,0.5030841,0.35343182,0.72689855,0.7416941,0.69727105,0.24838063,0.7571628,0.7056161,0.7619166,0.19327274,0.7695274,0.6065397,0.7732421,0.3899477,Stable
0.37569827,0.473942,0.48958775,0.65433985,0.5082019,0.35290918,0.72697127,0.741713,0.69739306,0.24836537,0.75716877,0.70560277,0.7619246,0.19337825,0.7694844,0.6066288,0.7731676,0.38998017,Stable
0.3761816,0.4749257,0.49211073,0.6518005,0.51032853,0.34987506,0.7344045,0.7392249,0.70069337,0.24485147,0.759403,0.70621765,0.7668401,0.18151286,0.7701782,0.60406554,0.7749242,0.390404,Stable
0.3751521,0.47761485,0.4943312,0.6487905,0.5106235,0.34625882,0.7203411,0.7405585,0.7009971,0.23794638,0.76315683,0.71724576,0.76843774,0.1800267,0.76985997,0.6059176,0.77155703,0.39044723,Stable
0.37791473,0.47766328,0.4915656,0.64968896,0.5030266,0.34385046,0.73057973,0.73882264,0.69236964,0.23933545,0.7647208,0.7043132,0.75945795,0.18553218,0.77280736,0.598393,0.7748549,0.38511258,Stable
0.3794019,0.47712106,0.4924096,0.64757484,0.5023905,0.3423133,0.72951263,0.73794574,0.6924354,0.23815823,0.76229405,0.7179549,0.76829183,0.17576209,0.7724421,0.5956451,0.77129906,0.37530202,Stable
0.3793999,0.47698843,0.492524,0.6475874,0.5023241,0.3424346,0.72959274,0.7379503,0.69234747,0.2381063,0.76247334,0.71790475,0.7682917,0.17605546,0.7725675,0.5958131,0.7724795,0.38105494,Stable
0.3787191,0.4761474,0.4938078,0.64832026,0.5020392,0.3381513,0.7353802,0.74043596,0.6964986,0.23873585,0.75915694,0.7103612,0.7719343,0.17775267,0.77298874,0.5959501,0.77292126,0.37171385,Stable
0.37677538,0.4784653,0.4921006,0.6461705,0.50007963,0.34269977,0.73863196,0.74090093,0.69504446,0.23611996,0.76558554,0.69714516,0.7637377,0.1870603,0.77183855,0.5924632,0.77381635,0.37221885,Stable
0.37483633,0.4751756,0.4927717,0.64433706,0.49728602,0.33641845,0.7409155,0.74019694,0.69736946,0.233437,0.7703272,0.69840884,0.76563966,0.18897943,0.7758117,0.59405994,0.7755138,0.36927545,Stable
0.37431714,0.47742373,0.48966902,0.6435429,0.49798483,0.33544895,0.7364038,0.7361569,0.694183,0.2362721,0.76835585,0.7062068,0.7626698,0.18704931,0.77279425,0.5931961,0.77492917,0.36893535,Stable
0.37416825,0.4774534,0.48967403,0.6434979,0.49787125,0.3355256,0.7363972,0.7361456,0.6932838,0.23860876,0.76834536,0.706193,0.7625387,0.18715577,0.7727823,0.5931628,0.77488655,0.36900562,Stable
0.37568006,0.4696859,0.49506468,0.63768667,0.5007192,0.33732736,0.7345962,0.7333802,0.69426006,0.23729819,0.7629017,0.69847655,0.7611507,0.19134657,0.7715064,0.57917166,0.7682869,0.3683306,Stable
0.37397847,0.45994493,0.49503872,0.63525987,0.49737152,0.333638,0.7199273,0.72467315,0.7010288,0.24228895,0.7709481,0.7080703,0.7646967,0.1906246,0.7722708,0.58753943,0.7726583,0.36939716,Stable
0.37566695,0.45764756,0.4942633,0.63498545,0.50257283,0.33275884,0.718682,0.72413844,0.707787,0.24623978,0.77237433,0.71999323,0.76428384,0.20425257,0.7773072,0.58651686,0.77654505,0.36845386,Stable
0.37932456,0.4534168,0.49326926,0.6333303,0.4981808,0.33634135,0.7197165,0.7259075,0.6979004,0.25032887,0.7725114,0.7231109,0.7665869,0.20757544,0.7736234,0.5861849,0.77241397,0.3706146,Stable
0.37925297,0.4535211,0.49326771,0.6332688,0.49812567,0.33627436,0.7195474,0.72567797,0.6976732,0.25031132,0.7726251,0.7234897,0.7664441,0.20763104,0.77348536,0.5862088,0.7724215,0.37073323,Stable
0.3792389,0.45107514,0.48948988,0.62960553,0.49626404,0.33771235,0.7036036,0.71371865,0.6930632,0.25627512,0.7782464,0.7288882,0.76122534,0.20931527,0.77082604,0.5846708,0.77307314,0.381405,Stable
0.37698635,0.455931,0.48997772,0.63390535,0.49546716,0.34196684,0.70376825,0.72078127,0.6916783,0.26580694,0.76540774,0.7313068,0.76169443,0.21376157,0.7696075,0.59243727,0.77299637,0.3882429,Stable
0.37788236,0.4598624,0.48562098,0.635973,0.49535513,0.3509364,0.7058736,0.72732157,0.6868626,0.2709096,0.7635056,0.7321951,0.76329726,0.21117598,0.77005756,0.5924027,0.76972574,0.39021772,Stable
0.3762772,0.47059584,0.48640665,0.6361755,0.4935336,0.3491945,0.7034861,0.7200662,0.6991243,0.26326415,0.76434445,0.7281022,0.7621133,0.21291116,0.77339286,0.5916866,0.7699815,0.38692436,Stable
0.37621695,0.4706671,0.4864006,0.63624775,0.4935429,0.34919724,0.70347774,0.7201246,0.6993736,0.26336107,0.7643032,0.7282405,0.76232517,0.212829,0.77334154,0.59173894,0.77003783,0.38688955,Stable
0.37563515,0.4745232,0.48860192,0.6373444,0.495264,0.35410446,0.70328873,0.72363555,0.68562603,0.2740478,0.769216,0.7272379,0.7646744,0.21610612,0.7713067,0.5899435,0.7686677,0.39672983,Stable
0.37402183,0.47527742,0.48897347,0.6419417,0.49442574,0.35508785,0.7116438,0.7315609,0.6799907,0.27924356,0.7664081,0.72013086,0.7654499,0.2136823,0.76695836,0.5932895,0.76744145,0.39318705,Stable
0.37738094,0.48064098,0.49244142,0.6440777,0.49324748,0.35678136,0.70306414,0.7334877,0.67228746,0.28140786,0.7631668,0.7335931,0.76127875,0.2202689,0.7699255,0.5943713,0.7670406,0.39142215,Stable
0.37890768,0.48266742,0.49338043,0.64937454,0.49100924,0.36108357,0.70283383,0.7350208,0.6674559,0.28464442,0.7643678,0.7371526,0.76051044,0.22347134,0.7694073,0.60008705,0.7633161,0.397543,Stable
0.37886995,0.48264098,0.4933512,0.6493612,0.4909745,0.3610145,0.70295495,0.734903,0.6674037,0.2846674,0.7649088,0.736927,0.7581207,0.23423712,0.7695448,0.60005426,0.76330435,0.39736518,Stable
0.37405583,0.48252577,0.4942877,0.65462726,0.49061498,0.3628788,0.70426434,0.73690665,0.6719078,0.28513288,0.7614058,0.72664726,0.7634484,0.21832442,0.76636165,0.6103702,0.7655837,0.40500212,Stable
0.3761792,0.48354134,0.49501404,0.6546947,0.48986512,0.3652519,0.7079941,0.73504114,0.6707479,0.28552392,0.7561638,0.72804964,0.7521403,0.23085509,0.76790345,0.60816896,0.7660805,0.40491268,Stable
0.37639698,0.48423576,0.49643624,0.6520502,0.49002394,0.3667512,0.708712,0.73503375,0.6644504,0.28636146,0.76040447,0.72593874,0.76281375,0.21807164,0.7709243,0.5928493,0.76781285,0.39100954,Stable
0.37693137,0.4842417,0.49560305,0.6499822,0.4909936,0.3686056,0.70822465,0.7343259,0.66806114,0.28689855,0.7574792,0.7242091,0.7645253,0.21893215,0.771517,0.589861,0.7672285,0.3910031,Stable
0.37692422,0.48424742,0.49557853,0.64983207,0.49107236,0.36864835,0.70811284,0.73430717,0.6682541,0.28675005,0.7575537,0.7242441,0.7645905,0.218999,0.77180135,0.5899459,0.76739013,0.39097998,Stable
0.37628528,0.4848616,0.49564442,0.6505255,0.49063727,0.3708261,0.71324915,0.7364921,0.6677601,0.29317582,0.75673103,0.71639436,0.76080364,0.22640865,0.77030724,0.59546876,0.7679576,0.3969313,Stable
0.37199163,0.4815216,0.49465668,0.6483934,0.49008608,0.369408,0.7083136,0.73370063,0.66643924,0.293436,0.7640517,0.72432446,0.7544309,0.23501778,0.77022123,0.5942794,0.7692053,0.39858732,Stable
0.37421986,0.48057958,0.49429077,0.648381,0.48903507,0.37024105,0.69926023,0.72923505,0.6650832,0.2946036,0.75718606,0.73062444,0.7530956,0.24115717,0.76867145,0.5939203,0.76767325,0.40781927,Stable
0.37313026,0.48275703,0.493898,0.6509933,0.48856935,0.36443147,0.697344,0.73699296,0.6574436,0.29732165,0.75679624,0.7319245,0.75141996,0.2442205,0.76958466,0.5945981,0.7665388,0.4053757,Stable
0.3732227,0.4827451,0.49392593,0.6510819,0.4886176,0.36434072,0.6975266,0.73698854,0.65766335,0.297203,0.75671244,0.7316135,0.7514243,0.24440083,0.7696594,0.5945729,0.7667465,0.40536475,Stable
0.374199,0.48206505,0.49225914,0.65211165,0.4924365,0.36546966,0.70004314,0.7336372,0.666459,0.2952523,0.76681805,0.7383275,0.7426436,0.25280237,0.7672882,0.6086499,0.7699777,0.41275424,Stable
0.37710863,0.48315883,0.49293888,0.6546879,0.49139714,0.36881173,0.69623077,0.73352975,0.66368353,0.29775065,0.7582747,0.7391139,0.75272095,0.24702202,0.7672827,0.60761666,0.76815176,0.4113766,Stable
0.3770537,0.48703778,0.49290904,0.65797734,0.49358842,0.37053406,0.7004714,0.7399754,0.67194057,0.29556704,0.75291413,0.74203706,0.75010484,0.24735337,0.76390076,0.6145116,0.76847905,0.4116581,Stable
0.3800729,0.48545825,0.4912572,0.65467054,0.49567756,0.36787495,0.7037849,0.737097,0.6679299,0.29303977,0.76670444,0.7431725,0.7421762,0.24347618,0.7684083,0.59657395,0.76995695,0.4073823,Stable
0.38002497,0.48551917,0.4911539,0.65468735,0.49565396,0.36789522,0.703675,0.7370788,0.6682099,0.29283518,0.7669059,0.7432129,0.7422158,0.24344043,0.76836777,0.59667933,0.76994646,0.4075256,Stable
0.37958837,0.49029446,0.4968047,0.6608628,0.49311146,0.3698581,0.7160374,0.74956644,0.66803515,0.29590294,0.7646708,0.738137,0.74578494,0.24005869,0.77558684,0.6013436,0.7760017,0.4102171,Stable
0.38177556,0.49562323,0.49758154,0.66040754,0.49360573,0.3758181,0.70699525,0.7479414,0.66728973,0.29207426,0.75909394,0.73663664,0.7557966,0.23069733,0.7742816,0.6002736,0.775274,0.40940177,Stable
0.38208866,0.5011617,0.5058576,0.66139317,0.49249834,0.37571475,0.7303161,0.7510943,0.6580937,0.29052618,0.74872744,0.7292599,0.7536692,0.23268154,0.77712667,0.59821707,0.7767559,0.39910182,Stable
0.38174137,0.49801838,0.5066016,0.66370845,0.49465883,0.37174457,0.7356898,0.74556804,0.661957,0.28182375,0.7501333,0.7183666,0.7515147,0.22884578,0.77592635,0.5995103,0.7745888,0.39910814,Stable
0.38186872,0.4988303,0.5066253,0.6638501,0.49461377,0.3716663,0.7355706,0.74581,0.6618228,0.2819005,0.75023,0.7188082,0.7514173,0.2288909,0.77546155,0.5995729,0.7741575,0.39896595,Stable
0.38728926,0.4996153,0.5067086,0.6623779,0.5003178,0.37053853,0.738412,0.7555534,0.66582656,0.28361988,0.7457707,0.70766175,0.76181734,0.21913171,0.7760092,0.60448426,0.77604496,0.40860173,Stable
0.38565585,0.506886,0.5019388,0.6633663,0.49492407,0.37460703,0.7284996,0.7521202,0.6719066,0.28545433,0.7484921,0.7294167,0.75683343,0.22893482,0.7749245,0.5994921,0.77243805,0.40154165,Stable
0.3934151,0.50543797,0.50824654,0.6619959,0.49698207,0.37606308,0.7263423,0.7424911,0.67000484,0.28312293,0.7522754,0.7213706,0.75300705,0.23488781,0.77429056,0.6042148,0.7739526,0.40416086,Stable
0.3876562,0.5072744,0.50549436,0.6619118,0.4995901,0.37397718,0.73568237,0.7535197,0.6722598,0.28427625,0.76190734,0.7126586,0.760081,0.22515178,0.7740957,0.60737836,0.7728199,0.402834,Stable
0.38767147,0.5072339,0.5056228,0.661866,0.49980038,0.37363586,0.73594487,0.75359297,0.6731863,0.28412282,0.7619282,0.7129094,0.76160455,0.22377029,0.7750163,0.6070899,0.7737019,0.40222105,Stable
0.39130494,0.505445,0.50242084,0.6595907,0.49931407,0.3741784,0.7309321,0.7425682,0.6707651,0.2855187,0.7511512,0.7224938,0.74933934,0.23261619,0.7752682,0.6065114,0.7767264,0.40934414,Stable
0.38714582,0.50220144,0.5021621,0.6548424,0.5014691,0.3754812,0.71266615,0.7349421,0.66723883,0.29221654,0.7518649,0.736426,0.7432995,0.23646036,0.773015,0.6081629,0.7739658,0.4153713,Stable
0.38834307,0.50817,0.5056224,0.6554121,0.49992627,0.37669426,0.7064537,0.73707527,0.66752875,0.2929532,0.7548876,0.7406641,0.7412914,0.23762742,0.7784475,0.6115064,0.77721214,0.41462892,Stable
0.38537943,0.50767124,0.5042659,0.6562124,0.5004897,0.37239027,0.70399463,0.73652494,0.6726403,0.2851048,0.7527447,0.73196745,0.74531996,0.23737346,0.7716891,0.60602736,0.77550817,0.41212094,Stable
0.38543302,0.5076363,0.5042476,0.65621245,0.50046915,0.37241054,0.703949,0.7365553,0.67284054,0.2850716,0.752843,0.7320761,0.7456399,0.23738216,0.7716813,0.6058351,0.7753784,0.4118981,Stable
0.3817538,0.50631297,0.5028302,0.65378785,0.5024124,0.3669424,0.69873655,0.73030114,0.67006177,0.28389615,0.7611558,0.7448189,0.75331676,0.23571482,0.77258694,0.6044775,0.77532125,0.40832874,Stable
0.38176107,0.5074505,0.5001891,0.65353066,0.4981084,0.36969528,0.6933924,0.7310924,0.67761636,0.28473598,0.7606401,0.7469032,0.7525679,0.24012005,0.766276,0.60729295,0.7708246,0.41122437,Stable
0.38381088,0.5101057,0.504189,0.653991,0.49834788,0.3706478,0.69831586,0.733726,0.6809226,0.28182438,0.7514787,0.74317384,0.7486567,0.24217439,0.7751055,0.60660523,0.7745974,0.41068205,Stable
0.3794725,0.51652086,0.5015936,0.6580486,0.497084,0.37256312,0.69290984,0.73737186,0.68583554,0.28159717,0.74998534,0.7521171,0.7475845,0.25452513,0.76169944,0.6184046,0.76564324,0.41598558,Stable
0.37955114,0.51648635,0.50167584,0.6579377,0.4971765,0.37245154,0.6929647,0.7373742,0.6860041,0.28159654,0.75040865,0.7524152,0.74764913,0.2544384,0.7621104,0.6182466,0.7660036,0.41583002,Stable
0.38028038,0.51690495,0.4999209,0.6579273,0.49663436,0.37098297,0.6921772,0.7400994,0.6870036,0.2870343,0.7576126,0.7596413,0.72406375,0.2587518,0.7659432,0.6148578,0.7706609,0.4135283,Stable
0.37570012,0.5187208,0.49690688,0.66284746,0.4991027,0.37294197,0.69510496,0.7370671,0.69843477,0.28410852,0.7566936,0.7623238,0.71363425,0.26910478,0.7692646,0.6203418,0.776215,0.41605327,Stable
0.37639663,0.5198172,0.49717996,0.6668584,0.5000027,0.3714416,0.6984643,0.74521744,0.6981436,0.28497648,0.76000464,0.7652966,0.7527231,0.2504477,0.76341313,0.6307513,0.7736365,0.4236321,Stable
0.37550497,0.5166633,0.50151765,0.672841,0.49814278,0.37408167,0.7082279,0.7515144,0.697837,0.28537852,0.76039636,0.7681767,0.7542566,0.26082137,0.7719285,0.6337056,0.78049266,0.4255746,Stable
0.37540054,0.5166558,0.5014333,0.6727351,0.49817297,0.374016,0.7083218,0.7516912,0.6984073,0.28528202,0.76059914,0.76818824,0.7541372,0.26068678,0.77192414,0.63353145,0.78046787,0.42553753,Stable
0.3757143,0.52002203,0.5018369,0.67682713,0.49942952,0.37370503,0.716725,0.7605786,0.6905652,0.2841688,0.7514645,0.7687619,0.75441754,0.24360675,0.76859736,0.6378619,0.7754261,0.42627487,Stable
0.3751566,0.5242146,0.500702,0.67820704,0.4967134,0.3727116,0.71862733,0.7584975,0.6823902,0.28399038,0.74828327,0.76273173,0.75127214,0.24650899,0.77155274,0.6346432,0.7775711,0.41723222,Stable
0.37567192,0.51704735,0.49996695,0.67696804,0.4976779,0.37094223,0.71116537,0.7524356,0.6874689,0.2830949,0.7558419,0.762892,0.750448,0.25867113,0.7734236,0.63456225,0.7799005,0.42341375,Stable
0.37266082,0.5155917,0.49994206,0.670436,0.49648368,0.37840518,0.71614236,0.7549831,0.676563,0.2854805,0.74612904,0.73985875,0.745517,0.2611423,0.77060074,0.62544155,0.77013606,0.4199766,Stable
0.37253433,0.5156491,0.49983388,0.6707153,0.496437,0.37842405,0.71609014,0.7550153,0.6765458,0.2854381,0.7459895,0.7405719,0.7454843,0.2611435,0.7703392,0.62549806,0.7699518,0.41990566,Stable
0.37405372,0.5154681,0.49146813,0.6774447,0.49707568,0.37344044,0.71090364,0.7518639,0.6791879,0.28616375,0.75099885,0.7455995,0.7554352,0.25470158,0.77365726,0.63243306,0.78119254,0.41571614,Stable
0.37260497,0.5158131,0.49654526,0.6827917,0.49574727,0.3779019,0.70999897,0.7484486,0.675858,0.28685308,0.7618258,0.7586392,0.7620649,0.24810928,0.7746274,0.62644386,0.77974224,0.41193444,Stable
0.3673639,0.52325433,0.494189,0.68283486,0.49774545,0.3825786,0.7036178,0.75372934,0.67238206,0.29615697,0.7539899,0.7577609,0.7582249,0.2530946,0.7708801,0.63552964,0.7761053,0.41529605,Stable
0.37101328,0.51874775,0.4900528,0.68327016,0.49511012,0.38180825,0.71915245,0.76149035,0.67476463,0.2999485,0.7439499,0.7521591,0.76538265,0.2593349,0.7707124,0.6344247,0.77593863,0.41733807,Stable
0.37100345,0.5187259,0.49000376,0.6832852,0.49507964,0.38192135,0.7190678,0.7614903,0.67453766,0.29991603,0.74386734,0.7523341,0.76512563,0.2596032,0.7707099,0.634557,0.77589524,0.41739827,Stable
0.37053174,0.52526975,0.49678516,0.6903186,0.4871641,0.38153288,0.7297797,0.7674124,0.6863796,0.29855776,0.7564368,0.75658333,0.7606604,0.26537478,0.7753397,0.6336258,0.7783262,0.4124771,Stable
0.36400795,0.52657026,0.49154994,0.6920383,0.4816113,0.38002643,0.708822,0.75786734,0.67441505,0.30365145,0.7583065,0.76753324,0.758993,0.2686962,0.7713915,0.63864577,0.77668595,0.41066408,Stable
0.36270472,0.5306536,0.48244345,0.6954477,0.47142953,0.37877604,0.6991185,0.7622838,0.671281,0.3056182,0.75512904,0.78787583,0.75848097,0.26810917,0.7716098,0.6367948,0.7751651,0.40859777,Stable
0.3623428,0.5301981,0.4807161,0.6939158,0.47024903,0.38098454,0.70108074,0.7656736,0.6690972,0.30277154,0.7625749,0.7935514,0.75418615,0.26440746,0.774326,0.6382607,0.77739847,0.41249487,Stable
0.36192828,0.5299665,0.48077136,0.69407797,0.47028694,0.38087472,0.7012557,0.76586795,0.66919625,0.3027166,0.7627024,0.7934152,0.75423884,0.2643456,0.7741091,0.63842297,0.77715844,0.41231185,Stable
0.36023504,0.5287926,0.4843577,0.6931604,0.47698683,0.37858135,0.7105694,0.7670622,0.67187214,0.30652547,0.76443094,0.78371996,0.74507517,0.27515084,0.77502984,0.635023,0.77737844,0.4096838,Stable
0.37010306,0.5298752,0.4886261,0.69742715,0.47833765,0.38362783,0.71766275,0.7684728,0.6778137,0.30514115,0.7624854,0.7718171,0.7461455,0.27571616,0.7798766,0.6323387,0.78134006,0.41390735,Stable
0.36956716,0.5304081,0.48664576,0.698246,0.47711572,0.38367853,0.72117823,0.7737156,0.6732682,0.30874795,0.76315975,0.786502,0.7422638,0.2798756,0.7758874,0.6335095,0.7771634,0.4123443,Stable
0.36917958,0.53040445,0.4864032,0.69853306,0.47738367,0.38361713,0.7210146,0.7736931,0.6734767,0.30857342,0.7631883,0.7866279,0.74219936,0.27988052,0.77564037,0.63368,0.7769315,0.41227412,Stable
0.36675972,0.5288419,0.48497626,0.7024717,0.47370276,0.3878325,0.7157506,0.77791536,0.67159194,0.31172937,0.7658192,0.7858572,0.7480631,0.2775204,0.7779228,0.6347184,0.7800027,0.41609102,Stable
0.36708468,0.52497673,0.48501047,0.6995742,0.47803745,0.38782832,0.7179303,0.77569455,0.669217,0.31169093,0.7648872,0.78854,0.75278175,0.2758104,0.7785196,0.63700914,0.7795757,0.4198464,Stable
0.3709825,0.5191186,0.488164,0.7021896,0.48016137,0.38595232,0.71151185,0.78148836,0.6739377,0.30970135,0.7666582,0.78507936,0.75713646,0.270662,0.7807397,0.64088845,0.78384984,0.42731363,Stable
0.3705113,0.5240816,0.4855134,0.69822073,0.48419878,0.39179236,0.7058589,0.777179,0.6728661,0.30709666,0.7669177,0.80754083,0.7577829,0.2691307,0.7824203,0.6356821,0.7844795,0.42654547,Stable
0.37065452,0.52433383,0.485636,0.6983873,0.48408696,0.39130867,0.70604527,0.77676094,0.672924,0.3070448,0.7670743,0.80761015,0.7579619,0.26911893,0.78265953,0.6352759,0.78456926,0.42581686,Stable
0.37042755,0.5264288,0.48461556,0.7039219,0.48679054,0.3929375,0.70494545,0.78539944,0.6746615,0.3068961,0.7659147,0.80785793,0.7585637,0.2704892,0.7876052,0.637674,0.7891847,0.42684197,Stable
0.3707734,0.52257776,0.48516497,0.7036576,0.48461938,0.397452,0.7146784,0.79053557,0.6731643,0.3150885,0.7634329,0.8012786,0.75999796,0.2750928,0.7835121,0.6413281,0.7862387,0.43123564,Stable
0.3719502,0.5169441,0.4862594,0.70302606,0.48593208,0.3981148,0.7163588,0.7856846,0.67410964,0.30603048,0.76453465,0.78525347,0.7620134,0.27355802,0.7860292,0.6375853,0.7881967,0.42924008,Stable
0.3758187,0.51884264,0.48161358,0.70227766,0.4856033,0.40142268,0.70778966,0.78539693,0.6715016,0.30772448,0.76752186,0.78950083,0.7570094,0.27156055,0.7849879,0.638241,0.7856991,0.43145522,Stable
0.3758651,0.5189588,0.48168993,0.7025101,0.485864,0.4013004,0.7079116,0.7854314,0.6718024,0.30763876,0.7677071,0.7895626,0.75721514,0.27157593,0.7853903,0.63877136,0.7860385,0.43175396,Stable
0.37591955,0.5210745,0.48867902,0.7046146,0.48974586,0.4009286,0.7157394,0.7909722,0.6730734,0.30611274,0.76904577,0.78765154,0.77451146,0.26135588,0.78960556,0.6390636,0.7900657,0.42931622,Stable
0.3724006,0.51901644,0.48798844,0.7041795,0.48804027,0.40026844,0.71967596,0.7935595,0.67197824,0.30320704,0.7652533,0.7823655,0.7720885,0.26108348,0.78658366,0.6412065,0.78527284,0.42922926,Stable
0.36889383,0.52727556,0.48715636,0.703374,0.48592147,0.40094554,0.71856105,0.7900921,0.6685471,0.30520785,0.76389885,0.79802215,0.7645802,0.25343794,0.78097194,0.64231807,0.7811696,0.4278222,Stable
0.37152135,0.52543813,0.48971197,0.70420927,0.4859367,0.4003726,0.7144692,0.78750193,0.6713063,0.30678827,0.7651295,0.7986703,0.77127814,0.24307051,0.7802278,0.64091575,0.78273076,0.42767748,Stable
0.37043828,0.519207,0.4898817,0.70397246,0.48627466,0.4000736,0.7149749,0.7874705,0.6716889,0.30647534,0.76534295,0.7974334,0.7712137,0.24234168,0.78100896,0.640854,0.78346086,0.4278131,Stable
0.36856318,0.5252708,0.489086,0.7045573,0.4863164,0.39943278,0.71519685,0.7893373,0.6701654,0.30577087,0.76330686,0.8032336,0.77125067,0.23917052,0.777568,0.6397264,0.7820143,0.4225524,Stable
0.37493265,0.52312666,0.49046886,0.70423335,0.48485944,0.40282452,0.71076787,0.78016794,0.66653705,0.30723298,0.7632801,0.7710168,0.76574844,0.23792827,0.7778966,0.6291071,0.7768277,0.4221333,Stable
0.3709422,0.5187136,0.4916733,0.7047037,0.48379332,0.40680623,0.70931476,0.7799524,0.66194874,0.3063053,0.76436895,0.7862126,0.76500773,0.23466486,0.776327,0.6362726,0.77410495,0.42789495,Stable
0.36428076,0.5287266,0.4887471,0.70468086,0.4832508,0.40389776,0.70634055,0.78048414,0.66042304,0.3041731,0.7652857,0.80633754,0.7654573,0.23668925,0.7755663,0.6398551,0.77526224,0.42227757,Stable
0.36438164,0.52876306,0.4886431,0.7046885,0.48336527,0.40372023,0.70636153,0.780475,0.66059184,0.30411842,0.7653856,0.80632126,0.76551074,0.23663986,0.77589864,0.63989466,0.7757139,0.42215037,Stable
0.3629129,0.5298791,0.48818308,0.70398253,0.48544177,0.40302658,0.7037085,0.7813382,0.66338086,0.3043841,0.7666191,0.8049719,0.76541805,0.23619747,0.77631253,0.6451242,0.7774352,0.42117465,Stable
0.35378993,0.5323595,0.49260244,0.7034704,0.4864589,0.403064,0.71459645,0.7834852,0.66635406,0.30656958,0.76598644,0.7980816,0.76841104,0.2271884,0.7771647,0.6457183,0.77796334,0.41695744,Stable
0.34866756,0.534311,0.49375987,0.70439804,0.4896481,0.40398216,0.7186719,0.78403586,0.6659444,0.30508384,0.76696074,0.78696984,0.76910204,0.22259179,0.77653784,0.6470143,0.7771177,0.4179945,Stable
0.34413525,0.53519034,0.49326086,0.70392793,0.4888912,0.40316904,0.7162768,0.77955616,0.6639045,0.3052488,0.7647915,0.8013896,0.7685405,0.22248188,0.7761016,0.64131004,0.77670705,0.41607267,Stable
0.3442726,0.53524375,0.49322018,0.70406866,0.4890487,0.40309128,0.71639836,0.77966225,0.66383183,0.30522966,0.7648227,0.80136096,0.7685229,0.22248617,0.77637815,0.6414759,0.77677464,0.41592747,Stable
0.35012195,0.5326718,0.49280864,0.70278835,0.49083185,0.40319476,0.71662843,0.77858055,0.6667375,0.30349797,0.7642586,0.8059174,0.76886034,0.22171617,0.7793944,0.6388253,0.7802653,0.41362393,Stable
0.3435998,0.5363337,0.49412107,0.7029676,0.4921596,0.3998347,0.717041,0.7816836,0.6682891,0.30516082,0.7652732,0.79972756,0.76840794,0.22571832,0.78014576,0.64363,0.7817359,0.41804475,Stable
0.34803718,0.533139,0.4942704,0.70218056,0.49304307,0.3982911,0.715641,0.78128934,0.6694912,0.30309266,0.7622816,0.7987704,0.7699008,0.22654945,0.77445835,0.6439786,0.7789993,0.41979763,Stable
0.34793848,0.53474593,0.49452144,0.69803417,0.4930393,0.3968199,0.71356267,0.78140897,0.67011875,0.30426067,0.76143956,0.7764436,0.76979584,0.22588669,0.77684164,0.64072984,0.77854645,0.41886458,Stable
0.34797865,0.534733,0.49454993,0.6980061,0.49299282,0.3968441,0.7135695,0.7813305,0.67000455,0.30431604,0.7614214,0.7762539,0.7697631,0.22603211,0.77676845,0.6407765,0.778437,0.41912103,Stable
0.34641954,0.5345859,0.49466437,0.6952397,0.49112433,0.3938596,0.71800447,0.77832836,0.6698376,0.30531952,0.7600405,0.7594162,0.7676693,0.22553083,0.77990913,0.63782495,0.78087914,0.4185536,Stable
0.34828526,0.53531456,0.49573025,0.6970314,0.49186647,0.39177927,0.71825594,0.7748169,0.67237824,0.30208713,0.7596738,0.78192806,0.7700433,0.2295165,0.77988636,0.6329145,0.78083193,0.4137394,Stable
0.34065458,0.5360404,0.4945168,0.6940818,0.49011967,0.3881483,0.7175705,0.77081704,0.6714854,0.29944363,0.7602321,0.78796756,0.7684135,0.22618926,0.77981794,0.63586664,0.7823979,0.41194305,Stable
0.34396777,0.5363321,0.4932608,0.69296694,0.491,0.3864741,0.71975225,0.76486874,0.67079663,0.298832,0.75763553,0.7816386,0.76697326,0.22201338,0.7789573,0.62299955,0.7782575,0.40062627,Stable
0.3441635,0.53631425,0.49311075,0.6927918,0.4909562,0.3866223,0.7198381,0.7652302,0.6701926,0.298885,0.7572763,0.7808718,0.7666825,0.22237872,0.77899146,0.6229031,0.7781212,0.40030318,Stable
0.34154806,0.52801114,0.4973211,0.6877692,0.4941044,0.3855705,0.7194358,0.76690495,0.67242444,0.28786814,0.75936687,0.785825,0.7711065,0.22366148,0.7820475,0.63313353,0.78279054,0.4104935,Stable
0.33931252,0.53315794,0.49538112,0.68451965,0.48903307,0.3802414,0.71629274,0.76611316,0.6717763,0.28602958,0.76100415,0.78605694,0.76564384,0.21920958,0.7762525,0.6350625,0.77582693,0.40755674,Stable
0.33513123,0.536088,0.4953954,0.6813249,0.48916125,0.38015145,0.7175518,0.760213,0.6738199,0.28605413,0.7647538,0.7797904,0.7654037,0.21735261,0.7792873,0.6215733,0.77995056,0.39383507,Stable
0.3334484,0.53521365,0.49148607,0.67814934,0.48699868,0.37617382,0.7143542,0.75678515,0.6719216,0.2860251,0.7589897,0.7858126,0.7653129,0.21733706,0.77672327,0.61829644,0.7772342,0.39005822,Stable
0.3330424,0.53560954,0.49167025,0.6781671,0.48695165,0.37599155,0.7141702,0.75664365,0.67173713,0.28617966,0.7593558,0.78664386,0.7652532,0.21745007,0.7767877,0.61811495,0.7771249,0.38941857,Stable
0.33361715,0.5291584,0.48762858,0.67453694,0.48361528,0.3722188,0.6990678,0.7492372,0.66722107,0.28594095,0.7540884,0.7810139,0.7632851,0.21785769,0.77166915,0.61489856,0.77175295,0.39269894,Stable
0.33460245,0.5317602,0.49258614,0.6712433,0.48865634,0.36938104,0.71119756,0.74556994,0.6728119,0.2825274,0.75928617,0.7712876,0.7643455,0.21518455,0.77900356,0.61487025,0.77896416,0.38172448,Stable
0.33671948,0.5291003,0.49254453,0.66916025,0.49108693,0.3649549,0.7114179,0.7420027,0.6789006,0.26768154,0.75287694,0.7337228,0.7658522,0.21310197,0.77976525,0.6044159,0.77552956,0.377563,Stable
0.34050405,0.5238559,0.49436635,0.6597827,0.48795664,0.36654538,0.7100281,0.74048114,0.6725391,0.27767313,0.7508523,0.723006,0.76478755,0.21578309,0.7802706,0.5976528,0.7763674,0.37889144,Stable
0.34088552,0.52366734,0.49443454,0.6597308,0.48802382,0.36660844,0.71024394,0.74054015,0.67233646,0.2777274,0.74984086,0.7225945,0.764832,0.21586697,0.7804973,0.59764785,0.77646035,0.37898085,Stable
0.33632493,0.5201834,0.4921822,0.65726614,0.48554382,0.36581883,0.7075288,0.7381388,0.6731806,0.26626006,0.7496772,0.7279903,0.7648511,0.2166885,0.78015745,0.6009911,0.7763197,0.38508904,Stable
0.33481845,0.5229323,0.48993653,0.6614819,0.48414573,0.36187845,0.71308124,0.732818,0.67318845,0.26360077,0.749691,0.7255132,0.7666668,0.21403998,0.7780313,0.59450066,0.77285933,0.37581953,Stable
0.3337508,0.5174027,0.48875368,0.6555693,0.48579592,0.35912108,0.7139797,0.72595596,0.6747085,0.26185158,0.76210773,0.7764863,0.7726018,0.20475829,0.7751857,0.59439313,0.7717373,0.373026,Stable
0.33318377,0.5228345,0.48870826,0.6556014,0.49231634,0.3547362,0.71507645,0.7238761,0.67898476,0.25859788,0.75114095,0.7246537,0.7738286,0.20703289,0.7788117,0.59139633,0.7743529,0.37094337,Stable
0.33353385,0.5224768,0.48901463,0.65546864,0.49163967,0.35498255,0.7149565,0.7228584,0.67888474,0.25869998,0.74969923,0.7243521,0.7734809,0.20635425,0.77867985,0.5910683,0.77419305,0.37075052,Stable
0.3302197,0.5191107,0.49033636,0.6577381,0.49168706,0.34944934,0.7288448,0.7231168,0.67581797,0.2562123,0.7585505,0.7070447,0.76978827,0.19652471,0.7815926,0.5887537,0.7774155,0.36779794,Stable
0.33020183,0.5182682,0.4956928,0.6546242,0.495061,0.34438062,0.7334715,0.725974,0.684684,0.24505256,0.7592334,0.71508425,0.76729864,0.19861595,0.7840793,0.58573955,0.78097415,0.36356443,Stable
0.32887176,0.50780153,0.4918731,0.6568701,0.4901849,0.34147593,0.72491837,0.7147231,0.67780536,0.24829271,0.75256056,0.70745224,0.76104105,0.20219961,0.7771956,0.5770236,0.7724485,0.3535354,Stable
0.32941145,0.49812686,0.49083978,0.647259,0.4917249,0.33901995,0.7269881,0.7224259,0.6827197,0.2524013,0.754567,0.69907635,0.76101536,0.20017472,0.77696157,0.5767453,0.7722938,0.36203533,Stable
0.32955167,0.49780652,0.4909495,0.64715135,0.49168918,0.33912677,0.726985,0.7223608,0.68244094,0.25256655,0.7543983,0.69870394,0.76074386,0.20009208,0.7768774,0.5766215,0.77214324,0.36219296,Stable
0.3283382,0.48914653,0.49244183,0.6459904,0.49085888,0.33742198,0.7289225,0.71975505,0.67674494,0.25028747,0.7532403,0.70176697,0.7579979,0.19802833,0.7754041,0.5726839,0.7701018,0.35247263,Stable
0.32591447,0.48926347,0.49654418,0.6436224,0.49593025,0.33590937,0.7338729,0.7216277,0.68151134,0.24651805,0.75838363,0.7205237,0.7625464,0.19505207,0.7805914,0.57162786,0.77573407,0.3510813,Stable
0.31831664,0.4863206,0.49596116,0.63753057,0.49288887,0.33016238,0.7214271,0.7184023,0.6813773,0.24620043,0.7609221,0.7236928,0.7613609,0.19692394,0.77708596,0.5740179,0.77316326,0.3524247,Stable
0.32788083,0.47837815,0.49371225,0.63812613,0.49045092,0.328447,0.72393525,0.7179899,0.67838836,0.24733397,0.76235104,0.69495773,0.7588443,0.19427815,0.7746916,0.57179517,0.7716488,0.35252738,Stable
0.32759246,0.47818613,0.4936591,0.63802457,0.49037856,0.32853603,0.7238661,0.718095,0.6783222,0.24720487,0.7624835,0.6957011,0.75897527,0.19360691,0.7746854,0.571861,0.77163935,0.3523694,Stable
0.32102448,0.48058176,0.49457473,0.63595474,0.48384655,0.3343211,0.7194054,0.71638477,0.67372096,0.24632445,0.7672465,0.6962547,0.761448,0.19190893,0.7754779,0.57140565,0.7727524,0.35278183,Stable
0.32242906,0.4812686,0.49300158,0.6382011,0.4850108,0.33165848,0.71443367,0.70916224,0.67682785,0.24585555,0.76964736,0.71636724,0.75899374,0.19551265,0.776536,0.57405967,0.7747468,0.35375306,Stable
0.33028755,0.4842368,0.49328512,0.6342732,0.4873942,0.33175266,0.7141323,0.7134921,0.676839,0.24954306,0.7703387,0.7157434,0.7664945,0.1981198,0.78091353,0.57537293,0.7773962,0.35270888,Stable
0.32956582,0.48376602,0.49584907,0.63478315,0.48700893,0.3300889,0.72353137,0.71740174,0.6783488,0.25183988,0.7716262,0.6995861,0.7655083,0.19657463,0.78266275,0.57703507,0.7797765,0.3592223,Stable
0.3296091,0.4837674,0.49579394,0.63479817,0.48702082,0.33009088,0.7234015,0.7169585,0.678373,0.25183892,0.77078354,0.700681,0.765444,0.19662069,0.7824881,0.57718825,0.7795372,0.35925967,Stable
0.32656813,0.4843753,0.49484307,0.6298288,0.4852857,0.33161184,0.7090963,0.70856404,0.6766069,0.25103962,0.7691857,0.74894446,0.76051366,0.21352944,0.77777547,0.58060205,0.77791464,0.35874528,Stable
0.33034596,0.48808336,0.4875036,0.633434,0.48413205,0.34327632,0.693475,0.7022079,0.67345977,0.26234493,0.7579366,0.75015295,0.75985813,0.2116482,0.7734379,0.57874197,0.7669774,0.35510433,Stable
0.3358979,0.4866631,0.48966286,0.6325689,0.48388702,0.3492405,0.69471043,0.70632267,0.6697204,0.26795685,0.7556049,0.73413366,0.7523462,0.22183502,0.77516234,0.5829319,0.76865023,0.374063,Stable
0.3308946,0.48444712,0.49087524,0.6351695,0.4844613,0.34424734,0.6938972,0.70969903,0.6687062,0.2697273,0.7566544,0.74974144,0.73461914,0.25051087,0.77388585,0.5838873,0.76584184,0.3717587,Stable
0.3309548,0.48436448,0.4909621,0.6351727,0.48445103,0.34431705,0.6937811,0.70954746,0.6691188,0.26964673,0.7564136,0.7494222,0.73436546,0.2504525,0.7737619,0.58370984,0.7656655,0.37168702,Stable
0.34316128,0.490198,0.49129975,0.6377367,0.4847958,0.34550917,0.68895376,0.7272822,0.66881555,0.28164217,0.75373477,0.7702784,0.7389166,0.27080593,0.7762289,0.59840834,0.7701391,0.38315225,Stable
0.3586541,0.49733147,0.48604983,0.6474668,0.47532636,0.36162442,0.6726216,0.73446834,0.66146994,0.29955816,0.7511523,0.78884435,0.736907,0.28784543,0.77594864,0.6097131,0.7730059,0.40498576,Stable
0.34888202,0.5011334,0.4864704,0.6579748,0.47509634,0.37656856,0.6806888,0.7415869,0.66527283,0.30453557,0.7367039,0.7729622,0.74076116,0.3025387,0.78339875,0.62454534,0.7806772,0.41531107,Stable
0.36070856,0.5195185,0.4854835,0.66905063,0.4792351,0.37491828,0.6770069,0.7613656,0.6685749,0.31353018,0.746191,0.8016932,0.74309886,0.31896996,0.77727616,0.6418015,0.7745101,0.42805848,Stable
0.35993123,0.5198356,0.4856091,0.6684088,0.47957778,0.37504706,0.6765802,0.76081467,0.66829145,0.31365758,0.74610233,0.80163735,0.7428806,0.3188427,0.7774293,0.6413872,0.77477205,0.4281096,Stable
0.3515863,0.52144283,0.48656937,0.6804344,0.48276937,0.3806712,0.6892416,0.7757417,0.6737145,0.3251391,0.7510597,0.8150295,0.7372719,0.33014637,0.7805068,0.650972,0.78320396,0.4344295,Stable
0.34156495,0.5326903,0.48488793,0.69345284,0.4860308,0.3897408,0.68736565,0.77830213,0.6808001,0.3337693,0.7711989,0.8400601,0.729609,0.3384505,0.77407444,0.67174315,0.7770709,0.4441772,Stable
0.33393344,0.54541624,0.48304147,0.70080435,0.4788085,0.39786837,0.6866512,0.7839884,0.66716564,0.34282848,0.77377677,0.8422107,0.7378435,0.356134,0.77359414,0.678209,0.77337253,0.45725095,Stable
0.33172587,0.5519018,0.48334476,0.7104968,0.47807357,0.40420544,0.6955677,0.78936815,0.6636204,0.35056067,0.7621188,0.8353259,0.7399358,0.3561542,0.7747562,0.67824215,0.7716906,0.4576424,Stable
0.3317758,0.5517739,0.4834206,0.7104137,0.47824416,0.401062,0.6955499,0.7891762,0.66383994,0.35048407,0.76208556,0.835402,0.7399813,0.356073,0.7750776,0.6781719,0.77204174,0.4574109,Stable
0.331995,0.560099,0.48519498,0.71781814,0.4798333,0.41491196,0.6963698,0.79596674,0.66503316,0.35596305,0.7694418,0.8537883,0.7370833,0.36139092,0.77924657,0.68842983,0.7757966,0.46376142,Stable
0.33013925,0.5663049,0.4868842,0.7227222,0.47191533,0.42193112,0.6960611,0.803023,0.66594803,0.36147147,0.7633047,0.8567686,0.74327725,0.3616328,0.7815298,0.6952238,0.7826847,0.47876114,Stable
0.33271655,0.57164514,0.48900852,0.7314953,0.47427988,0.43096864,0.6987211,0.8122457,0.66423523,0.36794767,0.7690567,0.88650954,0.7299916,0.36395758,0.78539073,0.7035229,0.7848668,0.48393142,Stable
0.3333461,0.5769249,0.4863624,0.73630446,0.4680532,0.43733698,0.6941368,0.8219933,0.6656741,0.3717317,0.766346,0.88866895,0.7461294,0.361866,0.78888094,0.70283186,0.78888476,0.48670465,Stable
0.3334038,0.5767431,0.48631665,0.7365374,0.4682543,0.43727416,0.6940042,0.82121897,0.66544646,0.37184665,0.7669507,0.887953,0.74813545,0.3613574,0.78878206,0.70197153,0.7886862,0.48627052,Stable
0.3391732,0.58007264,0.4818405,0.7385858,0.46155867,0.43968236,0.69235694,0.82218564,0.66482675,0.37088943,0.7655906,0.891112,0.742682,0.3613382,0.7879016,0.7061434,0.7875738,0.48396373,Stable
0.34053025,0.5821134,0.48342964,0.74337643,0.4730234,0.44372043,0.6979343,0.82902765,0.6709916,0.3720915,0.76876134,0.8892152,0.75366926,0.35794044,0.78733945,0.70506585,0.7871396,0.488726,Stable
0.3455889,0.5831593,0.48144788,0.7459625,0.46412063,0.4474218,0.6942789,0.83869207,0.6724622,0.3747148,0.76076794,0.87513536,0.7533452,0.36148828,0.7855565,0.70753616,0.78447545,0.48690033,Stable
0.348132,0.58776575,0.47999725,0.74921656,0.47220224,0.45007586,0.69173634,0.8400066,0.6698241,0.38266072,0.7669784,0.8924351,0.7516129,0.35988998,0.7911572,0.7083756,0.7874583,0.4902919,Stable
0.34866577,0.5847188,0.4796551,0.7491157,0.47195715,0.44995725,0.6915721,0.8399047,0.67001295,0.3826879,0.7673675,0.892431,0.7520506,0.3599981,0.7909763,0.7082764,0.78731406,0.49032527,Stable
0.35132346,0.58234,0.47546506,0.7505958,0.4752646,0.45407552,0.69040287,0.8393222,0.66973877,0.38724405,0.7672764,0.8909378,0.7559449,0.35861203,0.7884454,0.70838,0.7865567,0.48966378,Stable
0.3521914,0.58130825,0.4789788,0.75252575,0.47707936,0.4534342,0.6922467,0.8424639,0.6729046,0.39081904,0.76255894,0.88816226,0.7624199,0.35835952,0.78571934,0.70964336,0.7853888,0.492627,Stable
0.35294503,0.5851023,0.47781086,0.7580695,0.47123954,0.4542014,0.69020075,0.8453778,0.6702988,0.394068,0.76197565,0.89125055,0.75813645,0.35871348,0.7823936,0.71263516,0.78285974,0.49183583,Stable
0.3442791,0.5880718,0.47450864,0.758063,0.47569045,0.45465833,0.6963166,0.85152745,0.67284596,0.39386004,0.7613193,0.8898027,0.75821704,0.35919076,0.78326076,0.72586286,0.7828667,0.49920988,Stable
0.34370276,0.58812994,0.47484812,0.758083,0.4755293,0.4547965,0.6965102,0.8520855,0.67275065,0.3938335,0.76158583,0.8896045,0.7580394,0.35918373,0.783879,0.7258675,0.783481,0.49959874,Stable
0.34263986,0.6041825,0.48575628,0.7717171,0.4753947,0.4571086,0.71201825,0.86880374,0.6727748,0.39523515,0.7641868,0.90563226,0.75903505,0.36192772,0.788128,0.7318482,0.7861829,0.50237083,Stable
0.34068796,0.6041151,0.4829824,0.7748694,0.46758518,0.45929715,0.71376586,0.8694235,0.6707122,0.39429593,0.76367486,0.90214455,0.7582208,0.35970902,0.7836093,0.7348895,0.7828882,0.5031488,Stable
0.33386838,0.6051136,0.48692876,0.7667855,0.47442397,0.45660025,0.7226213,0.8651697,0.6700506,0.3774818,0.76271474,0.88160384,0.75242466,0.3452501,0.783015,0.73062193,0.7816433,0.49158654,Stable
0.32481587,0.5939325,0.48533663,0.7577677,0.47929507,0.45228407,0.7130553,0.8525021,0.67404556,0.3717228,0.75357676,0.8573111,0.7591252,0.33229506,0.78216755,0.7121413,0.78426945,0.48886153,Stable
0.32459104,0.5936615,0.48600024,0.75742716,0.47907895,0.45230925,0.7130045,0.8526733,0.6739229,0.37170815,0.7534656,0.8574091,0.75852436,0.33248234,0.7821888,0.7113978,0.78413296,0.48851055,Stable
0.32467797,0.59461534,0.48634064,0.7631492,0.47595662,0.45191818,0.7201442,0.8575043,0.672707,0.37392694,0.7598865,0.87897646,0.7570488,0.31657797,0.7850894,0.7248355,0.7835026,0.4894497,Stable
0.3337884,0.60273415,0.48680252,0.780743,0.47105405,0.45579645,0.7268445,0.8782848,0.6855065,0.37461793,0.76132745,0.87833923,0.7621219,0.3275051,0.79018515,0.72795886,0.7889284,0.49153048,Stable
0.33925557,0.6129153,0.48959395,0.79041684,0.47780344,0.46176037,0.7237644,0.88719344,0.6888722,0.37387082,0.76569855,0.9051859,0.7621808,0.3181077,0.79822963,0.7362046,0.7866091,0.4944082,Stable
0.33921826,0.61408746,0.48786396,0.78968596,0.47463536,0.4572143,0.7240815,0.88324016,0.67657983,0.37272006,0.7589561,0.8908274,0.7550716,0.31117207,0.7841248,0.7311861,0.78008217,0.48459643,Stable
0.3392378,0.61407924,0.48790345,0.7896713,0.47486886,0.45741066,0.7242191,0.88315,0.676623,0.3728393,0.7589561,0.8910126,0.7552718,0.31109703,0.7841941,0.73110145,0.7800807,0.48456693,Stable
0.33497927,0.6103735,0.48897243,0.78131175,0.47689828,0.45283407,0.7240268,0.8708346,0.6779318,0.35821685,0.759401,0.8775546,0.7604064,0.29432297,0.7811061,0.72608125,0.77591133,0.48048818,Stable
0.33060613,0.60822463,0.48625383,0.7785208,0.46693897,0.44755635,0.7161658,0.86461395,0.66964525,0.36150116,0.7589998,0.86271495,0.75152504,0.29562044,0.77192724,0.7266425,0.76827997,0.46877235,Stable
0.3232621,0.61203146,0.47929966,0.77057076,0.45285878,0.44477305,0.71519315,0.8637342,0.67040646,0.34137833,0.7434415,0.8468921,0.75292516,0.28157604,0.7687191,0.7157239,0.7674863,0.46482956,Stable
0.33317855,0.6121962,0.4817544,0.7656945,0.4591821,0.4448369,0.71577513,0.85470223,0.66713285,0.33520192,0.7477016,0.8655683,0.7653773,0.2547542,0.76960075,0.711043,0.7666177,0.46271485,Stable
0.3316864,0.6116967,0.48169369,0.76549876,0.46091923,0.44480425,0.71603245,0.8546065,0.6666262,0.33496973,0.7468327,0.8661748,0.76528573,0.2543276,0.76986784,0.71149844,0.76638603,0.46315032,Stable
0.3388763,0.6112517,0.48329252,0.7585304,0.4549925,0.4357699,0.7170631,0.84824014,0.66990113,0.32171226,0.74583596,0.826328,0.7677254,0.23451492,0.7680429,0.69575685,0.7670705,0.44454348,Stable
0.33471376,0.6034084,0.4778366,0.74325955,0.45400614,0.43264636,0.70080495,0.8342916,0.6652918,0.31345603,0.74159193,0.81291765,0.76244897,0.22189206,0.7608601,0.6862093,0.765267,0.44278824,Stable
0.32858288,0.59580314,0.4758708,0.7401185,0.44211775,0.4326546,0.6946032,0.82573074,0.6558333,0.31300128,0.74128306,0.8170041,0.7622781,0.21544686,0.7565159,0.6711829,0.75849193,0.43258095,Stable
0.32402647,0.5947243,0.47721764,0.7304329,0.4446287,0.43298942,0.6956574,0.817666,0.6558378,0.30600742,0.73782694,0.80026263,0.77062434,0.21011357,0.7572555,0.6620501,0.7614285,0.42927343,Stable
0.32414448,0.5947376,0.47722802,0.73038405,0.44507727,0.4328193,0.69576085,0.8175628,0.6620904,0.30106208,0.7381043,0.7997161,0.7705063,0.2104538,0.7577523,0.66180825,0.7619826,0.42927265,Stable
0.32852373,0.58855593,0.47763723,0.72489995,0.45382887,0.42770702,0.6946281,0.8071303,0.6612963,0.29624653,0.7376021,0.77689195,0.75369287,0.21060508,0.761227,0.66575634,0.7655002,0.43199062,Stable
0.34175324,0.58990765,0.47790024,0.7115505,0.46060228,0.4231643,0.6782662,0.7897131,0.6507205,0.30013964,0.7351348,0.779389,0.7502308,0.21295792,0.75966567,0.65953887,0.7671985,0.42629474,Stable
0.3399799,0.5789746,0.4807387,0.7068138,0.47219008,0.4141713,0.68922555,0.778701,0.65872455,0.29245305,0.7347765,0.77368474,0.753616,0.20998482,0.76496,0.6476681,0.772175,0.41888058,Stable
0.3315434,0.56477356,0.47785932,0.7025706,0.47431076,0.40817544,0.69343036,0.78433895,0.6652355,0.2868302,0.7429844,0.75639653,0.75766003,0.20542464,0.76916075,0.6504961,0.7761037,0.41815922,Stable
0.33147117,0.56478804,0.47773838,0.70250976,0.4742456,0.40823337,0.69330233,0.7840624,0.6651979,0.28682274,0.74312043,0.7564613,0.7571179,0.20589271,0.7690305,0.6503463,0.7748229,0.4189716,Stable
0.3312661,0.5584805,0.4811769,0.6981188,0.46581587,0.4064818,0.6930432,0.77738845,0.66278005,0.28609192,0.74122906,0.74584144,0.7645613,0.20312956,0.7753173,0.64432704,0.7790152,0.41261432,Stable
0.33507967,0.56437474,0.4835976,0.69563097,0.46673268,0.4043556,0.6930467,0.77122164,0.65639305,0.28847146,0.7376883,0.7503161,0.7561762,0.20843142,0.77424073,0.6423085,0.779425,0.41342306,Stable
0.33908457,0.55798423,0.48367536,0.6897595,0.47222197,0.39963603,0.6967696,0.7672297,0.67206335,0.286627,0.7378685,0.75561345,0.75727296,0.20826946,0.78033936,0.6406252,0.7867209,0.40884095,Stable
0.34152573,0.56299436,0.4814311,0.6865119,0.47803903,0.39543736,0.6932342,0.7606341,0.67256325,0.2865413,0.7426641,0.7708012,0.76663995,0.20872137,0.77532196,0.6406526,0.7825576,0.41182673,Stable
0.34110343,0.56268,0.4817171,0.68660206,0.4778213,0.39554545,0.69320035,0.76062787,0.6723852,0.28669053,0.7425258,0.7701105,0.76643366,0.20872861,0.7754457,0.6407677,0.7825289,0.41188073,Stable
0.3404528,0.5601745,0.47953653,0.6837307,0.48070392,0.39253315,0.6913769,0.75907457,0.6738893,0.28718546,0.74221075,0.7695489,0.77085346,0.20799938,0.77292824,0.63811654,0.7787397,0.41319233,Stable
0.33647665,0.5590974,0.4796688,0.68441105,0.47938427,0.3890301,0.6940076,0.76033896,0.67541313,0.28264824,0.73853487,0.7643777,0.7745766,0.20681207,0.77461994,0.639096,0.78250694,0.41135883,Stable
0.3354344,0.5636015,0.48355246,0.68387413,0.48004052,0.38826394,0.69756234,0.7595684,0.67652154,0.28220037,0.73917234,0.75914335,0.76869,0.20947914,0.7751054,0.6382165,0.784408,0.40498865,Stable
0.34005305,0.56153315,0.48442572,0.6836479,0.47637007,0.38911623,0.6948175,0.7592468,0.6710459,0.28728047,0.7416047,0.7601956,0.76616836,0.20936868,0.7729103,0.6329103,0.78131795,0.40638387,Stable
0.339485,0.5611465,0.4844144,0.6837251,0.47638303,0.38918242,0.6947993,0.75909495,0.67104435,0.2872723,0.741475,0.7603499,0.76619744,0.20934068,0.7728824,0.63310266,0.78128946,0.40645206,Stable
0.33992565,0.56391543,0.48836893,0.6818175,0.4811674,0.38829228,0.6965678,0.7579191,0.6729915,0.28583798,0.7417644,0.7609541,0.76978457,0.20991275,0.77597755,0.63057137,0.78251475,0.40549016,Stable
0.3381976,0.5660666,0.48744613,0.6822052,0.48182005,0.38378787,0.6938788,0.75934744,0.6758572,0.28059646,0.7472114,0.7662892,0.7723958,0.20866285,0.77888215,0.63048637,0.7857032,0.40526792,Stable
0.33452687,0.56410384,0.48623928,0.68285835,0.4812147,0.3819804,0.69075316,0.7591686,0.67426074,0.28234333,0.7362949,0.76328176,0.7725041,0.21025994,0.77218175,0.6302871,0.77847993,0.40675163,Stable
0.3327513,0.5615284,0.4812969,0.68094563,0.48541293,0.38300055,0.69268227,0.7594272,0.67501044,0.28065044,0.7464423,0.76982087,0.76667905,0.21410015,0.76916015,0.63982797,0.7766993,0.41206142,Stable
0.3332858,0.5618283,0.48137578,0.6809795,0.485317,0.38314292,0.69264126,0.7593431,0.6749537,0.28052142,0.7467274,0.7696825,0.7666473,0.21414778,0.76925194,0.639791,0.77663916,0.4122613,Stable
0.33747637,0.5722867,0.4818756,0.6785948,0.48238727,0.38603768,0.68905634,0.76200664,0.67115605,0.28616577,0.74476135,0.7782237,0.77486175,0.22327673,0.77211493,0.637905,0.7771048,0.41468036,Stable
0.33887357,0.57366943,0.48648888,0.68099606,0.48270005,0.3915262,0.68744487,0.76059043,0.66678596,0.29796666,0.74631095,0.7820627,0.7665753,0.23660192,0.77890843,0.6418927,0.7834634,0.4176305,Stable
0.34843394,0.57576394,0.48727715,0.6841668,0.48689127,0.38969183,0.6858995,0.76210093,0.6696224,0.2986549,0.74171466,0.78145766,0.7720501,0.23707342,0.77527547,0.64208907,0.7801876,0.41796774,Stable
0.3470361,0.5697375,0.4829777,0.6864469,0.47942805,0.39483103,0.6830198,0.7715344,0.6706566,0.30066928,0.7441226,0.79235864,0.7703464,0.24367324,0.7759432,0.6437222,0.7808186,0.4210986,Stable
0.34622535,0.5694935,0.48293695,0.68658495,0.47961682,0.3947819,0.6831667,0.7718188,0.67073226,0.30055878,0.7440877,0.79220676,0.77046764,0.24380112,0.77596974,0.6439372,0.78095436,0.4210286,Stable
0.35126552,0.570566,0.48895955,0.6931748,0.48068863,0.40002653,0.6869249,0.7773355,0.6737138,0.29873106,0.7431196,0.7927512,0.7682969,0.2546279,0.7728703,0.6507468,0.7768349,0.4259314,Stable
0.3434012,0.5787198,0.48675406,0.69636726,0.47838306,0.4035837,0.68351716,0.776077,0.6718445,0.30502787,0.74292886,0.79636943,0.765536,0.25858924,0.77266115,0.6499108,0.7728499,0.42989546,Stable
0.34216547,0.5872261,0.48621616,0.70034,0.47875378,0.40840027,0.68055403,0.78111744,0.6708125,0.3012972,0.7413579,0.79705065,0.7672899,0.25465494,0.7747458,0.65326226,0.7757685,0.4297639,Stable
0.3428589,0.58308315,0.48456478,0.7005383,0.47889185,0.40861198,0.6921264,0.790019,0.6702955,0.30182776,0.74000853,0.8010528,0.7606945,0.25813234,0.77253145,0.6638315,0.77347535,0.43870604,Stable
0.3421423,0.5836335,0.48454583,0.7004609,0.47906575,0.41225538,0.6914258,0.7895836,0.6713511,0.30506927,0.7398261,0.8008648,0.76069444,0.25829324,0.7723424,0.6636934,0.77324003,0.43881077,Stable
0.33712742,0.5860443,0.4854095,0.7034845,0.474735,0.41600367,0.6966666,0.796033,0.66804975,0.3074132,0.7461841,0.79150194,0.7731693,0.24682015,0.7674007,0.6643274,0.7688539,0.43824494,Stable
0.33081394,0.59286046,0.48997545,0.70708936,0.47508025,0.4182396,0.7016823,0.7961411,0.6632997,0.30418992,0.7461318,0.79274386,0.7742629,0.24304818,0.7759151,0.6641947,0.7790047,0.43678725,Stable
0.3392782,0.5895255,0.48652744,0.7064135,0.47105742,0.4234442,0.6982292,0.79707235,0.657169,0.30868292,0.74423426,0.7921676,0.7677313,0.24065076,0.7711704,0.66147673,0.7752792,0.44087636,Stable
0.33873266,0.59005606,0.4864174,0.70721287,0.47264335,0.42086053,0.69877714,0.80083597,0.65528476,0.3078981,0.744351,0.78922653,0.7682478,0.24111155,0.7670398,0.6622106,0.76990056,0.44229376,Stable
0.3395898,0.5908662,0.48656413,0.70725864,0.47262615,0.42084032,0.69884104,0.80099386,0.65526295,0.30787516,0.7441603,0.7888834,0.7683078,0.24082904,0.7669131,0.66202474,0.76972914,0.44204545,Stable
0.34044188,0.59246874,0.4888693,0.7093264,0.46716636,0.42084438,0.70680916,0.7970635,0.6609774,0.307406,0.74620885,0.79487824,0.7663921,0.24598956,0.7669202,0.6650922,0.7731606,0.44138095,Stable
0.32903698,0.59280735,0.48981887,0.7060198,0.47220623,0.42198056,0.70457387,0.79213405,0.6615993,0.30729023,0.7480919,0.7991468,0.7714178,0.25721416,0.7665722,0.6673492,0.7723261,0.4436253,Stable
0.32809368,0.5913019,0.48937842,0.7066624,0.4728541,0.42425644,0.7005408,0.79063076,0.6714685,0.30790997,0.7492978,0.8020247,0.7670599,0.2631551,0.7687993,0.66696495,0.77147615,0.44412798,Stable
0.3258744,0.59149003,0.4895229,0.7088212,0.47439802,0.4234696,0.6980494,0.78840417,0.6701782,0.3165825,0.7429117,0.79494655,0.76731247,0.26360747,0.7710895,0.6697831,0.7737484,0.44434747,Stable
0.3261792,0.5908879,0.4895525,0.7087962,0.47455972,0.42345047,0.69816744,0.7886219,0.6702204,0.3165282,0.7431845,0.79498625,0.7677101,0.26413125,0.7712452,0.669806,0.77382964,0.4443056,Stable
0.32726997,0.59618515,0.48651525,0.71410227,0.47280473,0.42573568,0.69886607,0.79659474,0.6716913,0.31587857,0.7429402,0.7946273,0.7677891,0.27034277,0.76679826,0.67584753,0.7703986,0.45416224,Stable
0.3288723,0.59282726,0.48782104,0.7147254,0.47093487,0.4242494,0.69672966,0.80278575,0.66983473,0.31984746,0.7441815,0.79592144,0.76467514,0.2600791,0.7638516,0.6768607,0.76701486,0.4549654,Stable
0.32593417,0.58513236,0.49088594,0.7159556,0.47376245,0.423401,0.7126634,0.8046934,0.6695807,0.31001294,0.7426111,0.80398124,0.7660183,0.25339615,0.766536,0.6836364,0.7702324,0.45358175,Stable
0.32650113,0.58309674,0.4943435,0.7209345,0.4741289,0.42539304,0.7163853,0.81063354,0.6701888,0.3222988,0.7472037,0.79485744,0.7742924,0.2544612,0.77038395,0.6839702,0.7729933,0.4547077,Stable
0.32650718,0.5831088,0.49431598,0.7209139,0.47414455,0.42538375,0.7163195,0.8105215,0.67015594,0.32235837,0.74721014,0.7946538,0.77428555,0.2544697,0.77048326,0.6839181,0.7730479,0.45479602,Stable
0.32772887,0.5884087,0.49400315,0.7230363,0.47860643,0.43004057,0.7169069,0.81354487,0.6677305,0.32177836,0.7462694,0.7952218,0.7724613,0.24850653,0.7728447,0.68404573,0.7751445,0.45571917,Stable
0.33038747,0.5853472,0.49286413,0.722034,0.47779107,0.43275785,0.7115028,0.81639284,0.66164404,0.32469204,0.74208295,0.8054925,0.76507556,0.2518934,0.7663886,0.6851508,0.76871705,0.45572144,Stable
0.33243775,0.59031665,0.49166045,0.7233217,0.47828484,0.43005618,0.7073302,0.8121406,0.66317797,0.3281461,0.72632873,0.8001796,0.7689606,0.25010136,0.7641871,0.6849855,0.7670855,0.45515043,Stable
0.3311316,0.5898542,0.49222946,0.7232487,0.4764127,0.42935702,0.71187913,0.81355476,0.6627513,0.32939166,0.7434374,0.80509365,0.7604631,0.2544181,0.76530045,0.67528623,0.76707065,0.45339638,Stable
0.33089757,0.5900085,0.49228567,0.7232239,0.4765768,0.42938098,0.71198595,0.81355804,0.6629447,0.3293804,0.7435523,0.80532944,0.76052606,0.2542166,0.7654537,0.6754491,0.7701024,0.44751137,Stable
0.33782375,0.59688985,0.49058223,0.72328043,0.4776597,0.42955145,0.70043623,0.80825984,0.65973836,0.33158162,0.74550235,0.8067566,0.7648152,0.24727008,0.7621648,0.68400115,0.7681545,0.45460075,Stable
0.33912414,0.6028223,0.49137986,0.7243795,0.4737603,0.43604085,0.6975894,0.8102219,0.6532059,0.3410134,0.74937266,0.81345433,0.75685257,0.26431715,0.76362485,0.68141794,0.7696175,0.46164903,Stable
0.3432966,0.60370934,0.49043605,0.72839946,0.47311038,0.4328824,0.70435685,0.82379663,0.66057277,0.3339474,0.750364,0.82341444,0.76201385,0.25521377,0.7689558,0.6771915,0.77487653,0.45636815,Stable
0.33533737,0.5902925,0.48998296,0.7303479,0.4794876,0.4381214,0.7093555,0.82930934,0.6578999,0.3336719,0.7503562,0.8075266,0.7589294,0.25396287,0.7734407,0.67946553,0.77615803,0.45827875,Stable
0.3357495,0.59078836,0.49006158,0.73032874,0.47734138,0.4343276,0.7092735,0.82910585,0.6576722,0.33395955,0.7504163,0.80753386,0.7591647,0.2539701,0.7733232,0.67926973,0.77605784,0.45819116,Stable
0.32936987,0.58613575,0.4889128,0.7320378,0.47981936,0.4362217,0.7100159,0.83075565,0.66132456,0.33256036,0.7477574,0.8058395,0.764686,0.24739158,0.77367985,0.68349254,0.7759359,0.4602521,Stable
0.32941622,0.57779646,0.48752773,0.73458767,0.48322842,0.43800306,0.72377026,0.8402964,0.66046625,0.32970917,0.7474421,0.7890041,0.7646656,0.2345005,0.77387094,0.68510264,0.77427745,0.4572185,Stable
0.3329578,0.52456,0.49056453,0.7362857,0.480154,0.4464472,0.7181205,0.8381519,0.665968,0.325464,0.74535173,0.77763766,0.76409507,0.23164746,0.7746133,0.6827965,0.7729122,0.45592958,Stable
0.34246063,0.5042163,0.48760676,0.73610604,0.4792987,0.44839606,0.7191114,0.8393996,0.6675595,0.32162583,0.7480935,0.7729714,0.7623277,0.22901365,0.77476406,0.6720481,0.7716286,0.45264873,Stable
0.34268337,0.5040483,0.4878388,0.7360693,0.47922572,0.44862497,0.71906877,0.8396393,0.667268,0.321779,0.7481331,0.7727643,0.7622547,0.22916493,0.7748994,0.67171806,0.7717406,0.45243156,Stable
0.3603978,0.4979765,0.4896518,0.7363421,0.48518032,0.4480226,0.7312306,0.8502939,0.6666227,0.3144062,0.749403,0.7516004,0.75685143,0.21732304,0.77806437,0.675478,0.77429837,0.45376277,Stable
0.35305938,0.5270703,0.48957777,0.7364367,0.4920305,0.42987394,0.73024535,0.83801174,0.6713132,0.30409837,0.745249,0.76752704,0.76115793,0.20895539,0.78079385,0.67172384,0.77989954,0.44019747,Stable
0.35526717,0.5419906,0.48896736,0.7327477,0.4890982,0.42512712,0.71942157,0.83300877,0.6685606,0.30122364,0.7448839,0.76888525,0.7623427,0.2028672,0.7778735,0.6693565,0.77875257,0.43722212,Stable
0.33860326,0.5853269,0.48559564,0.7295024,0.4904787,0.42458296,0.7142522,0.8284177,0.668681,0.29976612,0.74068207,0.78337663,0.7542569,0.20512894,0.78252923,0.6730181,0.7793774,0.4364636,Stable
0.3388033,0.58577716,0.4855919,0.72943413,0.49053007,0.4246894,0.7142009,0.828217,0.6685793,0.2998044,0.740764,0.783514,0.75420094,0.20509899,0.7824778,0.67303437,0.7794039,0.43656775,Stable
0.3307901,0.5834687,0.48659062,0.72782296,0.4896857,0.42289242,0.71351284,0.8276622,0.673872,0.28934166,0.7400126,0.77151334,0.7494316,0.20759754,0.7863338,0.67163223,0.7849948,0.43136084,Stable
0.33678144,0.5876501,0.48723775,0.7327477,0.4898094,0.41888925,0.71266556,0.8082454,0.6817589,0.285156,0.74118584,0.7797295,0.75134325,0.20269153,0.78114855,0.6659469,0.7828951,0.42544842,Stable
0.33903766,0.588873,0.4905529,0.73128116,0.4890301,0.41755807,0.7161345,0.8094177,0.6726235,0.28801498,0.74032855,0.7672578,0.7476165,0.20374732,0.78507626,0.6644657,0.78435916,0.42521673,Stable
0.32747176,0.5794016,0.4828673,0.7276472,0.48871762,0.4182096,0.7095992,0.79829645,0.6715323,0.2885335,0.74065983,0.7684294,0.74781203,0.20034918,0.77770466,0.66077816,0.77828115,0.41567624,Stable
0.32759643,0.5794666,0.4829013,0.7277056,0.48863572,0.41821623,0.70954174,0.7984728,0.6716349,0.2884793,0.74052066,0.7684015,0.7481525,0.20027712,0.7776837,0.6610366,0.7783431,0.41581446,Stable
0.31928644,0.5725962,0.4831124,0.7280749,0.4875142,0.41474324,0.70787954,0.80236006,0.67173564,0.28764898,0.74133193,0.775589,0.7489287,0.2033554,0.7751709,0.6644743,0.7763245,0.41313148,Stable
0.31666,0.566881,0.48436987,0.7257941,0.48577875,0.41684806,0.70650375,0.8097272,0.6690549,0.28915906,0.74169064,0.77051747,0.7452962,0.20117438,0.7754029,0.66304946,0.77486825,0.41563508,Stable
0.322657,0.570881,0.48598552,0.72820103,0.4844752,0.4187793,0.7118885,0.820079,0.67134464,0.28739408,0.7444875,0.760237,0.74659,0.20013615,0.7762487,0.6602367,0.77306193,0.4143526,Stable
0.31699884,0.57399964,0.4877821,0.73136514,0.48463374,0.41838202,0.7137336,0.8184097,0.6702933,0.2870255,0.7421839,0.7596191,0.7507302,0.19655049,0.7742121,0.66087204,0.77172554,0.4148357,Stable
0.31690648,0.57420015,0.4879175,0.7315113,0.48466405,0.4181841,0.71361697,0.8181881,0.67039055,0.28682417,0.74231994,0.7595043,0.7505443,0.19675946,0.77403736,0.6610584,0.7716702,0.41488504,Stable
0.31249255,0.5741065,0.48929653,0.7339479,0.48339558,0.4200117,0.7170496,0.81534356,0.66874325,0.2873236,0.7394223,0.7558138,0.7501496,0.192355,0.7733965,0.6624696,0.7706985,0.4134797,Stable
0.30797264,0.57496285,0.48873958,0.73462313,0.48148486,0.4188949,0.7297611,0.8177054,0.6664814,0.27131823,0.7437835,0.74764085,0.74735945,0.19421814,0.77176595,0.6618939,0.768232,0.41255865,Stable
0.3180288,0.5711769,0.49576378,0.7343626,0.4813373,0.41914612,0.7276525,0.81431454,0.6546477,0.27866125,0.74338233,0.7398437,0.7501278,0.17797333,0.77165264,0.63923174,0.7675835,0.4057306,Stable
0.32705224,0.5593311,0.4926545,0.72306585,0.4824456,0.4153003,0.73036253,0.8199953,0.6597297,0.26605082,0.74525326,0.7178964,0.7756959,0.13196824,0.7766563,0.63956434,0.77272713,0.40909737,Stable
0.327825,0.5580908,0.49276787,0.7229643,0.48245192,0.41517696,0.73055685,0.81998026,0.659791,0.26609376,0.7453648,0.71742785,0.77569747,0.13179591,0.7769961,0.63932824,0.77307075,0.40908918,Stable
0.32504576,0.5584935,0.49233565,0.723091,0.48178396,0.4117616,0.71582544,0.815221,0.662782,0.2634556,0.742006,0.7496227,0.77116054,0.12609926,0.7711031,0.6388407,0.7698909,0.40567502,Stable
0.31558615,0.57077885,0.49322546,0.72545636,0.48089856,0.4079134,0.7180698,0.8151058,0.66239774,0.2627223,0.7410912,0.75034976,0.7708148,0.12344958,0.7719729,0.6541318,0.76942265,0.40634584,Stable
0.32678413,0.5733575,0.49437487,0.72276103,0.47716957,0.40626055,0.7214421,0.8174175,0.6558191,0.26138285,0.7433733,0.7399103,0.72570515,0.19084297,0.7705724,0.6557204,0.7691583,0.41361207,Stable
0.3162195,0.56685174,0.49296856,0.7267662,0.4826238,0.39963564,0.73364824,0.8228523,0.65620196,0.2603445,0.745257,0.7255415,0.77875304,0.08859457,0.7728516,0.6584143,0.77119696,0.41005346,Stable
0.3166846,0.5662768,0.49306262,0.7267613,0.48277092,0.39956182,0.73362607,0.822701,0.65584284,0.26039606,0.74509513,0.7253934,0.7787196,0.088352256,0.7727582,0.6583295,0.77117515,0.41019672,Stable
0.3172118,0.5610094,0.49666294,0.73483866,0.4818856,0.4011538,0.7324437,0.82311416,0.65918195,0.25603977,0.74504703,0.7146856,0.77754444,0.07838509,0.76861787,0.65432304,0.76628804,0.40447113,Stable
0.3213175,0.563554,0.49420977,0.73976827,0.48406407,0.4007436,0.73205674,0.81972146,0.6633533,0.24681914,0.73915994,0.736364,0.77685845,0.08068439,0.76697206,0.658303,0.76685065,0.40671545,Stable
0.31477973,0.5616456,0.49347612,0.7418884,0.4811241,0.40005395,0.73097205,0.82032263,0.6629766,0.24651277,0.7448828,0.7240343,0.75719905,0.11871355,0.7696628,0.65787524,0.7684134,0.40431178,Stable
0.33227804,0.56628877,0.4899407,0.7317595,0.47933993,0.3980779,0.7361741,0.82400644,0.66042095,0.24287027,0.74126816,0.7247421,0.76709574,0.097611085,0.7705424,0.65122736,0.7664663,0.39777505,Stable
0.3324727,0.56615204,0.48970717,0.73158693,0.4793386,0.39805067,0.7363564,0.82412744,0.6604966,0.2428826,0.7412457,0.72378373,0.76721275,0.097247444,0.7706603,0.6508224,0.7664847,0.3977155,Stable
0.3286437,0.56530166,0.48203385,0.7220041,0.47853285,0.39387998,0.7161825,0.80535424,0.661001,0.23239249,0.74161994,0.72170174,0.7607194,0.09607526,0.7681701,0.6342521,0.763175,0.3879655,Stable
0.3443457,0.55113536,0.48440003,0.706637,0.47395942,0.38692006,0.7256566,0.807215,0.6550829,0.21895067,0.74327314,0.70578384,0.73493737,0.11576636,0.76608175,0.6275978,0.7619151,0.382196,Stable
0.3213198,0.56815964,0.48265344,0.70697606,0.47674438,0.3776822,0.7236155,0.80325747,0.6628029,0.20020428,0.73976916,0.7145082,0.7680882,0.06505582,0.7725451,0.63006234,0.77047074,0.38525733,Stable
0.35922945,0.58521086,0.483586,0.7046725,0.4769674,0.36859843,0.7388437,0.81162393,0.65587723,0.19640967,0.757916,0.6998758,0.7515533,0.06494716,0.7805698,0.6339728,0.7774122,0.38440567,Stable
0.35943398,0.585049,0.4834946,0.70463514,0.47693068,0.36885488,0.738836,0.8115879,0.6557509,0.19653164,0.75774336,0.70034695,0.7511315,0.06551414,0.78059554,0.63385576,0.7773725,0.3844379,Stable
0.3333795,0.5845807,0.47441933,0.69998276,0.47266334,0.36271343,0.7259456,0.79032624,0.66026,0.18260315,0.7623751,0.70797944,0.76007426,0.05055247,0.7770251,0.62316674,0.77403784,0.37252647,Stable
0.3313919,0.5842659,0.47885734,0.68973756,0.47120386,0.35496157,0.73748684,0.78416014,0.6546421,0.18685928,0.7549266,0.6999365,0.7579335,0.047400396,0.7737829,0.6141092,0.76860726,0.36735126,Stable
0.3217047,0.5853102,0.47124743,0.6814103,0.47468922,0.3557328,0.73803353,0.7826452,0.6498041,0.18612425,0.7473843,0.70505947,0.75840324,0.04895691,0.7754776,0.6120169,0.7678306,0.3676958,Stable
0.31827664,0.57995594,0.48133,0.6741687,0.47468263,0.35265076,0.7367356,0.7856752,0.6502769,0.18096685,0.74692965,0.6749069,0.74824804,0.052027017,0.78322786,0.59548515,0.77586263,0.35581326,Stable
0.31798327,0.5799137,0.48125374,0.67420506,0.47461343,0.35260484,0.7368394,0.78553337,0.65025437,0.18099402,0.74700445,0.6745846,0.74822736,0.052005775,0.7830669,0.59532386,0.7758007,0.3557983,Stable
0.31854713,0.5778081,0.4697735,0.66767687,0.475168,0.34652013,0.71970767,0.76323384,0.650149,0.18046902,0.747498,0.6775915,0.7441592,0.053194575,0.7826046,0.5908099,0.7751171,0.34951258,Stable
0.33112097,0.56456614,0.46574527,0.670715,0.47167882,0.33766842,0.71566284,0.75456524,0.65436506,0.1695345,0.74342775,0.6751258,0.75596637,0.04448674,0.7774204,0.591717,0.76856446,0.34318185,Stable
0.33188558,0.55716324,0.46815178,0.66781116,0.4716031,0.33772683,0.71977484,0.745324,0.65862876,0.16807261,0.7444491,0.68321085,0.7561597,0.04583807,0.77566063,0.5903973,0.770085,0.3440144,Stable
0.33070868,0.55108535,0.47130805,0.6655843,0.4735974,0.33516964,0.7314164,0.75932926,0.66132796,0.16432723,0.7473359,0.66522634,0.7560179,0.047090005,0.77601016,0.5906286,0.76995564,0.34193653,Stable
0.33079273,0.5511582,0.47147176,0.6655988,0.47370273,0.33511138,0.7315332,0.7593216,0.6613914,0.16420057,0.7476232,0.664826,0.75606054,0.04683834,0.7762169,0.5903899,0.77015793,0.34179336,Stable
0.32874957,0.5618079,0.47830015,0.66317165,0.47382778,0.3332589,0.73201865,0.75326216,0.6564796,0.16460538,0.74760926,0.67247844,0.75098383,0.04573729,0.7754416,0.5921011,0.7719829,0.34504718,Stable
0.3340581,0.562099,0.47479087,0.65323716,0.4735312,0.32523948,0.72865677,0.7478945,0.6537453,0.15998082,0.75152177,0.65671813,0.7471738,0.04560429,0.77579254,0.57023495,0.7719628,0.3289029,Stable
0.33220083,0.5569161,0.48008752,0.651101,0.47529718,0.3220047,0.7202809,0.7456651,0.651747,0.16192779,0.7500379,0.6578298,0.7460031,0.03875995,0.77768415,0.5719316,0.77362573,0.3276026,Stable
0.3214684,0.5543671,0.4773063,0.6480409,0.473646,0.32032776,0.7180705,0.7427721,0.6554086,0.1559461,0.7503607,0.6612557,0.7500391,0.03625403,0.77516764,0.56616616,0.77331823,0.3252365,Stable
0.32127932,0.5542585,0.4773266,0.6481041,0.4735874,0.32060856,0.7180652,0.7424637,0.6556104,0.15616417,0.7503599,0.66125363,0.7499473,0.036239535,0.7751197,0.5659902,0.7732514,0.3248815,Stable
0.3281427,0.5502684,0.47794724,0.64343,0.47354054,0.31834477,0.7084603,0.73624724,0.65611815,0.1521352,0.75674903,0.6600189,0.7510965,0.04493625,0.7774973,0.566352,0.7739543,0.32213402,Stable
0.32978803,0.545604,0.4800529,0.64470047,0.4728623,0.31892526,0.71402854,0.73357904,0.6563419,0.13691929,0.75580215,0.6337879,0.74875444,0.045847036,0.77548563,0.5600132,0.77240777,0.32404095,Stable
0.32501155,0.5387708,0.48075435,0.64867437,0.46934062,0.31810772,0.7125601,0.7255024,0.6546093,0.1447804,0.7531102,0.6539085,0.7379129,0.04464307,0.77425504,0.56259745,0.76776195,0.3225425,Stable
0.3227498,0.5385862,0.47842902,0.64451355,0.4732446,0.3153745,0.71408296,0.7291949,0.6584478,0.13274606,0.75890034,0.6444139,0.7371089,0.041255664,0.77532214,0.55938697,0.7712022,0.31888872,Stable
0.32277226,0.5383781,0.478548,0.64470494,0.47323036,0.31559607,0.71412253,0.72910964,0.65831524,0.13289942,0.75885814,0.64437985,0.7371192,0.041337777,0.7750727,0.5594089,0.7708726,0.31906712,Stable
0.33617008,0.53396547,0.47993773,0.6422938,0.4739691,0.31113774,0.7164347,0.72750944,0.6571164,0.13363686,0.75266016,0.6563245,0.74618363,0.035681203,0.7766626,0.5548483,0.7723584,0.30761734,Stable
0.33124673,0.53876007,0.48055542,0.63653785,0.47333738,0.31068337,0.7156477,0.7242477,0.6576957,0.13471635,0.74806947,0.66132855,0.7425214,0.035883352,0.77893513,0.5554296,0.7761159,0.30883056,Stable
0.33177328,0.5376445,0.48337775,0.63864756,0.47307748,0.30923247,0.72093624,0.72417784,0.6578652,0.13483536,0.7479985,0.6586279,0.7475821,0.032261215,0.7788686,0.5580336,0.7756163,0.30691874,Stable
0.33421892,0.5337216,0.48909426,0.63776165,0.47496992,0.30943334,0.73344153,0.73023075,0.6596178,0.13745981,0.74846554,0.65527725,0.7463488,0.03426473,0.77919745,0.55638754,0.7775035,0.30718803,Stable
0.33430347,0.5339063,0.48901355,0.637733,0.4748401,0.3094494,0.733425,0.7299635,0.6591964,0.13740245,0.7483696,0.6552354,0.7460283,0.034283485,0.7791011,0.55611825,0.7772889,0.30691454,Stable
0.3223812,0.5381808,0.48620516,0.63984567,0.47200775,0.3122869,0.72221637,0.7296624,0.6585756,0.1362576,0.7505722,0.65606433,0.7467085,0.0318997,0.7758726,0.5591786,0.77395463,0.31016043,Stable
0.32587332,0.540995,0.4884859,0.63971984,0.4686273,0.311791,0.72250235,0.7291448,0.6585329,0.13598947,0.7522437,0.65425056,0.7482141,0.030426916,0.7837523,0.55665326,0.7806772,0.30921456,Stable
0.32197985,0.5535646,0.48683882,0.64364624,0.46719748,0.31272805,0.71936435,0.72680736,0.65642905,0.13738404,0.7507776,0.65723276,0.746041,0.03069534,0.78224635,0.55698395,0.77743,0.31193668,Stable
0.3392323,0.5572128,0.48715863,0.6446577,0.46853346,0.31335542,0.7312946,0.73770976,0.6562435,0.13910061,0.7531229,0.65079474,0.7476014,0.02836608,0.7783991,0.5567455,0.7750573,0.31472358,Stable
0.33904323,0.55696833,0.48717564,0.6448134,0.46853775,0.31339002,0.731275,0.73739696,0.6563073,0.13894953,0.7532265,0.65131676,0.7479815,0.028288906,0.7783549,0.5564852,0.77496666,0.314591,Stable
0.33540702,0.5651699,0.48916113,0.64394474,0.4673929,0.31560305,0.72549367,0.72872627,0.65719235,0.13614231,0.7570051,0.6368927,0.7423142,0.032237887,0.78495514,0.55246276,0.7795068,0.30858272,Stable
0.34020063,0.56804276,0.49278423,0.6486493,0.47073662,0.31159297,0.7370012,0.7433113,0.656558,0.14543933,0.75786847,0.6426554,0.7338745,0.04386463,0.788131,0.55810714,0.7845577,0.31132078,Stable
0.3416623,0.5646604,0.49324533,0.6496566,0.4679582,0.3131675,0.736024,0.7335477,0.6563098,0.14241825,0.7553077,0.64625627,0.74454683,0.030719092,0.7895562,0.5595443,0.7858796,0.31173626,Stable
0.34518617,0.56504804,0.48735905,0.6523395,0.46782887,0.31223163,0.7359158,0.7308859,0.6558942,0.13847551,0.7531353,0.65122455,0.73673123,0.041974436,0.78613776,0.55792785,0.78446174,0.31292692,Stable
0.3453095,0.5650181,0.48742065,0.6521546,0.46791905,0.3122712,0.7360002,0.7311806,0.6558251,0.1384676,0.75300753,0.650682,0.73674893,0.04201066,0.78589547,0.5578283,0.78435963,0.31307265,Stable
0.33771977,0.5617919,0.49344453,0.6483371,0.46504113,0.31707758,0.738981,0.7307364,0.6528879,0.1377447,0.7547184,0.6534863,0.7400973,0.037313692,0.7807089,0.5563865,0.7791802,0.31346315,Stable
0.3321252,0.561602,0.48834366,0.6489525,0.46466458,0.3154713,0.73990434,0.7344038,0.655886,0.1464729,0.75486565,0.6367496,0.7486155,0.043975275,0.7845664,0.5580094,0.7809695,0.3095064,Stable
0.33162087,0.5556457,0.4914312,0.65145314,0.4656021,0.31375566,0.73869824,0.73515296,0.65829384,0.14912286,0.7504029,0.64094806,0.7522589,0.042300045,0.7784571,0.55766606,0.77459717,0.310071,Stable
0.33293507,0.56231505,0.4917674,0.64864075,0.46905667,0.31403056,0.73523825,0.7351626,0.6564131,0.15253861,0.74934363,0.64149654,0.7492764,0.036040347,0.7730276,0.5690737,0.77101064,0.32100916,Stable
0.3326397,0.56261986,0.49196482,0.64867526,0.46919248,0.31407768,0.73537874,0.73523015,0.65664095,0.15244782,0.7493268,0.6413179,0.7490921,0.036290895,0.77342856,0.56916696,0.7713441,0.32110593,Stable
0.33024827,0.5632312,0.4890988,0.64838076,0.46739706,0.31950355,0.7285701,0.7254448,0.65699327,0.14947024,0.75014085,0.6539583,0.7465733,0.044655316,0.77340984,0.5634878,0.7676887,0.3228625,Stable
0.33820868,0.55773354,0.48747367,0.6471001,0.46698377,0.3190276,0.7230259,0.7253372,0.655275,0.1465106,0.7526051,0.65283114,0.7380328,0.048932627,0.7654361,0.5678489,0.7636246,0.32739267,Stable
0.32831305,0.5591821,0.49001408,0.65022635,0.46400255,0.32208225,0.7366313,0.73827237,0.6532397,0.14717732,0.75348043,0.63872683,0.7509334,0.048198637,0.7704453,0.5581716,0.76590365,0.32409632,Stable
0.32843104,0.5592234,0.48989475,0.65031844,0.4640652,0.32202536,0.7364847,0.73821425,0.65330625,0.14709164,0.7530951,0.6393723,0.75100726,0.048344143,0.77043474,0.558329,0.76589745,0.32410285,Stable
0.33322352,0.5695937,0.4894378,0.65437984,0.46545705,0.32003546,0.74107814,0.7392584,0.65925705,0.13790573,0.75922203,0.63662446,0.7470791,0.044203207,0.7770686,0.5549905,0.77017444,0.3085717,Stable
0.32288328,0.5690748,0.48865348,0.6597411,0.4648547,0.32499787,0.7434899,0.737321,0.66251904,0.15323046,0.76103723,0.6485366,0.7503823,0.039868984,0.77558136,0.55277485,0.77115023,0.30266088,Stable
0.32937938,0.5640215,0.48898655,0.6629817,0.46622282,0.32463878,0.7387111,0.7428064,0.6569452,0.14215092,0.75570476,0.65736526,0.7511165,0.049423616,0.7764277,0.559456,0.77036875,0.32207608,Stable
0.33756244,0.57199776,0.4923792,0.66532433,0.4692276,0.32301706,0.7395079,0.74154204,0.65958476,0.15373428,0.7512998,0.66023344,0.74562037,0.04237923,0.77495134,0.5673536,0.7711768,0.3231497,Stable
0.33732474,0.57226604,0.49296963,0.66538185,0.46934944,0.3227309,0.73970366,0.7413887,0.65999395,0.15336584,0.75119853,0.6602845,0.7459442,0.041879833,0.77507496,0.5673162,0.77141947,0.32290596,Stable
0.33068502,0.57333076,0.49532878,0.6642112,0.4685018,0.32403204,0.75625795,0.7396247,0.66620505,0.1494015,0.7570219,0.6592952,0.74036276,0.048787177,0.7767348,0.551003,0.77180994,0.30939656,Stable
0.3357256,0.5686905,0.49408066,0.66618085,0.46741974,0.32510448,0.75590193,0.7434229,0.66793334,0.1476982,0.7603452,0.6580762,0.7413385,0.047807604,0.7747687,0.54991,0.76940936,0.30745268,Stable
0.33982193,0.572559,0.49399242,0.66824335,0.46542475,0.3289227,0.7547084,0.7414378,0.6652759,0.15349585,0.7586378,0.6490675,0.7466897,0.044601023,0.7744974,0.5485633,0.7657039,0.30880874,Stable
0.33617586,0.5756967,0.49434993,0.6682958,0.4633153,0.32955247,0.7523429,0.74796194,0.66089517,0.15458953,0.7603171,0.6467911,0.74990463,0.038740393,0.77584547,0.5539453,0.7660718,0.31325528,Stable
0.33625397,0.57547337,0.49422044,0.66828334,0.46326005,0.32942197,0.752315,0.7479359,0.6604018,0.15466993,0.7604746,0.6467109,0.74898833,0.03731989,0.77578914,0.55382156,0.76599216,0.31350562,Stable
0.33647877,0.57995826,0.49433118,0.66831344,0.46541914,0.3308165,0.75351846,0.74714917,0.66429794,0.15298587,0.75868165,0.64659023,0.75517863,0.040286258,0.77802694,0.5542702,0.76744926,0.3225078,Stable
0.33586764,0.58002037,0.4953906,0.6690755,0.4625296,0.33799112,0.7572466,0.7471509,0.6583086,0.15072456,0.75561357,0.6574384,0.7418401,0.039786737,0.77710694,0.55421674,0.7664947,0.32281455,Stable
0.33759496,0.5798086,0.49315414,0.67039174,0.46246767,0.33867043,0.75391114,0.74847066,0.6552277,0.15115866,0.75488186,0.66253066,0.73729867,0.041828804,0.77507544,0.5595428,0.7672002,0.3256607,Stable
0.3369139,0.5778533,0.4915794,0.6712259,0.46429527,0.33638632,0.7489884,0.7383708,0.66018486,0.15343097,0.76382196,0.65771896,0.75183773,0.032522544,0.7741827,0.5537349,0.7658514,0.317751,Stable
0.33688056,0.5779436,0.49181914,0.6713338,0.46434328,0.33623207,0.749284,0.7382965,0.66032034,0.15318747,0.7640928,0.6572901,0.75188804,0.032481454,0.77406424,0.553614,0.76576036,0.31753612,Stable
0.33325684,0.583112,0.49116075,0.67388916,0.46363002,0.33742088,0.75175655,0.75146854,0.658421,0.13693878,0.7616085,0.67446995,0.7496542,0.036029764,0.7775821,0.5550991,0.7697541,0.31421453,Stable
0.32511646,0.5881872,0.4895918,0.6741683,0.46259636,0.3391301,0.7523657,0.7537579,0.6568984,0.15339722,0.7584068,0.6633239,0.7513981,0.037392937,0.77684754,0.5579956,0.77037907,0.31352127,Stable
0.332731,0.58375674,0.49000108,0.6771599,0.46163353,0.33842248,0.75036585,0.75035566,0.6558448,0.14917324,0.7595124,0.67266667,0.75205314,0.039393783,0.7774929,0.5574555,0.7646262,0.31236517,Stable
0.32466856,0.5870006,0.49134362,0.676407,0.46154818,0.34221086,0.75226676,0.75438184,0.65394664,0.14846016,0.755571,0.67455184,0.7491772,0.037227046,0.7751683,0.56462556,0.7686407,0.31752118,Stable
0.32476243,0.5879926,0.49126488,0.6763682,0.46141762,0.34227225,0.7523675,0.7543869,0.65387475,0.14837399,0.7557122,0.6743848,0.74930644,0.03706808,0.77507776,0.56435406,0.76962537,0.31237096,Stable
0.3222695,0.5960066,0.49005896,0.6767337,0.45632094,0.34245598,0.75510615,0.7532999,0.656326,0.13778096,0.7539999,0.66356564,0.75226676,0.035126712,0.7762138,0.5649383,0.7720308,0.32143855,Stable
0.3270091,0.5897465,0.4910915,0.677721,0.4561399,0.34745988,0.75409853,0.75164175,0.6503067,0.15229604,0.75384295,0.66391927,0.7492599,0.03490551,0.7766372,0.55886245,0.7685973,0.3225534,Stable
0.3132036,0.5987495,0.49201643,0.678738,0.45483702,0.34908733,0.7552117,0.75020254,0.6519331,0.15127262,0.7581789,0.6577343,0.7496869,0.037609022,0.77499413,0.5671077,0.76567864,0.32240027,Stable
0.31903267,0.6037408,0.49318117,0.6802225,0.45519933,0.34547505,0.7566652,0.7539198,0.6497691,0.15732174,0.75658584,0.6739513,0.7531175,0.04526457,0.77593863,0.5616999,0.7677404,0.3204577,Stable
0.31897828,0.60383224,0.49307868,0.6802294,0.45514965,0.34548303,0.7566711,0.7540915,0.649737,0.15735564,0.75669473,0.6740458,0.7531346,0.045268726,0.776173,0.5617305,0.76789665,0.3203803,Stable
0.31463984,0.6008626,0.49064165,0.682809,0.45451564,0.34617063,0.7549697,0.7521882,0.64772147,0.15433738,0.7560936,0.68662214,0.7495971,0.043610074,0.7752687,0.57305264,0.7690284,0.32741833,Stable
0.31702664,0.6011646,0.49181828,0.6837733,0.46019447,0.34370732,0.75506943,0.7528152,0.64966,0.15612832,0.7573364,0.68510216,0.7524308,0.039517898,0.7759135,0.57615733,0.7688663,0.3331517,Stable
0.31537393,0.5981947,0.49189025,0.68366283,0.45687264,0.34237504,0.7554821,0.7481053,0.64918447,0.14769378,0.7573659,0.6761085,0.7550212,0.05042042,0.7766956,0.5728784,0.76939696,0.3282302,Stable
0.31718647,0.5925305,0.4882469,0.6828506,0.46110314,0.33810458,0.75310016,0.74751794,0.65021324,0.13812317,0.75610447,0.69370496,0.7508642,0.040866196,0.77819693,0.574438,0.7698699,0.32831374,Stable
0.3171814,0.59241885,0.48830807,0.68279874,0.4612276,0.33813795,0.75302905,0.7474276,0.65026164,0.13813244,0.75614715,0.6938864,0.7512245,0.041010424,0.7781129,0.5744924,0.7697735,0.3283984,Stable
0.31591198,0.5890781,0.4934418,0.68387866,0.46102852,0.3350366,0.7560159,0.7492993,0.647789,0.14345908,0.75414383,0.6982185,0.754775,0.04358366,0.77883124,0.57003605,0.7721774,0.3273678,Stable
0.31433818,0.58959186,0.49590012,0.6789961,0.458994,0.3377512,0.75737786,0.7540145,0.6397287,0.15539873,0.75417393,0.6723678,0.7494177,0.041608665,0.77992153,0.57337576,0.77422595,0.33280668,Stable
0.31520158,0.58705384,0.49612468,0.67799795,0.46097574,0.34184608,0.75511086,0.75338906,0.6459678,0.15819156,0.7556254,0.6742255,0.7507994,0.048319705,0.7776947,0.56938976,0.7713009,0.33188212,Stable
0.3134556,0.58503544,0.4911573,0.6762533,0.45373878,0.343757,0.75506395,0.751585,0.64552516,0.14874887,0.7564918,0.6854934,0.7448026,0.045216586,0.77956295,0.5596751,0.77169037,0.32931125,Stable
0.31292498,0.5842352,0.49054706,0.67660534,0.4551477,0.34416303,0.75357527,0.7513081,0.64654547,0.1482368,0.75702643,0.6859755,0.7458761,0.043548357,0.78039116,0.5597577,0.77196455,0.32981446,Stable
0.31243932,0.5805254,0.48998842,0.6772368,0.45618805,0.34891495,0.75186867,0.7605752,0.6489206,0.15122667,0.75902796,0.6778679,0.7522497,0.037832893,0.78031576,0.57728446,0.77357686,0.33466,Stable
0.31169644,0.5796524,0.48852536,0.680838,0.4568565,0.3476082,0.753222,0.7568321,0.6416898,0.15681598,0.7570344,0.6688511,0.75230616,0.039350145,0.7754296,0.5740894,0.76697034,0.33304176,Stable
0.31297517,0.58176696,0.4921125,0.682029,0.4595983,0.3485056,0.75757706,0.75302947,0.6406499,0.1706014,0.75657713,0.6822947,0.75525665,0.05078268,0.77711385,0.57849485,0.7721526,0.33665746,Stable
0.31256866,0.5776676,0.49418733,0.680355,0.45952803,0.35402513,0.7549752,0.75919116,0.6328176,0.18457161,0.7565824,0.6819384,0.7563473,0.05166723,0.77996385,0.57640684,0.7698592,0.3455853,Stable
0.3123862,0.57770395,0.4940313,0.680454,0.45934254,0.35420203,0.7549791,0.75915885,0.6326532,0.18500358,0.7566042,0.6818789,0.7559602,0.051519793,0.7799742,0.5765003,0.769927,0.3455828,Stable
0.31208754,0.57453877,0.49204478,0.67575204,0.46305963,0.34666562,0.75245357,0.75169265,0.6365765,0.18136816,0.7551944,0.67951554,0.7587937,0.053793043,0.7755703,0.5828178,0.77032256,0.35062724,Stable
0.3133253,0.5746666,0.49318194,0.67457813,0.47136244,0.33735842,0.7524757,0.7583155,0.6513955,0.15271,0.76139617,0.6672777,0.76741135,0.05749429,0.7818029,0.5737521,0.77958244,0.33286119,Stable
0.30494606,0.5738853,0.49206504,0.67376804,0.47198755,0.33220068,0.75310177,0.7525245,0.6575025,0.15298261,0.75947446,0.6860641,0.76611394,0.050101455,0.7827951,0.56435823,0.7771963,0.31858057,Stable
0.3107975,0.5664817,0.48835474,0.66809666,0.4699263,0.3304388,0.7531378,0.75462437,0.6560467,0.14189284,0.76313394,0.67251027,0.76207304,0.05198365,0.7836691,0.5575956,0.77513814,0.32191676,Stable
0.30946267,0.5678121,0.4883451,0.66816497,0.46985924,0.33029777,0.75316733,0.7546638,0.65593994,0.14205822,0.7632419,0.67223775,0.76209706,0.05214312,0.7834171,0.55744433,0.7749066,0.321879,Stable
0.3179239,0.5654708,0.49328598,0.6673212,0.4695326,0.3286472,0.75275373,0.75349844,0.65569305,0.15075932,0.7591789,0.6629579,0.76628983,0.05890138,0.7839052,0.5560434,0.77498484,0.31491587,Stable
0.30422452,0.5647321,0.49237952,0.66650283,0.4721696,0.32622176,0.7504923,0.7422039,0.65213096,0.14054786,0.75888836,0.67731273,0.7588811,0.051534545,0.7828514,0.56037307,0.77498853,0.31532523,Stable
0.30526072,0.5599311,0.4949872,0.6658137,0.4705772,0.32193097,0.7488365,0.7383692,0.6536429,0.13720396,0.7565457,0.6614109,0.760129,0.05415408,0.7834913,0.5576477,0.7735183,0.30958685,Stable
0.31360316,0.5524725,0.4924657,0.6634551,0.47290128,0.3207144,0.75154257,0.7383336,0.6646853,0.116635576,0.7581589,0.67061186,0.7565795,0.044702522,0.7813271,0.5701947,0.77451134,0.31276137,Stable
0.31360728,0.5525563,0.49240786,0.66355145,0.47290775,0.32070798,0.7515945,0.73835814,0.66458666,0.11675382,0.75817215,0.67084855,0.7565593,0.04468041,0.7813083,0.57026786,0.77454823,0.31282568,Stable
0.29970384,0.5398088,0.49039802,0.6613095,0.47410846,0.31796682,0.74922335,0.73772204,0.6690631,0.13568759,0.7633219,0.668378,0.7609648,0.027952746,0.7862662,0.57130075,0.7827713,0.3112688,Stable
0.30959487,0.5403103,0.49064288,0.65669423,0.47380278,0.31732482,0.74675816,0.74000084,0.66772115,0.10901043,0.7654021,0.65221214,0.7547831,0.042528745,0.7896294,0.5569887,0.7841488,0.30599573,Stable
0.30956328,0.5301086,0.49062106,0.652928,0.47403675,0.3155428,0.7493488,0.7350063,0.6626651,0.11261134,0.7572955,0.65439963,0.7433106,0.035342094,0.78697526,0.5560416,0.7807758,0.30989122,Stable
0.3085223,0.5245122,0.490517,0.64305925,0.47477287,0.31191725,0.7482228,0.73058957,0.6630986,0.11012934,0.75555706,0.6454112,0.7451508,0.03643121,0.78765893,0.5481808,0.78217715,0.30589423,Stable
0.3084854,0.5244758,0.4903018,0.642919,0.47475725,0.3120506,0.74803424,0.7306651,0.6631682,0.109786235,0.75563085,0.6456015,0.7452555,0.03642846,0.78762245,0.5481374,0.78218865,0.30604485,Stable
0.305104,0.5216594,0.48617205,0.6379005,0.47577745,0.31567496,0.7460594,0.7228036,0.6526661,0.13495564,0.7598834,0.6333102,0.7409469,0.04359176,0.78693837,0.545314,0.7819554,0.30883738,Stable
0.3021884,0.50801444,0.4864378,0.63582027,0.47558397,0.31292677,0.7434167,0.719438,0.6522022,0.13284212,0.75527614,0.631433,0.7492043,0.031041509,0.7840063,0.5443104,0.7808114,0.3105469,Stable
0.30191198,0.5002584,0.48738572,0.62057173,0.47688043,0.30360302,0.7348444,0.7011694,0.6500386,0.12446338,0.7586769,0.6140506,0.7273866,0.045755066,0.78458977,0.5324362,0.7791034,0.3034677,Stable
0.3090909,0.49367124,0.48691496,0.6162648,0.47900134,0.29544795,0.7386703,0.7001718,0.6555422,0.11159514,0.7569127,0.61549723,0.74405855,0.030093353,0.78150654,0.5307921,0.77582884,0.3001005,Stable
0.3091488,0.49360332,0.48689866,0.6162021,0.47920758,0.2953452,0.73863643,0.70010626,0.6557647,0.111395955,0.756907,0.61567175,0.7440767,0.030128023,0.78156626,0.5307971,0.7759189,0.30015934,Stable
0.31041494,0.48598272,0.48291463,0.61131316,0.47888637,0.29345596,0.7358037,0.6959931,0.65433943,0.1116755,0.7564723,0.62558305,0.73425364,0.042173967,0.77731746,0.5296917,0.7751023,0.2960126,Stable
0.30585396,0.48294222,0.48541194,0.60750127,0.48208377,0.28046483,0.7307478,0.68832576,0.6569287,0.11274739,0.7525927,0.62459534,0.7540857,0.028432205,0.7866348,0.52846336,0.7903995,0.29175752,Stable
0.31282255,0.47187197,0.48746818,0.60052097,0.47823507,0.27503562,0.7311208,0.6856718,0.6541251,0.116927885,0.7511383,0.6281187,0.7516231,0.040813725,0.7787568,0.52143025,0.7841872,0.2861826,Stable
0.31422287,0.4624693,0.48342273,0.5990479,0.47808123,0.2708692,0.7325999,0.6771388,0.6602056,0.114606045,0.74566334,0.62587523,0.74996877,0.045756646,0.7840435,0.5146228,0.78752464,0.28247267,Stable
0.3142458,0.4625786,0.48335624,0.5992296,0.47814018,0.27063298,0.73247313,0.67705506,0.6603551,0.11437901,0.74550235,0.62594485,0.7499311,0.045895383,0.78377175,0.5148326,0.78723097,0.2824853,Stable
0.31631967,0.46168336,0.48263085,0.5939066,0.48013347,0.2698397,0.73077977,0.6759076,0.6687691,0.110630296,0.7468829,0.62874544,0.75086135,0.04353225,0.78516316,0.51566744,0.78955835,0.28237212,Stable
0.3142445,0.45800826,0.4832189,0.5922111,0.47799096,0.27340773,0.7332925,0.674608,0.66863364,0.11379115,0.7453476,0.62325424,0.7474501,0.0470497,0.7820458,0.51531696,0.788356,0.28132975,Stable
0.319908,0.4553586,0.48116744,0.58792764,0.4782315,0.27208626,0.7341827,0.67479295,0.68033874,0.116494775,0.74679375,0.62243724,0.7577631,0.043659236,0.78249073,0.5162234,0.78744423,0.28340012,Stable
0.31758142,0.45370993,0.48505569,0.5909692,0.47655845,0.2734782,0.7340529,0.67453855,0.6801378,0.12123489,0.7479889,0.6275166,0.759325,0.04687722,0.78230995,0.5175097,0.783326,0.28508615,Stable
0.3176099,0.45351464,0.48515972,0.5910882,0.47672042,0.27339816,0.73423404,0.67460793,0.68039125,0.121110484,0.74797624,0.62764996,0.7594049,0.046869442,0.78257906,0.5175781,0.7836149,0.2851572,Stable
0.3272013,0.4494649,0.49044263,0.593319,0.47924826,0.27761203,0.72952175,0.67437387,0.68198025,0.1297041,0.7482609,0.62909526,0.7572886,0.045290828,0.7799505,0.5189113,0.7824093,0.28918734,Stable
0.32630554,0.44884297,0.4904581,0.5956873,0.48222065,0.2784365,0.7310933,0.6680085,0.68294895,0.12574503,0.7456118,0.6208092,0.7605552,0.046623763,0.7789332,0.51782626,0.78190756,0.2917848,Stable
0.3282306,0.45112154,0.48718315,0.59818685,0.485425,0.27996993,0.73382276,0.6721782,0.68040514,0.129922,0.75187624,0.6237024,0.76268756,0.044029564,0.7797267,0.5269255,0.785491,0.30288926,Stable
0.32943952,0.4536993,0.48937905,0.60170424,0.48872048,0.28336486,0.7320277,0.6720954,0.67236733,0.14359176,0.7505679,0.62822914,0.76404995,0.03764961,0.78128856,0.53072214,0.786106,0.30488536,Stable
0.3292147,0.45378762,0.48958275,0.60165125,0.4887857,0.28348202,0.7326457,0.67254746,0.67235774,0.14368348,0.7504976,0.6277186,0.7639886,0.037624493,0.78125596,0.5307642,0.7860784,0.3049728,Stable
0.32920718,0.45499015,0.4882084,0.601727,0.4849677,0.29328826,0.7160809,0.6633299,0.667099,0.15037121,0.74531955,0.65338826,0.7654275,0.048272666,0.779029,0.5335806,0.7795722,0.31768084,Stable
0.32961857,0.46394274,0.49282002,0.6084976,0.48390377,0.2998141,0.72261757,0.6744883,0.66766256,0.15381849,0.7515974,0.6741462,0.76442635,0.049767755,0.78140897,0.5334651,0.78613985,0.31459892,Stable
0.3348008,0.473533,0.48875606,0.6176696,0.48871762,0.3015208,0.72817487,0.6797651,0.6755624,0.14658289,0.7501496,0.6891204,0.76715076,0.041263524,0.7804831,0.54901904,0.78451765,0.32591763,Stable
0.3347028,0.48022723,0.4956892,0.6183628,0.49295208,0.30710304,0.71831554,0.6829971,0.6784217,0.14844762,0.75296044,0.698837,0.77069104,0.048626795,0.7787942,0.5562112,0.78280205,0.33135545,Stable
0.33488208,0.48000643,0.4958323,0.6183834,0.49297604,0.30692452,0.71838945,0.6831137,0.67850035,0.14824577,0.75292456,0.69871604,0.77069914,0.048611544,0.77883166,0.5561871,0.78278077,0.33131918,Stable
0.3335281,0.48683855,0.50135744,0.62284034,0.49618134,0.3101356,0.7422738,0.70132065,0.6809921,0.15370503,0.7502243,0.6599888,0.7734082,0.047172632,0.7864828,0.5573639,0.789396,0.33533233,Stable
0.3389132,0.4911368,0.5016066,0.62665975,0.49489722,0.31587633,0.7395165,0.70262253,0.68090314,0.15864274,0.7467875,0.66331536,0.7698703,0.04904028,0.7853419,0.5586966,0.7872102,0.3364175,Stable
0.33937997,0.497293,0.5042106,0.6279873,0.49581724,0.32234612,0.7408469,0.7095375,0.67645615,0.16996346,0.74766916,0.67176765,0.7722303,0.052319046,0.7832985,0.5627522,0.78393483,0.34892118,Stable
0.3330316,0.50145495,0.50158346,0.630185,0.49783754,0.32827067,0.74355453,0.7191667,0.68231267,0.17050467,0.7509799,0.6809961,0.7731955,0.053800367,0.78724235,0.56907237,0.7888629,0.34879562,Stable
0.333191,0.50144804,0.5016011,0.6300714,0.49778396,0.32829168,0.74347353,0.719113,0.6822216,0.17061226,0.7510993,0.6810488,0.7732431,0.053908,0.78731835,0.56915283,0.7888874,0.3487396,Stable
0.34027642,0.5077684,0.4997234,0.633235,0.49866423,0.33111185,0.7344269,0.71997654,0.6788203,0.17506449,0.7514195,0.6806623,0.7735245,0.056087457,0.78240556,0.57564884,0.7811679,0.35037893,Stable
0.34372255,0.51095825,0.50267327,0.6349715,0.49999917,0.33079687,0.74137855,0.7171593,0.68576455,0.17580244,0.7513203,0.684643,0.7767291,0.058155313,0.7848026,0.57361627,0.7859079,0.3515643,Stable
0.3450228,0.5138633,0.5035016,0.63554037,0.49319404,0.33664116,0.7431173,0.72035426,0.67673755,0.18111442,0.75516975,0.6820525,0.7719845,0.058784023,0.7827314,0.576679,0.7820424,0.35427305,Stable
0.3510135,0.51787484,0.49877006,0.63719124,0.49380457,0.34023124,0.740016,0.7215607,0.67184466,0.19119889,0.7586956,0.6837975,0.7693192,0.07087562,0.78088874,0.58028966,0.77840114,0.36167142,Stable
0.35074025,0.5176021,0.49883398,0.637216,0.49373943,0.34030014,0.7401453,0.72148013,0.67185396,0.19137177,0.75942147,0.68323964,0.76932657,0.07087462,0.7809226,0.5801443,0.7784232,0.36158514,Stable
0.35127962,0.5178536,0.501706,0.64047194,0.49392855,0.339588,0.73850274,0.721835,0.6732569,0.18886779,0.7551049,0.6934621,0.7725538,0.057931032,0.78275347,0.5808026,0.77949333,0.35486424,Stable
0.3507458,0.5164577,0.50125325,0.6424843,0.49540183,0.33914432,0.73813367,0.71940106,0.6734656,0.18556401,0.74985194,0.71556306,0.76882714,0.05142737,0.7846777,0.58106214,0.7833768,0.36343622,Stable
0.34758243,0.523304,0.4979069,0.64409995,0.49706578,0.33894905,0.7397582,0.7246823,0.673633,0.19484606,0.75763005,0.7097968,0.76996225,0.05113238,0.785489,0.58374715,0.7840897,0.36725962,Stable
0.34382817,0.52292514,0.49971914,0.64356256,0.5000894,0.34039375,0.74034834,0.7278484,0.67955303,0.19268475,0.7592648,0.7089226,0.7708552,0.048029333,0.7825444,0.5924051,0.7797606,0.36824998,Stable
0.34378284,0.52287054,0.49971694,0.64359194,0.4998817,0.33839676,0.7404086,0.7279638,0.67956734,0.19276345,0.75894487,0.7092658,0.7708467,0.04803676,0.782679,0.59252435,0.77984095,0.36837047,Stable
0.34125698,0.5239838,0.49443984,0.6427635,0.49801207,0.3433752,0.7382724,0.72660315,0.6732563,0.19821523,0.7589241,0.7220683,0.7698642,0.056461647,0.78272307,0.59596837,0.78068995,0.37029982,Stable
0.3402681,0.5230586,0.50075597,0.64693314,0.49850866,0.34719974,0.74175733,0.731677,0.6765792,0.20108682,0.75726956,0.694741,0.77378863,0.055823576,0.7869913,0.5947842,0.785653,0.3711174,Stable
0.34350857,0.5268551,0.49534243,0.6466184,0.5002017,0.35181066,0.7340319,0.73211,0.68092096,0.19840142,0.75694513,0.7192532,0.77701926,0.059663862,0.78562045,0.5997505,0.78342664,0.37422904,Stable
0.34120262,0.52655876,0.5024952,0.65224594,0.5000396,0.35171112,0.73901176,0.7372285,0.6806432,0.19999948,0.7553205,0.6960491,0.7729568,0.07766068,0.7884807,0.59661585,0.7846834,0.370617,Stable
0.34120166,0.5264648,0.5024259,0.65216506,0.49994677,0.35176164,0.7390849,0.7370955,0.68027705,0.20012888,0.75520456,0.6960814,0.7726824,0.07832157,0.78855467,0.5966633,0.7847961,0.37068516,Stable
0.34556013,0.52660453,0.49957645,0.6474875,0.50086886,0.35011238,0.73759246,0.74012345,0.6814739,0.20129126,0.7631373,0.686604,0.77521944,0.079152316,0.7887887,0.5943912,0.78538865,0.36620772,Stable
0.3492443,0.5289475,0.50091565,0.6527973,0.5003749,0.34923404,0.73957247,0.73900485,0.6782186,0.20457193,0.76060814,0.692722,0.7733029,0.08410132,0.79057854,0.5953553,0.7863621,0.36720896,Stable
0.3467501,0.5290055,0.50147814,0.65659666,0.49887943,0.3467067,0.7414706,0.7392572,0.68104064,0.20760372,0.76189655,0.69337195,0.77507377,0.082123935,0.79051054,0.59652853,0.7855572,0.36852914,Stable
0.34689102,0.5317892,0.49954426,0.65740246,0.4952417,0.35576028,0.739285,0.73893416,0.6805321,0.21074787,0.75649047,0.7082436,0.76990235,0.09671485,0.79126716,0.5992063,0.7883217,0.370195,Stable
0.34681162,0.53174764,0.49955893,0.65726995,0.49529672,0.3557851,0.73927665,0.7389282,0.68051994,0.21065608,0.75660455,0.7080369,0.7699567,0.09671181,0.79125583,0.59916204,0.7882912,0.3701015,Stable
0.34587833,0.5320293,0.49938187,0.6592127,0.4954911,0.3578139,0.7389684,0.7393925,0.67670715,0.21550362,0.75506556,0.7094273,0.76869917,0.09812808,0.79155827,0.6009175,0.79005134,0.372204,Stable
0.348659,0.53188246,0.4976542,0.6568059,0.49612427,0.35639125,0.7408445,0.7393429,0.67722654,0.2137821,0.7540204,0.70915097,0.7703251,0.097901806,0.7925295,0.5988052,0.7911526,0.36996418,Stable
0.35071617,0.53065073,0.49571055,0.6587542,0.49465925,0.35696954,0.73801124,0.73888147,0.6776264,0.21517974,0.75404775,0.7094345,0.7706063,0.10090822,0.78544044,0.5997048,0.78444254,0.3718379,Stable
0.34977365,0.5318458,0.49740803,0.6617421,0.49471948,0.35924834,0.7374091,0.73729223,0.67180073,0.21916239,0.7497942,0.7108034,0.76435995,0.11383291,0.78202164,0.6023735,0.77890563,0.37474412,Stable
0.34976667,0.5318223,0.49746224,0.661786,0.49470407,0.3592322,0.73764026,0.737304,0.67181087,0.21914276,0.7496669,0.7110569,0.76436114,0.113814324,0.7821006,0.60239565,0.7789717,0.37478852,Stable
0.35157225,0.532713,0.49822426,0.661342,0.49437818,0.36015293,0.73717606,0.7376556,0.6699692,0.22244714,0.751783,0.7225716,0.76994455,0.10417708,0.780535,0.6037687,0.7777325,0.374029,Stable
0.3533585,0.5333141,0.49725708,0.6615239,0.49358314,0.35993084,0.7385123,0.74076694,0.67131585,0.22299737,0.754409,0.71045554,0.7625648,0.11329924,0.7829635,0.6033056,0.78077376,0.373595,Stable
0.3534821,0.5332093,0.49650604,0.6609496,0.49263054,0.35921702,0.73628753,0.7418016,0.6730067,0.22210526,0.75382376,0.7104682,0.76759434,0.11186603,0.7823311,0.60466266,0.7819562,0.37310827,Stable
0.353881,0.5336317,0.49617037,0.66139555,0.49353132,0.35974264,0.7349862,0.7413058,0.6754761,0.22320531,0.7486205,0.71470565,0.7684867,0.11559096,0.7825544,0.6054963,0.78171796,0.37356907,Stable
0.35396993,0.5336143,0.4961705,0.6613438,0.493556,0.359729,0.7350087,0.7412871,0.67535204,0.22340465,0.74868554,0.71445286,0.768463,0.11551525,0.7825901,0.60544777,0.7817584,0.37355572,Stable
0.35501608,0.5332286,0.49719495,0.66024685,0.4930708,0.36009067,0.7358729,0.74131197,0.67129695,0.22759223,0.7542635,0.7207204,0.7660614,0.121781185,0.78279746,0.60191476,0.78262687,0.37186787,Stable
0.35259566,0.5342939,0.49816114,0.6595338,0.493895,0.36052263,0.73791456,0.7424611,0.67833894,0.21824843,0.7516562,0.7058766,0.76917887,0.121125124,0.7854981,0.6020416,0.7831835,0.37140974,Stable
0.35173732,0.53314507,0.4993541,0.65909505,0.492616,0.35903007,0.7385775,0.74202454,0.6708025,0.22485843,0.7569114,0.69810027,0.7677525,0.12394762,0.7864696,0.60079575,0.7846276,0.37013334,Stable
0.35381842,0.5324427,0.49909267,0.6569699,0.49274832,0.35794502,0.7373344,0.7401109,0.6738045,0.22904736,0.7538103,0.7078237,0.7663783,0.123414636,0.7856847,0.59956884,0.78319025,0.3696769,Stable
0.3535598,0.53251195,0.49930334,0.65707266,0.49263915,0.3580314,0.737563,0.74028563,0.6738535,0.22923653,0.7539405,0.7069452,0.76665777,0.123285346,0.78580517,0.5995043,0.783216,0.36963797,Stable
0.35493383,0.5317699,0.4993388,0.65871936,0.4973476,0.35458475,0.7395215,0.7396564,0.67883134,0.21769373,0.75479734,0.69667184,0.7684784,0.12058197,0.7895712,0.60051334,0.787667,0.37043518,Stable
0.35331172,0.53109825,0.4982788,0.6591409,0.49200058,0.35720822,0.734887,0.7378622,0.67136514,0.22878085,0.7582283,0.7197224,0.76659554,0.12567198,0.7862668,0.60341525,0.78423905,0.37335795,Stable
0.35717902,0.529922,0.4977543,0.6578314,0.49151486,0.35699177,0.7335485,0.73793566,0.67180216,0.23249355,0.7567627,0.72119284,0.7666475,0.12463125,0.7877974,0.6014856,0.7861819,0.37269664,Stable
0.35662553,0.5283469,0.5016244,0.6566439,0.49651533,0.35413527,0.7346618,0.7333646,0.67240846,0.22846058,0.76050925,0.72878784,0.76745033,0.1254549,0.79254097,0.603803,0.7891912,0.37251085,Stable
0.3567105,0.52835536,0.50164264,0.65670407,0.49643004,0.35404414,0.73474336,0.7336651,0.67244935,0.2285532,0.7602775,0.7287178,0.7674648,0.12528743,0.79254663,0.6038395,0.7891339,0.37255138,Stable
0.3575217,0.529628,0.50462437,0.65848213,0.49447143,0.35560465,0.7387487,0.73408306,0.67289203,0.2295753,0.7623183,0.7220139,0.7640025,0.13195847,0.7915412,0.6017598,0.7921841,0.37348622,Stable
0.36058825,0.529005,0.5060456,0.6579896,0.4969105,0.35553288,0.7392079,0.73628974,0.67837393,0.21912742,0.7672399,0.7151505,0.7696182,0.12104025,0.791599,0.6023963,0.7924334,0.37323648,Stable
0.36009896,0.527998,0.5040481,0.6572437,0.50118464,0.3497345,0.74349153,0.738644,0.6915476,0.2148953,0.759004,0.6921823,0.7767534,0.117595896,0.7962727,0.60146874,0.7931494,0.37170446,Stable
0.36084706,0.527801,0.5042086,0.6552261,0.49890733,0.35209453,0.7400179,0.7404923,0.6889102,0.21834235,0.76454294,0.7003813,0.7720481,0.11566594,0.79639554,0.6008524,0.7934598,0.37319684,Stable
0.36103678,0.52779764,0.504225,0.6551941,0.4988799,0.35207516,0.74003,0.7403219,0.6888561,0.21838693,0.76452917,0.70044893,0.7720043,0.11561869,0.7963187,0.6008083,0.7933475,0.37315428,Stable
0.3626423,0.5265909,0.5080898,0.653371,0.49962628,0.35685977,0.74360627,0.73948497,0.6770042,0.22499816,0.7649064,0.69896436,0.7642013,0.13287595,0.79524803,0.59946275,0.7953378,0.37044248,Stable
0.36154088,0.52260894,0.50725865,0.6521104,0.50047183,0.35696095,0.7463557,0.74059665,0.6787559,0.22837168,0.76545924,0.6966882,0.761752,0.13253371,0.79245204,0.59997535,0.79389703,0.373994,Stable
0.37256175,0.51783913,0.5046533,0.6516481,0.49781895,0.34816778,0.7444534,0.7411084,0.69247144,0.2178936,0.7615892,0.7054175,0.77049077,0.12929806,0.79506654,0.60032463,0.7917123,0.37353882,Stable
0.36855325,0.51858926,0.50863785,0.65287685,0.5017897,0.34850925,0.7469368,0.73993456,0.6859214,0.22698355,0.76037085,0.7029177,0.7641531,0.1441615,0.795562,0.59792066,0.7959346,0.37093437,Stable
0.36862668,0.51859844,0.5086383,0.6527928,0.5017758,0.34846386,0.74692935,0.7399231,0.6860728,0.22703686,0.76027143,0.7030473,0.7639545,0.1440714,0.7955634,0.59786326,0.79588884,0.37082982,Stable
0.37886736,0.5122698,0.5049372,0.64994466,0.5021568,0.34655255,0.7462926,0.73816776,0.6923687,0.22185147,0.7638527,0.71924555,0.76682425,0.14150491,0.79546916,0.5943955,0.7942533,0.36807388,Stable
0.38388902,0.5072781,0.5045182,0.64747506,0.5014506,0.34968072,0.7410614,0.7363634,0.6868398,0.22350183,0.7587974,0.7094091,0.76314056,0.1434586,0.7939886,0.59661436,0.79006183,0.36996883,Stable
0.3873833,0.5013191,0.5043203,0.64528847,0.50526685,0.3471383,0.74322665,0.7364349,0.691198,0.21797512,0.75938267,0.7364051,0.7652836,0.14192612,0.7918064,0.59470546,0.7866231,0.36993915,Stable
0.39055717,0.4994094,0.5036701,0.6467453,0.50403225,0.35085806,0.7399565,0.7355661,0.6816733,0.22858004,0.7629124,0.7246003,0.7619783,0.14426011,0.79252356,0.59855044,0.790317,0.38147172,Stable
0.39055824,0.49940032,0.503612,0.6467399,0.50404584,0.35086352,0.73984945,0.73556566,0.6817438,0.22855876,0.7628905,0.72488487,0.76196575,0.14421096,0.7924692,0.59856296,0.7902607,0.38147292,Stable
0.38956344,0.4968905,0.50297135,0.6444139,0.50787586,0.3485975,0.7384101,0.73713803,0.69241905,0.21964787,0.7560279,0.7182503,0.7724488,0.12908535,0.79277337,0.5999578,0.7915659,0.3811425,Stable
0.38987797,0.49523327,0.5037264,0.64447176,0.51007307,0.34712777,0.7371578,0.7357123,0.6930911,0.2231836,0.7599443,0.71836495,0.7695359,0.12889451,0.7937906,0.60128653,0.79281235,0.38111338,Stable
0.38887638,0.4954624,0.5042887,0.6448577,0.5079129,0.34858236,0.7385031,0.73661125,0.6928922,0.2260859,0.7596948,0.71937007,0.7649958,0.1407656,0.79278034,0.601194,0.79259723,0.38097113,Stable
0.38793156,0.49496597,0.5036162,0.6460254,0.5036138,0.34963608,0.73909533,0.7380346,0.6866197,0.22531605,0.75879157,0.71776265,0.76281446,0.13877353,0.792132,0.602574,0.7919569,0.3805976,Stable
0.38793176,0.4949723,0.50356275,0.64602345,0.5034926,0.34971428,0.7391162,0.7380371,0.68620825,0.22570997,0.7562562,0.7037,0.76273906,0.13887748,0.7921667,0.60253775,0.79199195,0.38063985,Stable
0.38613197,0.49571645,0.503156,0.64734036,0.50442535,0.34777328,0.7391863,0.73781884,0.69348156,0.22205399,0.7628362,0.7002624,0.76782435,0.117145106,0.79183614,0.60820717,0.79258984,0.38104767,Stable
0.38179374,0.49482974,0.50391465,0.64875597,0.5012228,0.34849617,0.74002063,0.7399477,0.6798359,0.2275644,0.76535076,0.7202008,0.7692706,0.12257218,0.7910301,0.60308063,0.79033494,0.38064432,Stable
0.38324258,0.4938954,0.50404453,0.6499938,0.50028515,0.34674293,0.73975104,0.74020076,0.68684906,0.22230995,0.7622051,0.7234597,0.7706773,0.12049617,0.79183906,0.6040065,0.79078144,0.3801949,Stable
0.3730738,0.49579948,0.50688326,0.6493319,0.502164,0.3455647,0.74207973,0.7411045,0.68463725,0.22379827,0.76101995,0.7330839,0.771104,0.12332718,0.79020786,0.6006199,0.7878567,0.3716138,Stable
0.37303698,0.49578732,0.50684345,0.6493421,0.50223154,0.34553453,0.7420947,0.7410425,0.6845186,0.22370896,0.76096094,0.7330277,0.77102876,0.123508886,0.79030466,0.60054576,0.787954,0.37161833,Stable
0.3723223,0.49599478,0.5039959,0.64728385,0.5007051,0.34690332,0.74237967,0.7392089,0.6779587,0.22514811,0.7590939,0.7049359,0.7617856,0.14065012,0.7879925,0.5982932,0.7869073,0.37275404,Stable
0.3697241,0.49516785,0.50196767,0.6476258,0.4981315,0.34692237,0.7404103,0.7348065,0.6769018,0.22485429,0.7550477,0.72412443,0.767594,0.122978166,0.78674173,0.59752524,0.78431594,0.37087378,Stable
0.36708185,0.4942678,0.5008468,0.64231175,0.4961687,0.34295368,0.7410717,0.73524606,0.6856401,0.21554273,0.75790334,0.7097291,0.76993936,0.12294127,0.78961396,0.58619547,0.78619313,0.36668283,Stable
0.37173304,0.4931479,0.49768648,0.6405883,0.4987925,0.35057116,0.737977,0.7329247,0.6719805,0.2213615,0.7588729,0.73711056,0.7667098,0.12498405,0.7889342,0.58637744,0.78676265,0.36703587,Stable
0.3717488,0.49313784,0.49772483,0.64058506,0.49881133,0.35040158,0.73792076,0.7329682,0.6717128,0.22142415,0.7588846,0.7372029,0.76662034,0.12496974,0.78892964,0.5864521,0.78672206,0.36701855,Stable
0.36144394,0.49003708,0.49883258,0.6395729,0.49875224,0.34398323,0.7349881,0.7342529,0.6766638,0.21903138,0.7604182,0.7412759,0.76775783,0.12208705,0.7851533,0.5856662,0.78435415,0.36521956,Stable
0.35914144,0.48877627,0.4992386,0.6400893,0.49921626,0.34012884,0.73364395,0.72406507,0.67742074,0.21636644,0.76021546,0.75570095,0.7667882,0.12159496,0.78827995,0.59402084,0.7875744,0.3662357,Stable
0.35628185,0.4896263,0.4982079,0.63620806,0.49797365,0.34415922,0.73888516,0.726263,0.68024963,0.21621141,0.7535819,0.72198695,0.76568985,0.11764911,0.79162645,0.5934198,0.7902476,0.3684727,Stable
0.35652512,0.48759943,0.49580413,0.63707465,0.49615178,0.33859682,0.7365691,0.7264128,0.67833483,0.21337408,0.7612572,0.7155566,0.766618,0.117235586,0.78744316,0.5840257,0.785172,0.36275765,Stable
0.35659242,0.48764405,0.4956964,0.6371017,0.49619675,0.33867905,0.7366289,0.72641075,0.6783503,0.21334521,0.7612734,0.7156102,0.76658386,0.11708425,0.78734505,0.583929,0.7850308,0.36273775,Stable
0.35810992,0.48871368,0.4961334,0.63335454,0.49765512,0.340098,0.7323148,0.7220108,0.6809971,0.21362655,0.7633726,0.73253244,0.76755995,0.11649405,0.7844062,0.58382416,0.78056693,0.36462426,Stable
0.35914028,0.4860054,0.49475622,0.6342154,0.49567062,0.3407355,0.73302066,0.71940327,0.6752371,0.21707043,0.7608396,0.7362949,0.7660734,0.11982119,0.7927575,0.5793401,0.78965354,0.35536656,Stable
0.36302263,0.4823377,0.49732548,0.630486,0.49377513,0.3371778,0.73304844,0.71812,0.6713257,0.21779041,0.7592215,0.7387798,0.76449525,0.1218012,0.7853521,0.5774836,0.78335035,0.35146433,Stable
0.36658204,0.4850076,0.49800393,0.6303808,0.49374133,0.33683807,0.7350771,0.7188675,0.6764053,0.21520638,0.76095307,0.7503722,0.7683588,0.12674074,0.78825474,0.57773113,0.78476566,0.35168505,Stable
0.3666117,0.48502588,0.4980584,0.6303761,0.49372634,0.3368221,0.7350794,0.7188333,0.67623127,0.21529931,0.76101017,0.75037456,0.76834965,0.1267992,0.7881803,0.5776676,0.7847419,0.3516215,Stable
0.36571652,0.4856369,0.50075465,0.6280159,0.49372274,0.33618104,0.73645276,0.71855354,0.6755699,0.21720271,0.7600931,0.7363174,0.7683868,0.12764311,0.7918448,0.5792389,0.7887408,0.35059398,Stable
0.36616334,0.48555332,0.50258404,0.6267193,0.4954327,0.33745667,0.72892827,0.713204,0.6775779,0.2155396,0.7591548,0.73623633,0.76195097,0.14110032,0.79075587,0.5771196,0.7899867,0.35166913,Stable
0.37082535,0.48519227,0.5032595,0.62584126,0.49596438,0.33749828,0.73181975,0.71743506,0.6757648,0.21769242,0.7717949,0.73540825,0.7704396,0.13538937,0.7910732,0.57480645,0.7880049,0.35178703,Stable
0.37754282,0.48657274,0.50389165,0.62891746,0.49356613,0.3355422,0.72648,0.71542084,0.67942905,0.2172334,0.7646543,0.7304187,0.76836646,0.14745209,0.78747153,0.57580954,0.78249633,0.3510642,Stable
0.37748468,0.48651153,0.50389147,0.62895954,0.4935937,0.335484,0.7265296,0.7156825,0.6795417,0.21708517,0.76432073,0.7300322,0.76832956,0.14741711,0.7871539,0.57589155,0.78233016,0.35100424,Stable
0.38035446,0.4881373,0.5059844,0.6304028,0.4951387,0.33434176,0.73283195,0.7216365,0.6807482,0.21842115,0.76403636,0.73703504,0.7670912,0.14680418,0.79163,0.5838827,0.78764427,0.3611703,Stable
0.3807488,0.49119872,0.50533366,0.63321006,0.49639124,0.34383994,0.7326645,0.7210988,0.6810814,0.2182111,0.7653853,0.7247343,0.7685318,0.15480062,0.7893901,0.5816874,0.7841422,0.36112046,Stable
0.3798979,0.4911366,0.5027019,0.63503563,0.49513137,0.3415385,0.7204074,0.7195246,0.68035245,0.22374348,0.76487434,0.74179244,0.7685508,0.15420423,0.78718036,0.59085,0.7831577,0.3616528,Stable
0.38806117,0.49425575,0.49890742,0.6398862,0.4978584,0.34269902,0.7214612,0.7208519,0.68438905,0.22108226,0.7642881,0.7416541,0.7596795,0.18313599,0.78455967,0.59393525,0.78001976,0.36706823,Stable
0.38774782,0.49424052,0.49891588,0.6398946,0.49782497,0.34263182,0.72164357,0.7211125,0.6846966,0.22077662,0.7638725,0.7411911,0.75968134,0.18325667,0.78457993,0.59376943,0.77998495,0.36693332,Stable
0.38828808,0.49590188,0.5033635,0.63921684,0.5000479,0.34740698,0.7209728,0.7222954,0.67622584,0.23183362,0.7583753,0.7436248,0.7581932,0.18482535,0.78443664,0.5957177,0.7812523,0.36964285,Stable
0.3859795,0.4972204,0.5072215,0.64077497,0.4976091,0.35310242,0.73662984,0.7292863,0.6823101,0.23048729,0.7588896,0.73083323,0.75752556,0.16925125,0.7870769,0.59183484,0.7802228,0.36941445,Stable
0.38808545,0.50206745,0.5053754,0.64283144,0.50143147,0.35571846,0.7344494,0.7341408,0.689625,0.23195735,0.7606962,0.7235777,0.75919044,0.1839767,0.7902193,0.5968239,0.78329766,0.38101262,Stable
0.38765818,0.5041035,0.50883895,0.6487001,0.49909484,0.35787365,0.72409385,0.7300054,0.67886937,0.23815832,0.76437414,0.7389175,0.7638509,0.16984689,0.7860314,0.60021996,0.7788799,0.3826568,Stable
0.38750574,0.5039996,0.50879747,0.6486778,0.49914882,0.35783583,0.72414654,0.73021865,0.67892337,0.23809695,0.76435566,0.7389571,0.763838,0.16985898,0.7859528,0.60022664,0.7788203,0.38264018,Stable
0.38568243,0.5082598,0.50898045,0.6513462,0.4979535,0.358948,0.73375976,0.7364943,0.67633647,0.24437651,0.75634134,0.74024427,0.75892323,0.18804243,0.78840065,0.60242623,0.7832868,0.3839904,Stable
0.38673982,0.51017714,0.50934947,0.65285087,0.5000789,0.35943782,0.7289283,0.73797095,0.6800653,0.24716952,0.7622119,0.7520687,0.7634636,0.18852323,0.78839153,0.60205793,0.7832302,0.38826662,Stable
0.38902634,0.51145554,0.5119244,0.6545856,0.50203794,0.35876977,0.7303535,0.7394099,0.6749852,0.24554232,0.75363344,0.741469,0.7612745,0.19068818,0.7859727,0.6022969,0.7805369,0.38728043,Stable
0.38686988,0.51261103,0.51168925,0.6550848,0.50121677,0.36001107,0.72750366,0.7321168,0.68320245,0.24014819,0.75157946,0.74184674,0.75792205,0.19077145,0.78566134,0.6027211,0.77987134,0.39016348,Stable
0.38684148,0.5125207,0.5117228,0.65507746,0.5012638,0.35993767,0.72745126,0.73209596,0.6832738,0.24028742,0.75158954,0.7421219,0.7580285,0.19062,0.7856629,0.6027597,0.78000176,0.39016855,Stable
0.38885435,0.5155565,0.5114138,0.6575401,0.5057173,0.3632626,0.72474396,0.73349255,0.6794089,0.24515986,0.7627551,0.76739645,0.7524318,0.19266278,0.7856078,0.613039,0.7818979,0.3910724,Stable
0.3873595,0.51697206,0.51140696,0.6578907,0.50813866,0.36471212,0.7278003,0.7414323,0.6844396,0.24553315,0.7532177,0.7447881,0.7599927,0.19324699,0.7871624,0.614097,0.7846849,0.39282775,Stable
0.38698637,0.5168493,0.5113989,0.66031545,0.5080118,0.3647952,0.7285801,0.7416544,0.69144475,0.2478603,0.75378716,0.7478858,0.7599487,0.19719252,0.7888384,0.6173265,0.7901904,0.39183098,Stable
0.38715672,0.5167127,0.5090475,0.6610013,0.5063177,0.36691612,0.7300181,0.7418565,0.6895417,0.25169373,0.75806785,0.75095576,0.7544304,0.19793147,0.78618115,0.6192931,0.7867557,0.3914361,Stable
0.3872264,0.5167801,0.50905687,0.66099006,0.5063207,0.36702037,0.7300174,0.7418674,0.68944275,0.25178233,0.7580538,0.7508379,0.75448006,0.19805762,0.78626275,0.61930037,0.7867617,0.39133775,Stable
0.3872652,0.517264,0.50709486,0.6585453,0.50221014,0.37145305,0.7272541,0.74910897,0.6880845,0.253501,0.7589812,0.7545039,0.75907964,0.1977973,0.7848722,0.6205879,0.7841427,0.40137285,Stable
0.38514385,0.5168221,0.50644237,0.6590396,0.50132334,0.37189752,0.728065,0.75212467,0.68079805,0.2559928,0.7567346,0.7535206,0.7575482,0.20019738,0.78377956,0.62270486,0.7839912,0.4033638,Stable
0.3845614,0.5173541,0.50425315,0.65825987,0.5005046,0.37213537,0.7206869,0.7501728,0.67907614,0.25649768,0.7594532,0.75262755,0.7574033,0.20216928,0.781448,0.62356883,0.78208995,0.40426144,Stable
0.38444218,0.51692647,0.50630224,0.6585218,0.50079775,0.37374723,0.7220125,0.75030345,0.67785907,0.25613976,0.7549658,0.74977964,0.7592493,0.19982779,0.7818133,0.6217233,0.78144306,0.4028253,Stable
0.38437387,0.5169046,0.50629026,0.6584874,0.50066113,0.3738118,0.7218288,0.750159,0.67782444,0.25614125,0.7549578,0.7498878,0.75917697,0.19993478,0.781741,0.6217942,0.78134096,0.40294456,Stable
0.386505,0.5155233,0.50859344,0.6590267,0.5010439,0.37097085,0.726402,0.75168514,0.68227386,0.2553597,0.752957,0.74800897,0.7595428,0.1974422,0.7820952,0.6204629,0.7821683,0.4014027,Stable
0.38218552,0.5160254,0.5080377,0.6574801,0.5048932,0.36798054,0.7336206,0.7523977,0.68454045,0.2539273,0.75378764,0.74243784,0.7616761,0.19659446,0.78415394,0.6212878,0.7841963,0.40008566,Stable
0.38019234,0.51679623,0.5064397,0.656865,0.505951,0.36890852,0.727396,0.7490587,0.6853707,0.25444922,0.7565143,0.74905896,0.76452696,0.19799325,0.78247905,0.6222525,0.78715956,0.40206,Stable
0.379843,0.5177597,0.50738436,0.65671945,0.5041615,0.3699453,0.7299389,0.7484621,0.67990375,0.2584525,0.7613081,0.7546608,0.76269376,0.19866979,0.7842127,0.6184917,0.78448486,0.4006376,Stable
0.37980217,0.5178015,0.50745046,0.65671045,0.5041517,0.36990595,0.7299198,0.74855745,0.6799163,0.2583889,0.76127386,0.75465906,0.7627327,0.19859311,0.784167,0.61847067,0.7844168,0.4006604,Stable
0.37953505,0.51660645,0.5053338,0.6567506,0.50313365,0.36980587,0.72880566,0.74807155,0.67841995,0.25926438,0.7620833,0.75051665,0.75850505,0.20180541,0.7860105,0.6197001,0.7866356,0.40074205,Stable
0.37910864,0.51956487,0.5059098,0.6575345,0.49883848,0.37225622,0.7317815,0.7499293,0.6759903,0.2600893,0.757791,0.7472526,0.75936455,0.2029156,0.7836026,0.6190173,0.78458905,0.40201503,Stable
0.38111004,0.51854163,0.5062179,0.65731335,0.49915904,0.3708199,0.73372597,0.75202155,0.6872221,0.26000813,0.75919336,0.7420277,0.75444615,0.21249394,0.7822007,0.61833227,0.7862861,0.40108904,Stable
0.38232893,0.5190109,0.50338876,0.6563282,0.5006015,0.37250477,0.7208036,0.75070894,0.6848402,0.25969398,0.76161474,0.74961776,0.75367516,0.21978307,0.7859723,0.62000287,0.78642607,0.4016585,Stable
0.3823266,0.51901025,0.5033261,0.6562173,0.50058055,0.37251005,0.72075665,0.75078917,0.68458575,0.25972846,0.76150846,0.74948496,0.75356287,0.2196244,0.78600377,0.6200029,0.78646195,0.4016559,Stable
0.38094687,0.52205193,0.5041301,0.66109,0.5001241,0.37506744,0.7237942,0.75142395,0.69077015,0.25756493,0.7593212,0.7358308,0.7614381,0.214932,0.78208923,0.6228105,0.7870176,0.40336618,Stable
0.38300774,0.52255815,0.5024985,0.6633542,0.49869284,0.37567934,0.7260453,0.7519969,0.6912222,0.25579262,0.75317526,0.72540164,0.7588202,0.22817707,0.78422284,0.6211102,0.7864852,0.4029807,Stable
0.3841008,0.52598786,0.4996316,0.6636788,0.50031954,0.37524986,0.7250237,0.75287837,0.693334,0.2569765,0.75863165,0.7345459,0.75980794,0.22663829,0.7817848,0.62265855,0.7821382,0.40695748,Stable
0.38003808,0.5267482,0.5017715,0.6619402,0.49751875,0.38190755,0.7254934,0.75495213,0.68573946,0.26400763,0.7554447,0.7457782,0.7610996,0.2283563,0.7831224,0.6223478,0.7894499,0.41120017,Stable
0.38003096,0.52677095,0.5017448,0.6619557,0.4976316,0.38177094,0.7256973,0.75496644,0.685784,0.26398876,0.7555945,0.7456559,0.7610493,0.22833943,0.78334635,0.62235373,0.78962064,0.41108888,Stable
0.37967643,0.52833045,0.49907,0.6643474,0.500755,0.38097286,0.72157514,0.75553125,0.7022306,0.25357303,0.7555703,0.74345636,0.76171494,0.23150669,0.78231233,0.6236533,0.78621554,0.4082483,Stable
0.37806806,0.52946043,0.49726462,0.66489077,0.49581027,0.38431582,0.72387356,0.7578447,0.6942861,0.26426923,0.76314396,0.75425553,0.76584923,0.22957948,0.7886428,0.6274407,0.78920066,0.40860957,Stable
0.37836736,0.5292867,0.49990416,0.66628647,0.49553284,0.38579047,0.7240293,0.7565984,0.69599617,0.26359677,0.7624788,0.74735856,0.7643558,0.22765796,0.789793,0.6268514,0.7893845,0.40819144,Stable
0.3790565,0.5303577,0.5041825,0.6679225,0.50004333,0.38369462,0.7255513,0.7575959,0.70480555,0.2592613,0.75027275,0.75219417,0.7696978,0.223402,0.7863085,0.6261343,0.78652114,0.40993297,Stable
0.3790816,0.530373,0.50436276,0.66795206,0.49998254,0.3836838,0.72567314,0.75769997,0.7048179,0.25929022,0.75041294,0.7518267,0.7697978,0.22364494,0.7863327,0.62604016,0.78652114,0.40974092,Stable
0.3784103,0.5311207,0.50045115,0.67142725,0.4966832,0.3870238,0.7240107,0.7573578,0.6874737,0.27615136,0.74940836,0.7514135,0.7696733,0.21595454,0.7836749,0.62699497,0.78422,0.40903747,Stable
0.37762243,0.53191656,0.5013702,0.6731111,0.49967933,0.38569248,0.7196409,0.7611978,0.69171375,0.27246484,0.76023746,0.7564265,0.7645592,0.22051194,0.7790407,0.6315353,0.7794404,0.4137407,Stable
0.37783477,0.5374345,0.50319993,0.6736398,0.49666604,0.38938606,0.7268971,0.762048,0.69220704,0.27481577,0.75866926,0.75000024,0.7714602,0.2194125,0.7851345,0.62925315,0.78459144,0.41440734,Stable
0.37801588,0.53947085,0.50270146,0.681175,0.49847633,0.3930117,0.7376811,0.7670621,0.6913724,0.2764001,0.7537006,0.76146406,0.77917355,0.20996247,0.7832041,0.6402025,0.7850503,0.41619295,Stable
0.37802082,0.5394554,0.5027031,0.6811645,0.49849185,0.39301425,0.7377019,0.767046,0.6913294,0.27646038,0.75372833,0.7613119,0.77917516,0.20981205,0.7832793,0.64027214,0.78507483,0.4162627,Stable
0.373831,0.5451776,0.5051351,0.68231714,0.49382573,0.39701688,0.7311871,0.7656909,0.67865753,0.29553014,0.7472273,0.7639669,0.77168864,0.21168153,0.78334045,0.64319974,0.78388965,0.42438814,Stable
0.36787313,0.54654336,0.5043326,0.68432057,0.4991306,0.39341483,0.73990524,0.7750691,0.6878412,0.27913356,0.75326765,0.7639334,0.77154124,0.2078797,0.7822484,0.64360964,0.78377235,0.41573757,Stable
0.3662538,0.55005497,0.5023687,0.68589157,0.49700484,0.39433238,0.7410543,0.7774173,0.6942997,0.27516347,0.7571849,0.77236474,0.771743,0.19873516,0.7810379,0.6479108,0.781505,0.4248423,Stable
0.36686003,0.5502435,0.50168145,0.6911591,0.4995395,0.3911733,0.74206924,0.77960646,0.6957711,0.26909196,0.7522487,0.7735073,0.76601255,0.20076174,0.7845158,0.65332687,0.78569245,0.4256985,Stable
0.3668698,0.55023766,0.50162077,0.6911682,0.49957198,0.39116558,0.742309,0.7796749,0.6960002,0.26879346,0.75206625,0.7733585,0.7661759,0.20065635,0.78467125,0.6532855,0.7858357,0.42576846,Stable
0.3683749,0.5526144,0.5035597,0.69396067,0.4979317,0.39423442,0.74565804,0.78175324,0.6974274,0.2592408,0.7527877,0.7726283,0.75848335,0.20382467,0.7870444,0.65599734,0.7880448,0.42769963,Stable
0.3689531,0.5558781,0.5045188,0.6964284,0.5009869,0.39355034,0.74243706,0.78086805,0.7031466,0.25476035,0.7539186,0.7683746,0.7658137,0.20684958,0.7895209,0.6692564,0.7914498,0.43034768,Stable
0.36956376,0.5568675,0.50532943,0.69926256,0.4961415,0.39319044,0.7416846,0.7807168,0.6999048,0.26177213,0.75641406,0.7667928,0.76809084,0.19896153,0.79141104,0.6697232,0.79218453,0.41832125,Stable
0.37448284,0.5558864,0.5034374,0.6972856,0.49463004,0.393764,0.74324363,0.78080106,0.69857526,0.25727928,0.75127333,0.76042575,0.76240015,0.2067651,0.7924725,0.66865015,0.79217905,0.42835888,Stable
0.37444556,0.55585456,0.503371,0.6972259,0.49457344,0.39378414,0.7431245,0.7807735,0.69806284,0.25757962,0.75120467,0.76025975,0.7620579,0.20660578,0.7924495,0.668725,0.792195,0.42849505,Stable
0.36671263,0.55298203,0.49958095,0.6967384,0.4910793,0.39368698,0.7388224,0.7771915,0.67715836,0.2761277,0.75324,0.76584864,0.75817907,0.20209089,0.78916997,0.6569087,0.7901492,0.41720507,Stable
0.36919743,0.5514963,0.4996568,0.69142604,0.49516255,0.390301,0.7411033,0.7764501,0.6808982,0.26512173,0.75469136,0.7617244,0.75069654,0.20083028,0.78478825,0.65291435,0.78677976,0.41374463,Stable
0.36109328,0.5479301,0.4983095,0.6921212,0.49256644,0.38884053,0.74391603,0.78030986,0.68351287,0.25891575,0.759056,0.76683056,0.75926393,0.17517737,0.7866378,0.65413874,0.78725386,0.41444764,Stable
0.36698315,0.5435221,0.4986276,0.68810594,0.48600492,0.38777608,0.7286532,0.77218217,0.67090285,0.26129353,0.7535715,0.7513528,0.7576546,0.15944704,0.78783816,0.6496043,0.7846104,0.41349232,Stable
0.36699685,0.54351085,0.49866623,0.6881069,0.48595616,0.38775408,0.7286017,0.7721602,0.6709535,0.26143804,0.7534999,0.7514369,0.7573254,0.15958384,0.78791684,0.6496032,0.7845537,0.41334137,Stable
0.36621532,0.5412204,0.49444318,0.69020724,0.48566878,0.38390344,0.7350628,0.77656734,0.67203724,0.26002645,0.75768197,0.74431753,0.7423794,0.18784994,0.78003407,0.64855313,0.77797127,0.41133857,Stable
0.36652368,0.5370306,0.4962537,0.6831159,0.4828173,0.37962377,0.73403907,0.7652081,0.664323,0.25339964,0.7556125,0.7477871,0.73957294,0.1863629,0.782652,0.63701046,0.7836728,0.406612,Stable
0.36152822,0.53506017,0.49487352,0.68391025,0.48969683,0.3712611,0.7315419,0.7660456,0.6717169,0.24115908,0.7536286,0.72709596,0.7463068,0.16019878,0.780753,0.64021176,0.7826099,0.3974827,Stable
0.359249,0.5331787,0.4944272,0.67936337,0.48593196,0.3663628,0.7332957,0.7616743,0.6718974,0.23532867,0.74319124,0.7222349,0.7537214,0.15235892,0.77977884,0.64272195,0.77926934,0.39555645,Stable
0.35932323,0.53320074,0.49444842,0.67934406,0.48585448,0.36639994,0.7330364,0.7615669,0.6719003,0.23525512,0.74350286,0.7218384,0.75373995,0.15233769,0.78034234,0.635017,0.7792779,0.39549384,Stable
0.36178908,0.52858245,0.49654186,0.67493623,0.48515368,0.36148548,0.7345314,0.7546364,0.6659122,0.23432264,0.7461194,0.7257559,0.75113976,0.14191647,0.7780038,0.63108283,0.7791842,0.3896057,Stable
0.3638645,0.5265831,0.4947694,0.67020476,0.48328075,0.35724932,0.7354027,0.75178546,0.66646487,0.2238777,0.74523616,0.720217,0.7606422,0.12526155,0.77950305,0.62265897,0.7771172,0.38035023,Stable
0.36285013,0.52062607,0.49770033,0.66515386,0.4856876,0.35596102,0.73874843,0.7448621,0.6672319,0.2160729,0.7449422,0.70599097,0.7583531,0.12011635,0.7841958,0.61021435,0.7814084,0.3750229,Stable
0.3569721,0.5137472,0.49801356,0.65657717,0.4840783,0.34851915,0.74046206,0.74323106,0.6619047,0.2144718,0.7498307,0.7020081,0.7518412,0.122714564,0.78576744,0.6040224,0.78410363,0.36694714,Stable
0.3569568,0.5137085,0.4980014,0.6564629,0.4839611,0.3485877,0.74043524,0.74316525,0.6618155,0.2145119,0.7498332,0.7014357,0.751775,0.12278517,0.78566045,0.6037733,0.78410506,0.36695236,Stable
0.35742554,0.5091255,0.493893,0.65147036,0.48437127,0.34186885,0.73742294,0.7408763,0.6692087,0.2062205,0.74983585,0.7095506,0.7581512,0.11073679,0.7808596,0.60571384,0.7771601,0.3591991,Stable
0.35972977,0.49838036,0.49497598,0.64438766,0.47926888,0.3382233,0.7370348,0.7360028,0.66166997,0.2066959,0.74915236,0.70184433,0.76540655,0.10002625,0.78156084,0.5923507,0.77967024,0.35653076,Stable
0.35634226,0.49868652,0.49803758,0.63796115,0.48797727,0.3301482,0.7396805,0.7286674,0.6732234,0.18674463,0.751837,0.68408513,0.7695732,0.07612899,0.7866809,0.5839284,0.7834295,0.35329968,Stable
0.35627863,0.4986387,0.49807042,0.63801205,0.4881651,0.33005536,0.7396953,0.72875446,0.67333937,0.18658954,0.75190055,0.6840534,0.76957405,0.075959645,0.78663415,0.58400583,0.78334445,0.3532697,Stable
0.35834417,0.49104708,0.4937637,0.6336216,0.48771328,0.32415658,0.7395329,0.72521853,0.67758965,0.17286263,0.75068134,0.6881022,0.76780766,0.08780402,0.7840353,0.58221585,0.7813245,0.35048303,Stable
0.3528939,0.4889233,0.4900723,0.62891257,0.4848964,0.32188725,0.73792094,0.7189092,0.6641583,0.17214625,0.7507551,0.69103086,0.7677531,0.06936885,0.7781625,0.57469225,0.7736206,0.34814438,Stable
0.34825358,0.48643154,0.49022365,0.6182881,0.4825229,0.316401,0.73397225,0.70897335,0.67013544,0.16399944,0.75071824,0.6751641,0.76652217,0.07084057,0.78454566,0.56083643,0.78089726,0.33716354,Stable
0.34786433,0.48188704,0.4879874,0.61594534,0.48552224,0.30899987,0.7325548,0.7056749,0.6683433,0.16302438,0.7493107,0.66572344,0.7655761,0.054193046,0.7838561,0.55746436,0.7820448,0.330399,Stable
0.34790525,0.48183674,0.48795575,0.6160273,0.48565945,0.30895698,0.73255366,0.70572656,0.6683788,0.16302708,0.74923676,0.665413,0.7656261,0.054181706,0.78375435,0.5578023,0.7819695,0.33057672,Stable
0.34763193,0.47874022,0.48803723,0.61308116,0.4811334,0.3027241,0.73584527,0.70469236,0.6679763,0.1646798,0.749292,0.66207486,0.76655614,0.05124877,0.78373384,0.5521718,0.7804197,0.32380283,Stable
0.35466766,0.47665942,0.4863828,0.60829985,0.48720658,0.2971641,0.737074,0.6983525,0.6804615,0.14304408,0.75901073,0.6417649,0.7671317,0.047991987,0.79123235,0.5487672,0.78811383,0.32325035,Stable
0.35294336,0.47118968,0.48497856,0.6070837,0.48892927,0.2985794,0.7312123,0.6966082,0.6738364,0.13998246,0.76014805,0.6470387,0.76683587,0.046193108,0.7853369,0.5365794,0.78247017,0.31132457,Stable
0.3482688,0.46670395,0.48520744,0.6060116,0.4860235,0.29380426,0.7212267,0.677351,0.65490025,0.14950359,0.760652,0.6359638,0.7635592,0.047886517,0.7815385,0.5330865,0.7787318,0.31037784,Stable
0.3481794,0.46671057,0.4853713,0.606066,0.48599702,0.29368863,0.7214346,0.67721,0.6548867,0.14948599,0.7605499,0.6359461,0.7635705,0.047944456,0.7814414,0.5330101,0.77862614,0.31035045,Stable
0.35200283,0.4643191,0.48825392,0.60284483,0.48976976,0.28354123,0.7188026,0.665082,0.6735356,0.12732337,0.75674814,0.63063985,0.7659082,0.04772256,0.78261507,0.5302793,0.7770872,0.30696476,Stable
0.34618717,0.45973969,0.48665917,0.60398287,0.48915505,0.27140614,0.7314338,0.6718774,0.6780921,0.10986867,0.7589678,0.61269146,0.7575277,0.047742702,0.7841107,0.53160524,0.7784588,0.3039813,Stable
0.349197,0.4550286,0.4919601,0.5990114,0.4925507,0.2665329,0.73451173,0.67467093,0.68644756,0.10710209,0.7618806,0.59584993,0.7506887,0.047322497,0.7866713,0.52056867,0.7815559,0.30062494,Stable
0.3474316,0.4511503,0.48683876,0.59309906,0.4935692,0.25715476,0.73221844,0.66318333,0.6814449,0.108497344,0.75547403,0.59930485,0.7370168,0.042072788,0.7880175,0.527866,0.7876408,0.29455554,Stable
0.34744847,0.4512218,0.4868928,0.5930318,0.49343175,0.25712004,0.73249525,0.6636987,0.6814494,0.10841662,0.75548404,0.59859,0.7370875,0.042157315,0.7884431,0.5278222,0.787882,0.29441553,Stable
0.35127127,0.44480872,0.49045095,0.57978773,0.48486423,0.25775933,0.732084,0.65279377,0.6642622,0.120511405,0.7521862,0.5787321,0.75448483,0.04048337,0.78697515,0.51000947,0.7862593,0.28768575,Stable
0.3538266,0.4359659,0.494804,0.5686873,0.4854101,0.2526469,0.73115253,0.64555913,0.66606706,0.12286691,0.76134205,0.5669811,0.7538785,0.042287152,0.78179,0.49888027,0.78274715,0.28258342,Stable
0.35547432,0.4357853,0.49340212,0.5688437,0.48250252,0.25147918,0.7334611,0.646407,0.67754495,0.12490906,0.7610037,0.5768819,0.75344145,0.045495417,0.7825146,0.4960073,0.7806696,0.27148277,Stable
0.35592753,0.431221,0.49351883,0.56735516,0.48512828,0.2496796,0.7349001,0.6374716,0.67691875,0.12785697,0.7542317,0.57638836,0.7536626,0.044515442,0.7826795,0.49869728,0.78304493,0.27366027,Stable
0.35575897,0.43123913,0.49345976,0.5674084,0.48505566,0.2496681,0.73486245,0.6373998,0.6768655,0.12787668,0.75430703,0.5763495,0.7535562,0.044495177,0.78256226,0.49857038,0.7829637,0.27355146,Stable
0.3539332,0.42729685,0.49742943,0.56747454,0.4854972,0.24795447,0.7391102,0.63509697,0.6727945,0.124277875,0.752105,0.5642181,0.75838673,0.043254197,0.7833544,0.49305817,0.7850721,0.26594776,Stable
0.35259306,0.42607853,0.49516165,0.5664833,0.48405087,0.24949351,0.73618555,0.63623106,0.677088,0.117781654,0.75321835,0.56250024,0.75609255,0.046646,0.7827205,0.4944063,0.78255093,0.26525933,Stable
0.35599035,0.42908904,0.4933225,0.56421775,0.48435807,0.2490355,0.7362772,0.63328016,0.6821897,0.11766294,0.7495655,0.5841137,0.76301277,0.03193172,0.78428507,0.49184483,0.78585815,0.2622276,Stable
0.35494357,0.427225,0.49561948,0.56233656,0.48438728,0.24751066,0.73831385,0.6326944,0.6823381,0.12150978,0.75295436,0.58184814,0.7656855,0.045618705,0.78168464,0.49538022,0.78315514,0.26058164,Stable
0.35489762,0.42719328,0.4957164,0.5623286,0.48434612,0.24753758,0.7384362,0.6327263,0.682398,0.12150451,0.75307155,0.58140624,0.765674,0.045617327,0.78177637,0.49523053,0.78317285,0.2603943,Stable
0.3554675,0.42903528,0.49674284,0.5612007,0.4861107,0.25040182,0.73875284,0.634027,0.6948844,0.11213555,0.748515,0.5840651,0.77210253,0.0357505,0.78513587,0.49599278,0.7882902,0.2611883,Stable
0.35661608,0.4320451,0.497902,0.5622473,0.4799987,0.2544925,0.7367754,0.635195,0.6857714,0.12600952,0.75592303,0.5836005,0.7625382,0.03937523,0.7839471,0.4953897,0.7876686,0.26651365,Stable
0.35441345,0.43609297,0.49914455,0.56539595,0.47991785,0.25780395,0.7325446,0.6356931,0.6781084,0.13378383,0.7537648,0.59222597,0.77163357,0.04140029,0.784554,0.49734652,0.7856137,0.2646963,Stable
0.35695463,0.44209728,0.49774075,0.56836605,0.4792819,0.26741257,0.73324555,0.63098896,0.6704788,0.14147626,0.75527877,0.59431815,0.7686814,0.045420483,0.78628606,0.50024956,0.78470993,0.28067058,Stable
0.35694063,0.44207948,0.49777007,0.5683485,0.47922343,0.2674561,0.7332136,0.630977,0.6703665,0.1415592,0.755244,0.59445226,0.76858807,0.045583278,0.7862207,0.5002793,0.78462476,0.28078875,Stable
0.35710424,0.44654498,0.4998592,0.5721252,0.48111534,0.26885325,0.73353714,0.6331234,0.6699474,0.14258592,0.75528806,0.59674895,0.76930547,0.046393197,0.7912928,0.50255406,0.7916783,0.28477958,Stable
0.35109943,0.44417518,0.49339247,0.57070684,0.48234624,0.268982,0.7300937,0.635383,0.6757287,0.1373589,0.76034874,0.5986895,0.7694034,0.04389944,0.79339576,0.50124204,0.79496074,0.28143853,Stable
0.3537674,0.44203204,0.4901533,0.57188237,0.47914812,0.26368123,0.7294463,0.63339424,0.66998833,0.14221758,0.7550074,0.5958841,0.76580095,0.04472235,0.7906027,0.5014108,0.7919523,0.27146938,Stable
0.35278028,0.4395764,0.4860228,0.56863725,0.47758478,0.27091104,0.7245564,0.633309,0.66621774,0.14143622,0.7574047,0.5947445,0.763682,0.04505865,0.78439415,0.50272954,0.7865612,0.28280738,Stable
0.35277677,0.43958566,0.4859963,0.56861407,0.47757196,0.27091423,0.7248571,0.6330964,0.6660053,0.14134428,0.75757885,0.594149,0.76364124,0.045113146,0.7842244,0.50279,0.7864342,0.2827838,Stable
0.3522695,0.43682796,0.490617,0.56727403,0.47751182,0.26753095,0.72482705,0.63367546,0.66855,0.13816082,0.7562925,0.5906395,0.76581526,0.04427033,0.7806088,0.50041056,0.78324544,0.28229064,Stable
0.3553483,0.43943745,0.4929285,0.5755664,0.48010704,0.26515946,0.7347671,0.6341625,0.6741459,0.14168838,0.7595192,0.5844384,0.7649381,0.036792718,0.7835499,0.5097549,0.78713155,0.28592753,Stable
0.36310816,0.4408668,0.49300045,0.5754713,0.48144752,0.26813352,0.73151016,0.6419562,0.6686715,0.15105353,0.75979316,0.600892,0.7655858,0.046006806,0.7806515,0.50772417,0.78361976,0.2903123,Stable
0.36548433,0.44123584,0.48734128,0.56819594,0.47896564,0.2670586,0.7258892,0.6348957,0.672884,0.14636847,0.7531043,0.59646624,0.76846266,0.043467633,0.77454704,0.49718747,0.7748183,0.2891547,Stable
0.36538777,0.4412689,0.48729795,0.56818223,0.47893995,0.2669735,0.72582114,0.6349297,0.673169,0.14678925,0.7532169,0.5965096,0.76836014,0.043716848,0.7745329,0.497234,0.774943,0.2892011,Stable
0.36447403,0.44221112,0.48722288,0.56818557,0.47772726,0.2675826,0.7238406,0.63738894,0.67096037,0.14749399,0.75697845,0.6016653,0.76762575,0.044820976,0.77675796,0.5001862,0.7787509,0.2934746,Stable
0.3623854,0.44852972,0.4910979,0.57698464,0.47488973,0.2775648,0.7210276,0.6465758,0.6684356,0.15278724,0.75912654,0.61535716,0.7657716,0.045537807,0.77588713,0.50813127,0.772886,0.304006,Stable
0.3631985,0.45121515,0.49759707,0.5838269,0.47289586,0.27904016,0.7338624,0.64945257,0.6670591,0.14530589,0.7526103,0.61265534,0.765705,0.041505016,0.77475345,0.5132102,0.7732177,0.30795467,Stable
0.3708206,0.45923626,0.49674267,0.5804206,0.47745556,0.2791798,0.7252687,0.64114326,0.668524,0.1419125,0.7486378,0.61480594,0.76700896,0.04933112,0.7787863,0.51065195,0.77672863,0.30669135,Stable
0.37085617,0.45924997,0.49678767,0.58040595,0.47755373,0.27919093,0.7252202,0.6412705,0.66820157,0.14238176,0.74878037,0.6146031,0.76688594,0.04935322,0.7788918,0.5106995,0.7768388,0.30676848,Stable
0.36940786,0.4622818,0.49679846,0.58534825,0.4775177,0.286559,0.72639966,0.6520478,0.66997457,0.15142056,0.75165653,0.60866636,0.76802135,0.04145226,0.78289723,0.5180509,0.7813241,0.31469697,Stable
0.3676369,0.4700778,0.49308762,0.58939433,0.47739953,0.28810984,0.7261812,0.6601985,0.6686013,0.15642552,0.7609316,0.59876114,0.7509667,0.16656451,0.7828959,0.5255925,0.7791462,0.31567204,Stable
0.36782485,0.47346038,0.4933233,0.5942777,0.47762054,0.29177907,0.7311873,0.66073304,0.671219,0.15245822,0.7539701,0.61788654,0.7714357,0.059195153,0.77860427,0.5270995,0.7748489,0.3200649,Stable
0.3719233,0.47422284,0.499001,0.59786797,0.47328514,0.2942177,0.7247356,0.6591333,0.667438,0.1597002,0.7533104,0.6302109,0.7692761,0.058126714,0.7745135,0.53279704,0.7741084,0.325687,Stable
0.37192845,0.4741759,0.4988945,0.5978489,0.4732489,0.29437912,0.7247815,0.6591695,0.66717875,0.16004342,0.7533848,0.6303568,0.7692251,0.058389597,0.77453893,0.5327624,0.77408195,0.32566202,Stable
0.3736504,0.47776866,0.49283394,0.6003473,0.47455078,0.300282,0.72690266,0.66093445,0.6642022,0.1660656,0.7547254,0.63207644,0.7672502,0.07501574,0.77732944,0.52925587,0.7755632,0.32720578,Stable
0.3732334,0.4784857,0.49873912,0.6012666,0.4790599,0.30030048,0.73301876,0.6673664,0.66256326,0.15637362,0.74924105,0.63164854,0.7690975,0.05684809,0.77965045,0.5329489,0.7772574,0.3275491,Stable
0.37324032,0.47949117,0.4992615,0.603024,0.47934973,0.3039708,0.7417147,0.6765652,0.65773356,0.16009516,0.7478384,0.62471884,0.76798725,0.055986043,0.7805878,0.53289586,0.7781862,0.32933453,Stable
0.3717692,0.48137662,0.4980156,0.604298,0.47380692,0.30519587,0.7282399,0.6643932,0.65800923,0.16245002,0.75260967,0.63324916,0.7697122,0.041165087,0.7809481,0.53264874,0.7770912,0.32935706,Stable
0.37175345,0.48130482,0.4981867,0.6042076,0.473878,0.30517063,0.7285113,0.6648277,0.65810895,0.16250773,0.752367,0.63321424,0.7697672,0.041030418,0.78094983,0.5325482,0.7771367,0.32940254,Stable
0.36965674,0.48229057,0.5011666,0.606923,0.47399288,0.31577975,0.7319648,0.67056,0.65607023,0.16943228,0.75413513,0.62859094,0.7673282,0.056733176,0.78310746,0.53480685,0.77729124,0.33064887,Stable
0.3660601,0.4825281,0.49916476,0.60811895,0.47247285,0.31589103,0.72589886,0.67517745,0.6520435,0.17376654,0.7522616,0.6298341,0.7670793,0.05614119,0.7803595,0.53473365,0.7744219,0.3316703,Stable
0.3657781,0.48273426,0.4998504,0.6135969,0.47898373,0.31096637,0.74135655,0.69175816,0.6573175,0.17177312,0.7531878,0.62276,0.7676543,0.050206386,0.7809776,0.53916067,0.7729293,0.3308183,Stable
0.36086497,0.48245317,0.49275482,0.61454,0.47952804,0.31464756,0.73104954,0.69813263,0.65777254,0.17612325,0.75102866,0.6309981,0.76812387,0.052332543,0.77773786,0.54128385,0.77462,0.33492106,Stable
0.3608808,0.48247737,0.49284917,0.6146053,0.47955066,0.31465006,0.7310082,0.69811267,0.6578408,0.17619859,0.7510618,0.6313925,0.768059,0.05226305,0.7777122,0.5411756,0.77457136,0.33478746,Stable
0.35544226,0.48652595,0.49963483,0.6220317,0.4754393,0.3150857,0.7419975,0.69781005,0.6564705,0.17509228,0.7535956,0.630128,0.76196617,0.04987984,0.77942127,0.5488687,0.7745658,0.33313587,Stable
0.35405743,0.49150345,0.48886022,0.62555003,0.4720832,0.32401842,0.7247278,0.70033544,0.65673864,0.17410049,0.7587008,0.63585144,0.7647432,0.04947348,0.7787881,0.54990375,0.77391946,0.33430776,Stable
0.3524176,0.49372333,0.49119756,0.6298568,0.47171265,0.3256577,0.73774695,0.71178997,0.65605026,0.16901515,0.75393647,0.6356844,0.762454,0.047089487,0.78166234,0.5538,0.7752857,0.33368516,Stable
0.34626865,0.49559784,0.49543172,0.6321118,0.4711944,0.324969,0.7381327,0.71187985,0.657206,0.15878762,0.766394,0.6315577,0.7599537,0.048606403,0.7829143,0.5561613,0.7786492,0.3355881,Stable
0.34626994,0.49552318,0.49556553,0.6321492,0.4712031,0.3249944,0.7381358,0.7119465,0.65725696,0.15841624,0.7663287,0.63161576,0.7600461,0.04804276,0.7828741,0.556042,0.7785617,0.33551502,Stable
0.35069773,0.4925344,0.50423926,0.6269047,0.4694429,0.32168373,0.7404601,0.70356935,0.65315104,0.15697496,0.75334567,0.64194417,0.76068246,0.044421203,0.78358597,0.5414393,0.777385,0.32786167,Stable
0.35062194,0.49374527,0.49409398,0.62265563,0.46881604,0.31216133,0.7281405,0.6985268,0.654264,0.15010178,0.7574997,0.6392369,0.7592725,0.040010646,0.7809428,0.5394094,0.77597785,0.31417543,Stable
0.35140437,0.4860193,0.49303412,0.61797893,0.47270614,0.30227175,0.738145,0.6809882,0.662585,0.12883303,0.759885,0.60241336,0.7592291,0.045124173,0.78209364,0.53925526,0.7770764,0.3086228,Stable
0.3495791,0.47517842,0.4893646,0.60930777,0.46960002,0.29506582,0.7399087,0.67205966,0.66326904,0.13295236,0.75879824,0.62004954,0.757683,0.046661973,0.7834694,0.53430897,0.77802944,0.303786,Stable
0.34953785,0.47515517,0.48927456,0.6094835,0.46956325,0.29508612,0.73981774,0.67236346,0.6632048,0.13304752,0.7584309,0.620476,0.76330185,0.031783305,0.7835724,0.5343536,0.7781715,0.30379945,Stable
0.35463965,0.45742065,0.48611724,0.6001098,0.47206935,0.28529638,0.73103786,0.66369116,0.66417944,0.13380489,0.76153946,0.6126696,0.75155157,0.04633382,0.7838113,0.5188714,0.7777225,0.29493403,Stable
0.34803987,0.4481172,0.48633087,0.5972346,0.47318047,0.2818667,0.7282168,0.66522235,0.66498315,0.13086857,0.76153266,0.5815259,0.76038253,0.043017335,0.7866974,0.5094474,0.78166425,0.28904176,Stable
0.35367203,0.4370438,0.4833541,0.5832808,0.4748118,0.27486396,0.71527994,0.65003747,0.6693019,0.12668383,0.74826527,0.6249611,0.74957836,0.046171658,0.7816285,0.5061378,0.7806741,0.28490883,Stable
0.34915325,0.43157232,0.48609155,0.58155274,0.47654152,0.27013636,0.7167578,0.6541263,0.6700504,0.12993932,0.7513439,0.62101436,0.7379509,0.040101543,0.7780868,0.50558364,0.77757657,0.28605068,Stable
0.3491877,0.43155926,0.48617125,0.58138055,0.47665983,0.27013645,0.7170286,0.6539692,0.67019486,0.12996289,0.7524402,0.6174935,0.738286,0.039714612,0.7781798,0.50551283,0.77767015,0.28602976,Stable
0.35123825,0.42521423,0.48929438,0.56944585,0.4829491,0.26964754,0.7166483,0.6314608,0.6683494,0.12904277,0.7613884,0.59128374,0.7480823,0.02998444,0.7790934,0.49421662,0.77507204,0.28518227,Stable
0.3517979,0.41511428,0.48886034,0.5613277,0.47853717,0.26728743,0.7130375,0.6289658,0.66362387,0.13227047,0.75218314,0.58935165,0.7548882,0.037584268,0.78416747,0.49598885,0.78216255,0.281423,Stable
0.35123345,0.41175103,0.49158305,0.54730093,0.4792477,0.26351365,0.7150404,0.6153764,0.65970397,0.12339213,0.7519111,0.59305453,0.74657834,0.039453607,0.780635,0.49339196,0.7776047,0.28014544,Stable
0.3481949,0.40698898,0.48615223,0.54624146,0.47893828,0.25610787,0.7141022,0.6166559,0.65747094,0.11729193,0.7567655,0.6121415,0.7449714,0.036425635,0.78456753,0.48971254,0.7812052,0.2759255,Stable
0.3482346,0.40699118,0.48618075,0.54616857,0.47896188,0.25598574,0.7142913,0.6165782,0.6575453,0.11720446,0.75693,0.6120498,0.7444904,0.036335792,0.7844744,0.4896941,0.7811674,0.27592024,Stable
0.3499647,0.40417945,0.4821597,0.5461087,0.47996968,0.25116035,0.70694077,0.61853427,0.6599053,0.09412669,0.7572702,0.6110498,0.7352433,0.033736464,0.7857926,0.4887191,0.7827771,0.27162886,Stable
0.34741625,0.40295696,0.4776325,0.5584807,0.47570226,0.25713268,0.6928668,0.6218581,0.65277344,0.097357094,0.7545194,0.61595434,0.7368433,0.033808365,0.7793221,0.4842232,0.7734493,0.26624185,Stable
0.34666988,0.4025422,0.47513098,0.5606762,0.4744527,0.25271922,0.6937275,0.61858225,0.6589868,0.08731853,0.7616629,0.62030196,0.73929584,0.03536127,0.77437377,0.4905885,0.77414286,0.27315915,Stable
0.34954497,0.40132284,0.47922802,0.55786365,0.4745656,0.24874495,0.7001684,0.6122916,0.65799844,0.09156954,0.7506544,0.6020138,0.73651975,0.035439193,0.7771125,0.48773885,0.7735147,0.26661873,Stable
0.3495594,0.40129852,0.47930798,0.5577541,0.47457147,0.24876589,0.69935775,0.61251515,0.6580251,0.09150605,0.75044906,0.6019027,0.736485,0.03543284,0.77718467,0.4875475,0.7734775,0.2665276,Stable
0.3489412,0.40164503,0.48484188,0.55753934,0.47785443,0.24868594,0.7286475,0.6424017,0.66652775,0.08574079,0.7173046,0.64964885,0.74484223,0.036951814,0.7765964,0.5020665,0.7752218,0.26813844,Stable
0.34649414,0.40142152,0.48511785,0.55450255,0.4780501,0.2490719,0.7362102,0.6415367,0.66770524,0.084290646,0.733467,0.62893355,0.7503776,0.036865972,0.7777667,0.49712485,0.77730393,0.26827902,Stable
0.34720656,0.39558345,0.48519665,0.5554629,0.48145407,0.2476288,0.73924917,0.6462819,0.6746751,0.07723991,0.7479831,0.6003202,0.7482571,0.03252487,0.77483165,0.5004622,0.776396,0.27766636,Stable
0.3513034,0.3902669,0.47610998,0.5552679,0.4794788,0.25126225,0.7370552,0.63090587,0.6765628,0.077960044,0.5780106,0.67307776,0.74676794,0.03303314,0.7783787,0.4991656,0.7760832,0.27899128,Stable
0.3512689,0.39025325,0.4760407,0.5552219,0.47946495,0.2513078,0.7369522,0.6309164,0.6765258,0.07802282,0.57801294,0.67312235,0.7467584,0.033044733,0.77835435,0.49933308,0.77606004,0.27904707,Stable
0.35155243,0.38968015,0.46476477,0.554813,0.48161262,0.24318266,0.7465026,0.64449334,0.6780891,0.10578385,0.5746329,0.6701922,0.74577093,0.03449137,0.7810604,0.4819834,0.77424616,0.26410204,Stable
0.35054526,0.38166535,0.47266942,0.55682415,0.48465043,0.23905075,0.74026096,0.6354442,0.69412494,0.07138261,0.7498703,0.5984855,0.76222,0.034105703,0.78273416,0.47574222,0.7787683,0.25981206,Stable
0.34916353,0.37267146,0.4744454,0.5581796,0.4843501,0.23698859,0.7357514,0.6252721,0.69790643,0.07326833,0.7326981,0.6138915,0.7579715,0.037754674,0.7801711,0.48207968,0.7750633,0.26165074,Stable
0.34918365,0.36071557,0.46696433,0.55927557,0.48369735,0.23462223,0.73909545,0.6243024,0.7025148,0.087529115,0.5761113,0.6478642,0.74820566,0.12139236,0.779884,0.47553164,0.7780344,0.2615137,Stable
0.34911913,0.36071312,0.46720204,0.55941,0.48376215,0.23459825,0.739211,0.6242194,0.702634,0.0873923,0.5760348,0.6477096,0.74814427,0.12147336,0.7799534,0.47565788,0.77811456,0.26145655,Stable
0.35423315,0.33232147,0.46490234,0.56299275,0.48745906,0.23594671,0.73650646,0.6252576,0.70158553,0.09490509,0.7593996,0.58172035,0.76000875,0.036092415,0.782876,0.47216606,0.7797996,0.2610102,Stable
0.35283524,0.30985385,0.46001515,0.56964695,0.49129647,0.22827876,0.7180671,0.6295744,0.7257066,0.06967078,0.75174916,0.5889796,0.7483139,0.13922949,0.77563924,0.48689532,0.7772751,0.26051578,Stable
0.36386424,0.30353853,0.46064097,0.5581926,0.48926708,0.23054326,0.7074422,0.62453365,0.70484066,0.11093901,0.75297594,0.5930553,0.7805764,0.04027006,0.7786974,0.47902486,0.78184855,0.2738139,Stable
0.3662578,0.2818464,0.46638343,0.54234505,0.4948789,0.2202707,0.69925827,0.61832374,0.7188524,0.10177454,0.7607562,0.59386504,0.7813136,0.03061039,0.7809589,0.49329072,0.7850721,0.26371765,Stable
0.3663348,0.28192207,0.46661395,0.54251814,0.49487767,0.22030638,0.69924474,0.6183506,0.7188263,0.10178101,0.76077664,0.59413755,0.78127927,0.030770553,0.7808974,0.49327242,0.78501177,0.26366514,Stable
0.35957584,0.26557392,0.46081477,0.5487951,0.49421307,0.21737963,0.70276946,0.6206425,0.7203812,0.09166032,0.7639176,0.5939715,0.776685,0.029499788,0.7789831,0.4820704,0.7809434,0.26361078,Stable
0.38223398,0.25859565,0.4562528,0.53571147,0.49718007,0.21946612,0.6849115,0.61213154,0.70579237,0.09804835,0.75259614,0.5967206,0.7817008,0.044498257,0.7720895,0.49186164,0.77403045,0.27341244,Stable
0.39009902,0.25006807,0.45535332,0.52862686,0.49313718,0.21778497,0.66890275,0.59935653,0.70517933,0.11063745,0.75267833,0.60573924,0.754881,0.08171358,0.77204347,0.47916743,0.76758933,0.25642622,Stable
0.38175306,0.2332692,0.44101816,0.53101075,0.4965331,0.2140184,0.6732464,0.605224,0.70574945,0.10775812,0.7483272,0.5934063,0.78286076,0.042437147,0.7722456,0.48113376,0.7726819,0.2593375,Stable
0.38183162,0.23315524,0.441292,0.5312446,0.49657828,0.21405941,0.6734502,0.60491043,0.7058212,0.1078438,0.74816155,0.5936729,0.78280795,0.042411976,0.7725291,0.48136705,0.7727947,0.25939938,Stable
0.38044426,0.22463533,0.44395694,0.5341717,0.4987821,0.2134829,0.67699873,0.6096936,0.7051224,0.106986955,0.75003594,0.59239244,0.78147805,0.0413032,0.7760615,0.49573657,0.7782067,0.25950858,Stable
0.38601387,0.22792903,0.44171128,0.5384901,0.49512285,0.2113928,0.67717284,0.6151875,0.7114588,0.10038778,0.7473189,0.5930061,0.7759465,0.044134967,0.7706236,0.49690634,0.7691771,0.26333767,Stable
0.39883602,0.24571316,0.4351794,0.5421088,0.4945826,0.21881144,0.6728871,0.6230477,0.7118029,0.11876631,0.7534802,0.5962676,0.75184745,0.116656706,0.7701353,0.5108279,0.774435,0.27775353,Stable
0.39371872,0.24697387,0.44212803,0.54682404,0.49584794,0.22405706,0.6830361,0.6293273,0.7157306,0.12904403,0.7529018,0.6134069,0.7780962,0.040261604,0.7756244,0.5061731,0.78055227,0.27543744,Stable
0.39377162,0.24674371,0.44213343,0.547004,0.49571294,0.22408086,0.68304753,0.62925905,0.7157125,0.12903425,0.752732,0.6132494,0.77810156,0.040286355,0.77578545,0.5063142,0.7807464,0.27549714,Stable
0.38908523,0.253212,0.44197258,0.54411614,0.49745724,0.23015568,0.68157446,0.6302207,0.7212508,0.12198835,0.757648,0.613991,0.7589466,0.11932002,0.7772362,0.5147618,0.7813996,0.2753904,Stable
0.39217636,0.2582841,0.4472028,0.54762244,0.49613202,0.22535369,0.6803441,0.6273747,0.72052526,0.122282945,0.7586646,0.6158607,0.76234716,0.09545668,0.7759483,0.5151383,0.7809714,0.27340174,Stable
0.38612184,0.2585266,0.4516928,0.54888856,0.5024711,0.22778589,0.68420434,0.62254477,0.7244608,0.12556422,0.7536862,0.6112966,0.76539755,0.041760698,0.78534573,0.5103789,0.7903992,0.2637082,Stable
0.38609296,0.25987604,0.45923704,0.54756767,0.5036166,0.22636513,0.69395244,0.6255763,0.72790086,0.12809242,0.75758165,0.6062854,0.7660367,0.041943625,0.7890901,0.49592245,0.79291224,0.27387023,Stable
0.38627267,0.25995213,0.45923913,0.54752517,0.5035953,0.22636466,0.69389117,0.6255164,0.72780883,0.12809548,0.7575532,0.60629207,0.766014,0.042060345,0.7892703,0.49576414,0.7931161,0.27368265,Stable
0.38234937,0.25632283,0.4590072,0.5439224,0.5063571,0.22514203,0.69654816,0.62373143,0.72309035,0.11636339,0.7566782,0.6050026,0.75846267,0.1003516,0.7841878,0.49966705,0.79512036,0.27759647,Stable
0.37423444,0.25791338,0.46539813,0.5471154,0.50486046,0.21500926,0.699181,0.62073207,0.72222346,0.112561435,0.7654753,0.58339405,0.7495472,0.15000689,0.784526,0.4990095,0.7887396,0.27407312,Stable
0.36764085,0.267164,0.47097322,0.550375,0.5117514,0.20887862,0.7171483,0.6239359,0.7372758,0.10377422,0.7668383,0.5813865,0.75178385,0.14767277,0.7882589,0.49638233,0.79577184,0.27301186,Stable
0.3651014,0.27001044,0.4742524,0.54917824,0.5085617,0.20610183,0.7198329,0.62474525,0.7368919,0.10315415,0.7690593,0.57834435,0.7516135,0.15135919,0.7895725,0.49374172,0.797331,0.26013607,Stable
0.3650597,0.26988947,0.47451353,0.5492308,0.50882304,0.2059046,0.71998227,0.6248121,0.7369833,0.10324024,0.76922405,0.5781981,0.7516315,0.15138304,0.7896428,0.4937219,0.7973716,0.26022434,Stable
0.3660763,0.27212936,0.47097299,0.5484896,0.50367177,0.20725513,0.7277986,0.6315379,0.73891395,0.08649714,0.7654197,0.58107555,0.75102186,0.1483562,0.78674406,0.50692296,0.79543376,0.26329285,Stable
0.36594424,0.27121252,0.47148174,0.5452889,0.50494725,0.2049573,0.73344254,0.63477725,0.7358954,0.11905059,0.7664106,0.57363355,0.7503512,0.14645642,0.79091144,0.5065801,0.79901624,0.26184815,Stable
0.3651368,0.27923074,0.46854982,0.55474985,0.5076441,0.20843801,0.7340288,0.6352318,0.7354518,0.10424751,0.76691556,0.5759468,0.7486424,0.14322594,0.79183865,0.49712405,0.7958956,0.25887012,Stable
0.36107242,0.28748044,0.47259492,0.55297166,0.50088334,0.21352774,0.7160274,0.62382877,0.71983135,0.10988845,0.76750517,0.57918394,0.7481427,0.14504349,0.78648776,0.49752498,0.78752553,0.2600984,Stable
0.3611909,0.28743225,0.47265026,0.5530894,0.5009829,0.213543,0.7159397,0.6237972,0.7199007,0.109651506,0.7673821,0.57926977,0.74817294,0.14528406,0.78651106,0.49762535,0.7875936,0.26022476,Stable
0.36122608,0.28360945,0.476269,0.55209947,0.49948782,0.21822695,0.72111475,0.62556934,0.74139684,0.047530785,0.77200246,0.57534945,0.755553,0.15940365,0.78605497,0.5077815,0.78943884,0.27341288,Stable
0.35921067,0.29983607,0.47735736,0.55744195,0.49842462,0.21707818,0.7201898,0.62929416,0.7228734,0.10451956,0.7702911,0.5741614,0.75528777,0.11401864,0.78352296,0.4972485,0.7856881,0.2586841,Stable
0.36201927,0.30460054,0.47641057,0.55745125,0.4968711,0.22343263,0.7190995,0.6280935,0.7146121,0.11308977,0.7689502,0.5721034,0.753812,0.039687432,0.7821814,0.49473065,0.784727,0.2575196,Stable
0.3541999,0.30941835,0.4779725,0.55822587,0.4959699,0.22400782,0.71317565,0.62709653,0.70763874,0.10437651,0.75975287,0.6027207,0.7574692,0.041291725,0.78010774,0.48922285,0.7815223,0.25662842,Stable
0.3541873,0.30946267,0.47813207,0.5582165,0.49601072,0.22389446,0.7132687,0.62705004,0.7077984,0.10409705,0.75987077,0.602829,0.7575755,0.04114001,0.7802214,0.48929328,0.78161204,0.25656855,Stable
0.355936,0.31443375,0.48271233,0.5549519,0.49873686,0.22873855,0.71346545,0.6211708,0.7014713,0.11706032,0.75651634,0.6037674,0.7684316,0.03707583,0.7804274,0.49011165,0.78090715,0.25989655,Stable
0.35703683,0.3113836,0.47938237,0.554564,0.4934417,0.23060362,0.720901,0.62896264,0.7073979,0.11537479,0.76413727,0.5972427,0.77541417,0.04467193,0.77910984,0.4877072,0.7783935,0.25674564,Stable
0.3625784,0.31756446,0.47735786,0.55658525,0.49415255,0.22875474,0.7143601,0.6267233,0.69508636,0.12525423,0.7588321,0.60575604,0.76804537,0.037145983,0.77813363,0.4845142,0.7822508,0.25619727,Stable
0.36233824,0.31965414,0.47662315,0.5528513,0.49324232,0.2332983,0.7106421,0.63021016,0.69771475,0.12842838,0.75704014,0.6061032,0.7763624,0.042697363,0.77753896,0.48967212,0.7808863,0.25764662,Stable
0.36228597,0.31985813,0.47661576,0.55275905,0.49317777,0.23326759,0.7108943,0.63026893,0.6978871,0.1285603,0.7570078,0.6059988,0.77635837,0.042817023,0.7777432,0.48989663,0.78109086,0.25765947,Stable
0.36427128,0.32261467,0.4826965,0.5588129,0.49587846,0.23575589,0.71727824,0.63952845,0.6978271,0.12397647,0.75727606,0.6087078,0.76626265,0.039479464,0.7813048,0.48953646,0.78589404,0.2573619,Stable
0.36745232,0.32019562,0.48008174,0.56242,0.4962725,0.23900989,0.70574,0.6294253,0.69621295,0.1316638,0.7594981,0.6190423,0.7674255,0.042554013,0.77739656,0.4915671,0.78321004,0.26277617,Stable
0.36561653,0.3252324,0.48000407,0.5615847,0.49641526,0.24342194,0.7050022,0.6309729,0.6946301,0.13157392,0.75899065,0.62860847,0.77378035,0.04350577,0.7800448,0.4910223,0.78445697,0.26567793,Stable
0.36458987,0.32790953,0.47545338,0.5612392,0.49431297,0.24382088,0.7073042,0.6327449,0.6989643,0.13215199,0.7644192,0.6321583,0.7724643,0.046556532,0.7794285,0.49095422,0.7846553,0.27072483,Stable
0.36447757,0.32782876,0.475451,0.5612462,0.49430248,0.24374586,0.7072453,0.63276416,0.69900477,0.13217849,0.76424384,0.6324675,0.77254415,0.04662315,0.77942216,0.4910857,0.7846416,0.27072224,Stable
0.36112282,0.33081102,0.47729465,0.56258595,0.49176377,0.24966896,0.70824957,0.641824,0.700005,0.1300182,0.76232064,0.6375579,0.77378124,0.047998212,0.77664393,0.5060607,0.78383374,0.28057727,Stable
0.36411822,0.34311062,0.48276383,0.5681386,0.49249983,0.2553246,0.70631146,0.6413215,0.6978969,0.14415646,0.75715107,0.64722764,0.7738364,0.061146267,0.78082824,0.5075666,0.78684294,0.28124744,Stable
0.35631117,0.33878344,0.47792885,0.5676215,0.49221236,0.25860804,0.7012563,0.64284945,0.6992469,0.1479542,0.7562918,0.6565371,0.77408886,0.067779645,0.77718556,0.51270115,0.7822455,0.28412145,Stable
0.3554829,0.35115892,0.4836833,0.5758177,0.49244988,0.26034415,0.7140464,0.64822245,0.6983971,0.15444365,0.7661828,0.6602885,0.7767292,0.08746523,0.7797596,0.51952475,0.78476256,0.28902546,Stable
0.3554452,0.3513291,0.48359427,0.57582945,0.49249658,0.2601923,0.7138545,0.6481211,0.69843376,0.15446253,0.7662008,0.66069293,0.7767145,0.08747136,0.77955985,0.5195724,0.78469,0.2891105,Stable
0.35611933,0.35235327,0.4884413,0.5742612,0.48901197,0.268359,0.71014965,0.6543233,0.67849684,0.16844305,0.7572982,0.6631571,0.7659937,0.09900622,0.7805411,0.5219145,0.7854167,0.30334842,Stable
0.35916966,0.34924707,0.4827461,0.5763062,0.47967827,0.27171984,0.70705336,0.6573372,0.6819973,0.16806707,0.75611913,0.6656261,0.7656771,0.10364526,0.7790243,0.5213375,0.7840812,0.3012635,Stable
0.3612356,0.36239251,0.48875165,0.5792382,0.47586176,0.2830493,0.70833373,0.65784633,0.6793966,0.17746155,0.75919473,0.6713459,0.76546216,0.11118427,0.77820486,0.5229312,0.777848,0.30847952,Stable
0.3604374,0.36622643,0.48967034,0.58011305,0.47283763,0.2919106,0.70269215,0.65929806,0.67577565,0.18205261,0.7551603,0.68003315,0.7632607,0.11833158,0.78097314,0.52666503,0.7818042,0.30859593,Stable
0.3604463,0.36622638,0.48965082,0.58006626,0.47303176,0.29183668,0.7026157,0.65939033,0.67579246,0.1819365,0.7551125,0.6801022,0.7633123,0.1182414,0.7810302,0.52658564,0.7818098,0.30848968,Stable
0.36231086,0.38112903,0.48737642,0.5835748,0.4594007,0.29406145,0.6973742,0.6588342,0.65794384,0.20923266,0.7545948,0.6791035,0.7657611,0.12574165,0.78165215,0.53034323,0.7818067,0.31323585,Stable
0.36382923,0.38669008,0.48273498,0.5919969,0.45097458,0.2997911,0.69707954,0.661936,0.65986335,0.21816204,0.7518828,0.67994547,0.7644794,0.13369784,0.78008664,0.52761304,0.7802252,0.31374127,Stable
0.3617242,0.39160752,0.4830436,0.5945031,0.44995803,0.30365765,0.6963529,0.67275417,0.6715242,0.2126356,0.75318193,0.692943,0.7663214,0.12813781,0.7768842,0.5310609,0.77750796,0.31742522,Stable
0.3619964,0.40645084,0.48205015,0.5979451,0.4531327,0.31223097,0.69690406,0.6738676,0.6643804,0.21783727,0.750538,0.6896452,0.7665763,0.1415771,0.77546066,0.5460022,0.7752155,0.32711858,Stable
0.3619547,0.40641972,0.48204345,0.59796727,0.45321494,0.31228817,0.6968546,0.6738867,0.6641885,0.21788949,0.7506629,0.68937206,0.7666208,0.14163865,0.7755446,0.5460223,0.7752149,0.32714832,Stable
0.3633353,0.41231787,0.48407555,0.6056209,0.46097696,0.3105995,0.6924347,0.6746243,0.6763916,0.21717785,0.7547269,0.69543076,0.7660913,0.139222,0.7722727,0.53683054,0.77311313,0.32269987,Stable
0.3636356,0.4112574,0.48805258,0.6125796,0.45961577,0.3140726,0.70430565,0.68074095,0.66217554,0.22278099,0.7539787,0.69786286,0.7688975,0.13393083,0.7707214,0.54172397,0.77178895,0.3263273,Stable
0.36184335,0.41363752,0.4905854,0.6150873,0.46576637,0.32239503,0.71263736,0.6853668,0.6705924,0.22001722,0.7552561,0.7035947,0.7744776,0.12902302,0.7778779,0.5518764,0.7749375,0.3299479,Stable
0.35769624,0.41629562,0.48638743,0.6186552,0.46863526,0.32824367,0.71178114,0.6935896,0.6625662,0.22639535,0.76214945,0.710772,0.769501,0.14865327,0.77823675,0.5521246,0.7743765,0.33170712,Stable
0.3576039,0.41644013,0.4864274,0.61868876,0.4688885,0.32833642,0.7119,0.69345397,0.6624685,0.22637129,0.76207423,0.710634,0.76955295,0.14856969,0.77816,0.55217063,0.7743585,0.3318773,Stable
0.35689932,0.41558516,0.48513934,0.621434,0.4666874,0.33412325,0.69780433,0.69101477,0.6648869,0.22459847,0.75993913,0.7188691,0.77402776,0.13304886,0.7766708,0.5565989,0.7707993,0.33314347,Stable
0.3593549,0.42104742,0.4810846,0.62226105,0.47037372,0.34147918,0.70122635,0.69669056,0.66693234,0.22478253,0.75749624,0.7241454,0.774104,0.12790258,0.7777957,0.56272584,0.7728745,0.34801793,Stable
0.35783547,0.4210577,0.48204112,0.62659925,0.47107896,0.34229824,0.70727706,0.6977798,0.6796293,0.22291452,0.75633335,0.72144866,0.77619666,0.1317119,0.77908945,0.56378615,0.7733361,0.3510213,Stable
0.3554908,0.42386538,0.48554504,0.6301212,0.47369918,0.34311068,0.7168417,0.7022244,0.6807925,0.2230759,0.7538667,0.722311,0.77468747,0.13676678,0.77713174,0.5585068,0.77079725,0.3497467,Stable
0.355478,0.4234998,0.48547995,0.6302574,0.47356614,0.34317645,0.71691006,0.7024019,0.6807867,0.22319406,0.7538341,0.7222271,0.7747058,0.13679585,0.777076,0.55843985,0.770717,0.3497716,Stable
0.35798284,0.424276,0.48801422,0.6353207,0.47373658,0.3381896,0.7191422,0.713357,0.68506134,0.22332886,0.7521926,0.7299544,0.7773558,0.13781883,0.77927494,0.5626672,0.7717018,0.35254228,Stable
0.35481974,0.42440993,0.48790687,0.6339792,0.47216678,0.33423445,0.7214333,0.7148976,0.6853564,0.2234371,0.7483978,0.7251545,0.7691998,0.14565742,0.7798201,0.5628928,0.7715024,0.3488582,Stable
0.35836345,0.42583725,0.4851471,0.6387094,0.4621609,0.33687052,0.7122458,0.7146466,0.67286056,0.23267339,0.75127566,0.7263376,0.7605072,0.14869852,0.7789304,0.56373405,0.76288176,0.3507303,Stable
0.35868502,0.4302112,0.4861469,0.63921577,0.47007936,0.3434767,0.7014539,0.7206905,0.66308266,0.2363324,0.7521703,0.7310514,0.7608437,0.13497517,0.77907985,0.57217723,0.7704529,0.35936737,Stable
0.35857284,0.43038607,0.48608023,0.6391903,0.46997404,0.3434783,0.7015056,0.72054625,0.6625923,0.23675422,0.7522441,0.73103535,0.76070964,0.13543512,0.77894425,0.57202196,0.77035785,0.3591108,Stable
0.35701233,0.4351027,0.48501226,0.6437404,0.47488746,0.34099394,0.7199113,0.732561,0.6801619,0.22074561,0.754635,0.73396194,0.7559278,0.12835938,0.7773943,0.5792251,0.7696301,0.3643592,Stable
0.35767946,0.43574387,0.48774606,0.642779,0.47704244,0.3428068,0.721569,0.73264927,0.6777133,0.225454,0.74183697,0.7270801,0.55268615,0.22439745,0.77886,0.58294207,0.7719311,0.3675104,Stable
0.35892808,0.43542597,0.49078524,0.6485802,0.4775154,0.33190024,0.72486037,0.73723555,0.67954576,0.2156583,0.74725455,0.7204148,0.7730908,0.11094794,0.7780436,0.58127165,0.7684647,0.3546763,Stable
0.366871,0.43196595,0.4866366,0.6529441,0.4631853,0.34005937,0.72453564,0.73727006,0.6638525,0.21921973,0.7389078,0.7245369,0.768517,0.06896606,0.77783096,0.58216345,0.7647199,0.35205418,Stable
0.3668294,0.4318475,0.4866724,0.6528845,0.4632494,0.34004682,0.7246704,0.737226,0.66388613,0.21917933,0.7389659,0.72434807,0.7685437,0.06891535,0.7778255,0.58205986,0.76464695,0.3519491,Stable
0.36815375,0.43787432,0.49407572,0.65511197,0.46371144,0.33752748,0.72087634,0.736329,0.6629197,0.21310031,0.7367269,0.72804034,0.76751655,0.04623752,0.78169596,0.58317506,0.7722219,0.34699786,Stable
0.36876175,0.4362733,0.49094588,0.65845776,0.46273038,0.34231913,0.71918356,0.7351321,0.6581567,0.20827535,0.7543459,0.7427427,0.7269861,0.123576045,0.7781936,0.5826763,0.76890504,0.3505484,Stable
0.36299306,0.4374226,0.49198747,0.6631311,0.46491045,0.34492362,0.7191934,0.7414454,0.6551361,0.18267068,0.7424058,0.7415521,0.7175457,0.11201577,0.7804544,0.5988444,0.7724956,0.3587389,Stable
0.36338985,0.4340962,0.48502058,0.65837896,0.46316862,0.34438607,0.7150945,0.74286866,0.6464299,0.16065657,0.7691921,0.7970729,0.73498267,0.04286228,0.7815453,0.60099334,0.7702276,0.36621913,Stable
0.3633233,0.43410632,0.48515698,0.65829396,0.46318716,0.34430218,0.71531504,0.7426053,0.646386,0.16070777,0.769137,0.7969986,0.735268,0.042040966,0.7815831,0.6009108,0.77026474,0.36599052,Stable
0.36241564,0.43350017,0.4855523,0.65820235,0.46206686,0.33889103,0.71460146,0.74830073,0.6311533,0.14783202,0.7650735,0.79876226,0.71385115,0.04010869,0.7801815,0.6114807,0.76936483,0.36800632,Stable
0.35711777,0.4345364,0.48680878,0.6611054,0.46225175,0.33759785,0.71682596,0.7529532,0.6105565,0.13852644,0.75066686,0.75299567,0.73005414,0.017660579,0.7781764,0.6158065,0.7694495,0.36585093,Stable
0.36379644,0.43362376,0.49105543,0.6612247,0.46186897,0.33562303,0.71510816,0.7510117,0.60208976,0.12923023,0.77261275,0.80997515,0.72491187,0.013871739,0.7829947,0.6168375,0.78040594,0.36831653,Stable
0.36249202,0.42857218,0.4935096,0.66663396,0.462648,0.3318757,0.7210063,0.75070536,0.5855755,0.13298732,0.7545582,0.7707025,0.7205554,0.018027967,0.7928765,0.614297,0.79052603,0.36081612,Stable
0.3625152,0.4285351,0.49341232,0.6665595,0.46247026,0.3319491,0.7209097,0.7506124,0.5854048,0.13347034,0.754603,0.77084064,0.7203542,0.017982796,0.7928505,0.6141076,0.7904851,0.3607003,Stable
0.35906172,0.43391573,0.49393663,0.6680963,0.4626604,0.33136475,0.72141683,0.75583184,0.57496274,0.14351586,0.75409544,0.7686505,0.60348177,0.021696007,0.7817315,0.6148981,0.78317237,0.3633309,Stable
0.35393858,0.42656597,0.49210924,0.664195,0.46943086,0.32876715,0.71744823,0.7555205,0.57833797,0.12749715,0.7464623,0.7665509,0.75482094,0.025245052,0.78190887,0.62799233,0.7862849,0.36484003,Stable
0.3590499,0.4270683,0.49273238,0.66721606,0.46988994,0.321793,0.7129485,0.76294655,0.57446563,0.12661779,0.7444631,0.76338714,0.6008774,0.022554083,0.77570695,0.6301384,0.7746657,0.36558956,Stable
0.3624419,0.4110855,0.48811615,0.6734657,0.47562587,0.32321462,0.73006195,0.77544236,0.57485354,0.11826619,0.7601411,0.8096845,0.5900508,0.015799815,0.7826085,0.6360677,0.78722423,0.37788817,Stable
0.36236137,0.41111964,0.48924875,0.6745186,0.4756443,0.32312548,0.7172222,0.76855755,0.5745952,0.11840659,0.7597091,0.80912846,0.5897961,0.015888928,0.7821791,0.6459055,0.78712,0.37780902,Stable
0.35304138,0.4088598,0.4886949,0.6777724,0.4757824,0.31669354,0.7302188,0.77688265,0.59392005,0.06386374,0.75108546,0.77085316,0.5911437,0.017218936,0.77744645,0.6521269,0.7814858,0.3780827,Stable
0.36036438,0.4096033,0.48124355,0.67915004,0.47248685,0.31836048,0.7304901,0.7796651,0.5759648,0.10547218,0.75212395,0.7918105,0.60053253,0.03331953,0.7838783,0.6520295,0.78541565,0.38000786,Stable
0.36115536,0.41305447,0.48313817,0.6824946,0.47365984,0.31440365,0.7374619,0.79039305,0.56997454,0.11144981,0.7515783,0.7128084,0.6940922,0.02290944,0.7844197,0.6525007,0.79001844,0.3791594,Stable
0.36385855,0.40864772,0.48230958,0.6844417,0.47423694,0.31698084,0.7414427,0.80865645,0.57224137,0.0953589,0.74816364,0.7873284,0.61641824,0.028886076,0.78562653,0.6664448,0.7916631,0.38501292,Stable
0.36388773,0.4090873,0.4822459,0.6844425,0.47419733,0.316972,0.7414025,0.8086323,0.5723217,0.095363006,0.7482147,0.78731215,0.61643815,0.02886808,0.78567445,0.66648114,0.791715,0.3849109,Stable
0.35838872,0.4005524,0.47802088,0.68615127,0.47463498,0.30590552,0.7380656,0.8110206,0.58593464,0.061835717,0.7517799,0.7854756,0.6372732,0.029742446,0.7812774,0.6689119,0.78455865,0.38132238,Stable
0.36094254,0.40008685,0.48225912,0.6977245,0.47465524,0.3001724,0.74682707,0.82618546,0.62132955,0.04126914,0.7479617,0.7815397,0.7528132,0.006445933,0.7954165,0.68408287,0.7966101,0.38728964,Stable
0.35694885,0.41852874,0.48177025,0.69643676,0.47407484,0.3078347,0.73270047,0.81567115,0.5839981,0.05734479,0.73608184,0.7343819,0.57029665,0.025596745,0.7823179,0.6787008,0.7913654,0.39282525,Stable
0.3491279,0.40173352,0.48075783,0.70502174,0.4710375,0.31707686,0.7471293,0.83192897,0.6005519,0.041737583,0.7510833,0.70720685,0.7240039,0.019626547,0.7924702,0.67611665,0.7894932,0.38715944,Stable
0.3490119,0.40182146,0.48052296,0.7047724,0.47091097,0.3171472,0.7468611,0.8323509,0.60065633,0.04160691,0.7513759,0.707037,0.724147,0.019473188,0.79197073,0.6761308,0.78903806,0.38719714,Stable
0.36821544,0.40774536,0.48757923,0.71534985,0.47613108,0.31910843,0.74838674,0.84104216,0.6036061,0.036610927,0.74717414,0.7187778,0.7524173,0.0045506745,0.80393547,0.6904358,0.8030157,0.3981408,Stable
0.35851786,0.43215603,0.48789856,0.72354436,0.4761766,0.32014555,0.7487097,0.8440296,0.5994738,0.03947262,0.751867,0.7138052,0.7502973,0.00669101,0.80523247,0.6855206,0.80448866,0.39818746,Stable
0.35561204,0.4466762,0.4909858,0.7284913,0.4751005,0.3279655,0.7516507,0.8522083,0.6130717,0.033831015,0.75435853,0.70928824,0.7601484,0.011670794,0.81283677,0.68614644,0.81500316,0.40194005,Stable
0.36031193,0.45932493,0.494322,0.7354919,0.476826,0.33720934,0.7495271,0.84994787,0.6153099,0.044045143,0.7566943,0.7448858,0.74772114,0.020913046,0.806718,0.6883907,0.806772,0.40670913,Stable
0.36063084,0.45957896,0.49410996,0.73546636,0.47677052,0.3372793,0.7494709,0.84979385,0.61518353,0.044111177,0.7569046,0.74451774,0.7477529,0.020999677,0.80654275,0.68845385,0.8067374,0.40683335,Stable
0.37012947,0.45427632,0.4976849,0.737805,0.47514743,0.33577606,0.7530591,0.8545803,0.602267,0.033616915,0.7557089,0.7486567,0.76914227,0.11735515,0.8076653,0.69349927,0.80636406,0.4052429,Stable
0.3566131,0.47217965,0.49830636,0.74816823,0.47623202,0.3467048,0.75598955,0.862821,0.60322964,0.03808185,0.76400816,0.7672969,0.7585225,0.12727503,0.8043996,0.695583,0.7944267,0.40871143,Stable
0.35204622,0.50019926,0.49738416,0.7510473,0.47365487,0.3578168,0.7522521,0.85793865,0.57401633,0.11656162,0.755221,0.77380216,0.7611599,0.1334177,0.79760927,0.6950408,0.79754007,0.41053122,Stable
0.3590779,0.50941503,0.50303817,0.7568092,0.4607467,0.38089845,0.7430982,0.8506967,0.5658058,0.14151412,0.7570562,0.7759584,0.76082397,0.1256397,0.8025202,0.6900972,0.79589677,0.41044688,Stable
0.35897502,0.5098365,0.5030253,0.75686467,0.46065426,0.38089395,0.74298775,0.8505455,0.5659187,0.14172634,0.757095,0.77625346,0.7608247,0.12554102,0.7991462,0.6916174,0.7960147,0.41065845,Stable
0.34533173,0.517253,0.5013068,0.76106256,0.45786017,0.38997173,0.7442755,0.8503344,0.67923594,0.2898063,0.7623551,0.77284396,0.76527476,0.12076803,0.7901415,0.66476655,0.77612114,0.39819348,Stable
0.35413513,0.5380567,0.50469154,0.7640185,0.45728168,0.38926265,0.7460594,0.8552581,0.5686995,0.16287827,0.7545289,0.8406695,0.76804185,0.104464695,0.7955409,0.69148517,0.7883502,0.41255304,Stable
0.35625404,0.5420759,0.50340575,0.7616789,0.4550153,0.3866814,0.7457038,0.8544668,0.58115876,0.16512923,0.7556623,0.84376705,0.7746917,0.09977823,0.7919023,0.6732905,0.7783035,0.39319265,Stable
0.35487837,0.5377053,0.5052068,0.7616826,0.45499986,0.39844713,0.75414485,0.86014473,0.5827208,0.18200871,0.75399864,0.8433823,0.76072514,0.06750645,0.7927882,0.67814195,0.7776568,0.41352528,Stable
0.35481164,0.5375098,0.50508124,0.7617857,0.45503378,0.3984527,0.7537171,0.8600311,0.58272773,0.18212968,0.7539718,0.8433564,0.7607163,0.06741265,0.79259527,0.6783337,0.77750134,0.41374788,Stable
0.355018,0.5377823,0.51063305,0.7632126,0.4565882,0.4060253,0.7552621,0.8603804,0.607754,0.15047301,0.762263,0.7757339,0.7660608,0.115952685,0.78543353,0.66224563,0.7706856,0.40120512,Stable
0.35617816,0.53678393,0.50679165,0.76027554,0.4572377,0.40480185,0.7520763,0.86017364,0.61802924,0.16610855,0.75134456,0.84880733,0.7548212,0.112119585,0.7957202,0.67651904,0.7857262,0.41305453,Stable
0.35666832,0.52083486,0.5103344,0.75214803,0.46467274,0.40398878,0.744694,0.85274076,0.6502977,0.15058471,0.7575494,0.8625125,0.74719256,0.11445751,0.7970077,0.6710645,0.7857649,0.4069507,Stable
0.35568807,0.5282143,0.5140428,0.7456871,0.47313666,0.4007663,0.75500274,0.84251034,0.6602763,0.16947614,0.7524892,0.8267388,0.7412817,0.13850302,0.79179084,0.6727082,0.7879758,0.41229302,Stable
0.3558044,0.52848405,0.51404196,0.7456345,0.47302315,0.4008538,0.75467813,0.8423345,0.6599939,0.16972868,0.7521681,0.8263745,0.7411314,0.1383167,0.79164004,0.6724831,0.78785753,0.41234416,Stable
0.35546327,0.5262218,0.5097944,0.7452079,0.47083038,0.39893767,0.75180805,0.8432352,0.65709764,0.21351711,0.74722594,0.80560154,0.7536325,0.024909273,0.792163,0.6700524,0.78851867,0.4087844,Stable
0.3579795,0.5210504,0.5068622,0.73691225,0.47904265,0.3945516,0.7431099,0.8242254,0.6694066,0.22177804,0.75729483,0.8170737,0.7584262,0.027955174,0.7917386,0.6573147,0.78509367,0.39362216,Stable
0.35360262,0.52053046,0.51094997,0.7272817,0.48141703,0.39172643,0.7544998,0.82242054,0.67863584,0.21980429,0.75104845,0.8008091,0.7523297,0.029871097,0.78978986,0.64728403,0.77762854,0.387933,Stable
0.35973346,0.5164223,0.5022812,0.7188341,0.48209894,0.38072628,0.7403997,0.8046569,0.6804366,0.23427694,0.7562376,0.7803709,0.76581895,0.05634603,0.78717583,0.64597267,0.78094286,0.39337635,Stable
0.35968667,0.5167532,0.50234216,0.71881056,0.48210964,0.38068807,0.7399297,0.8051147,0.6805043,0.23430167,0.756269,0.78091496,0.76574636,0.056580227,0.7872264,0.6460419,0.78113437,0.39362535,Stable
0.36004254,0.51447797,0.5005664,0.7169595,0.48203444,0.3760146,0.7354061,0.79093516,0.68674296,0.23688182,0.75447774,0.8204123,0.76888674,0.0795729,0.78674376,0.64550483,0.780004,0.39242476,Stable
0.36333877,0.5108876,0.49622643,0.7069296,0.48691016,0.3785361,0.7285913,0.77707666,0.6941793,0.23973493,0.75384015,0.8178298,0.7678396,0.097448826,0.7767422,0.64088553,0.7737018,0.39280558,Stable
0.35753244,0.5158767,0.49875748,0.7038097,0.4879346,0.3772307,0.7292292,0.7762034,0.6993309,0.23766628,0.76684827,0.8103963,0.776272,0.11869835,0.7863366,0.63295823,0.7836765,0.39144915,Stable
0.36484116,0.5094141,0.49623019,0.7051009,0.49012083,0.3706084,0.73502153,0.77164614,0.6947853,0.24072224,0.76199925,0.81367373,0.77830404,0.12137043,0.79270875,0.6428493,0.79035395,0.39322597,Stable
0.36438054,0.50762796,0.49621436,0.70511,0.49005753,0.37067327,0.7353439,0.77176714,0.6948792,0.24056947,0.76220787,0.81381315,0.7783591,0.1214154,0.7928685,0.6426668,0.7904153,0.39311004,Stable
0.36874947,0.5008137,0.49394292,0.6969428,0.49231565,0.37122893,0.72917885,0.7580189,0.69623965,0.24479008,0.75489944,0.7998409,0.7798649,0.1310986,0.78735495,0.640293,0.7881018,0.403821,Stable
0.36046335,0.5047209,0.4919095,0.6955352,0.4921407,0.36696208,0.7189681,0.761667,0.69694006,0.24917006,0.7463531,0.7896053,0.7715101,0.12482339,0.7848084,0.6402788,0.7861737,0.39273512,Stable
0.3730129,0.49805555,0.4973049,0.6955782,0.49268588,0.3668533,0.7373872,0.76434994,0.6974652,0.24169165,0.75200224,0.7854341,0.77573955,0.1248998,0.7875072,0.6392542,0.78904736,0.4033022,Stable
0.3594664,0.50064474,0.49288458,0.6943285,0.49003989,0.3651172,0.7327008,0.7616929,0.69535536,0.2519341,0.74807227,0.7906916,0.7705326,0.17088541,0.7845503,0.6412008,0.78844845,0.3939055,Stable
0.35915765,0.50074387,0.49273866,0.69429696,0.49005362,0.36502,0.73277473,0.76176584,0.6952202,0.2519226,0.7480271,0.7906908,0.770343,0.17097303,0.7846215,0.6412324,0.78856707,0.39387125,Stable
0.36561525,0.4922025,0.4938422,0.6911937,0.4887634,0.3666136,0.7340548,0.7558631,0.69786996,0.24673216,0.7507771,0.7866895,0.76675713,0.18207225,0.78594065,0.6392129,0.79101604,0.3934595,Stable
0.36907274,0.4844671,0.49245805,0.6859066,0.48918924,0.36736843,0.73233867,0.75710106,0.68886185,0.25246507,0.75384843,0.78867024,0.7664056,0.18138985,0.78347653,0.6374979,0.7899026,0.40405235,Stable
0.36376536,0.48442543,0.49057564,0.68403137,0.49186867,0.36406714,0.73410857,0.7614286,0.6934961,0.24768156,0.7507896,0.7818453,0.78153455,0.1624946,0.7854632,0.636842,0.7908527,0.39208883,Stable
0.36487257,0.4717501,0.4845795,0.6837124,0.48828754,0.36142787,0.72077435,0.75120515,0.69634503,0.24832362,0.758901,0.7840025,0.77079177,0.1939328,0.7837696,0.63365316,0.7887598,0.39942452,Stable
0.36421382,0.4713341,0.48465452,0.6840457,0.48889983,0.36209184,0.72400165,0.7524679,0.6963761,0.24629524,0.7550029,0.7782779,0.7724314,0.19159737,0.78212106,0.6353109,0.7901367,0.40015253,Stable
0.36803684,0.46297905,0.48805007,0.6843715,0.49270007,0.36592323,0.73304296,0.75400734,0.6940627,0.2518485,0.7590842,0.7782656,0.76807845,0.18228576,0.7884338,0.6382597,0.79437864,0.4016385,Stable
0.37153882,0.45223826,0.48806962,0.6867299,0.4916265,0.3703558,0.72048897,0.74934644,0.6938099,0.25495052,0.75178,0.76685846,0.7707244,0.18792664,0.77936435,0.63965607,0.7868206,0.408347,Stable
0.38901645,0.4327736,0.4845645,0.688251,0.49240145,0.37235892,0.7250506,0.7485163,0.69854033,0.25363374,0.7540151,0.7635614,0.77281064,0.19529274,0.7840972,0.6514072,0.7894714,0.41681802,Stable
0.38929415,0.43376133,0.48220974,0.6854409,0.49172407,0.37728545,0.7247924,0.7499873,0.6960051,0.2578826,0.7598798,0.7628983,0.7705256,0.19249175,0.7844869,0.647037,0.78861916,0.4186809,Stable
0.3893033,0.4336813,0.48213613,0.68540835,0.49169478,0.37740943,0.72478837,0.7497899,0.6956608,0.2577551,0.7599238,0.7624118,0.76973784,0.19284394,0.78467345,0.6470228,0.78866374,0.41862804,Stable
0.39795062,0.42989537,0.48094904,0.6854738,0.48597234,0.37721574,0.7211573,0.75015205,0.685452,0.26898843,0.75212634,0.76727146,0.7657304,0.20312628,0.7822461,0.64149195,0.7873809,0.41043347,Stable
0.4078133,0.42081225,0.48049033,0.6863477,0.4895953,0.37708396,0.71842355,0.7509352,0.6840045,0.27186787,0.752212,0.7699845,0.77272004,0.19640112,0.7839776,0.6524607,0.78908694,0.41769153,Stable
0.40016365,0.4154507,0.48511505,0.68668526,0.49369907,0.37923187,0.72122824,0.7492542,0.6850225,0.2726705,0.7642443,0.78376806,0.77334785,0.20369928,0.7864486,0.64254856,0.7925743,0.41539204,Stable
0.40041208,0.4153963,0.48499936,0.6866901,0.49360093,0.37929052,0.7210974,0.74926466,0.6850827,0.272591,0.76426214,0.78398466,0.77341217,0.20357856,0.7863151,0.6425925,0.7924181,0.4153868,Stable
0.39879745,0.41552824,0.48506293,0.68490934,0.49188542,0.38079357,0.72748184,0.7518653,0.6871769,0.27206343,0.7560483,0.76484555,0.77247256,0.20976698,0.7895846,0.63865733,0.79355156,0.4139399,Stable
0.40235382,0.40728718,0.48353547,0.6846244,0.49455327,0.37912816,0.7212791,0.7477996,0.69694984,0.27082124,0.7473525,0.7616807,0.78041065,0.21013108,0.7888629,0.6389543,0.79175776,0.4086671,Stable
0.39972514,0.39933264,0.48370534,0.6835532,0.4936812,0.38090917,0.7217218,0.7492382,0.69198656,0.27601385,0.75987214,0.7797674,0.78015566,0.20361376,0.7870383,0.6423335,0.79132384,0.41091272,Stable
0.39750177,0.39164752,0.47820038,0.68040764,0.4941727,0.37527782,0.7205329,0.7495979,0.6950048,0.27494514,0.760271,0.78335685,0.7809724,0.20059016,0.7824962,0.65025413,0.78849214,0.40905365,Stable
0.39787734,0.3919875,0.48078382,0.6802943,0.49409288,0.37533066,0.7202324,0.7494549,0.69484055,0.27488872,0.7602901,0.7837043,0.78095716,0.20072165,0.7823125,0.6503928,0.78825414,0.4090341,Stable
0.40224677,0.39556345,0.47895032,0.67699564,0.49526772,0.37523097,0.71734226,0.74840164,0.6995796,0.27309328,0.7604178,0.7677511,0.7809696,0.20603381,0.77985084,0.64757544,0.7874317,0.41024458,Stable
0.4159193,0.39140576,0.47684368,0.67729545,0.4924202,0.3770108,0.71584076,0.747604,0.6841421,0.28115666,0.7586028,0.7661667,0.7792343,0.20492725,0.78123486,0.6394807,0.78599495,0.4103334,Stable
0.40624902,0.3755988,0.47350726,0.67408574,0.4945514,0.37351537,0.7203976,0.7514026,0.697302,0.27632666,0.7448115,0.73860216,0.7807013,0.20482683,0.7843291,0.63672405,0.78805053,0.41021892,Stable
0.4149904,0.38317198,0.47828016,0.6738522,0.48668218,0.37382016,0.7209131,0.7481448,0.69450355,0.27923197,0.7483365,0.7599827,0.78069085,0.20547181,0.7816066,0.6377718,0.78757185,0.42025003,Stable
0.41497773,0.38324293,0.47838557,0.67377615,0.4869787,0.37384856,0.72108614,0.7482208,0.69469666,0.27912372,0.7483555,0.75981534,0.78074086,0.2053729,0.782005,0.63783526,0.7879776,0.42027327,Stable
0.41604978,0.38622314,0.4775477,0.66927016,0.481363,0.37420592,0.71629786,0.7459426,0.68344593,0.28334022,0.7484881,0.75731987,0.77638555,0.20831054,0.7829737,0.63410366,0.78476304,0.41145384,Stable
0.41651046,0.38445884,0.47551626,0.66749924,0.47717196,0.36983177,0.71362746,0.7423834,0.6811175,0.28467065,0.75262517,0.7678828,0.7732255,0.20802097,0.784383,0.6282021,0.7841134,0.40912724,Stable
0.4284103,0.37604126,0.4735033,0.6659115,0.47593004,0.36939263,0.714235,0.7446561,0.67802393,0.28249645,0.75824714,0.7767459,0.77400243,0.2045258,0.7835116,0.63716173,0.7828008,0.41121745,Stable
0.42361605,0.37005687,0.4779765,0.6660416,0.47601697,0.36681324,0.7184655,0.74491143,0.6786472,0.2836624,0.7572218,0.7641939,0.7735178,0.20572892,0.7795335,0.63122046,0.78266907,0.40832716,Stable
0.42363435,0.37014818,0.47788137,0.66603994,0.47579437,0.36697063,0.71845245,0.7450471,0.676844,0.28197172,0.7569705,0.76440024,0.7732258,0.20560813,0.77948236,0.6315101,0.7825548,0.40855,Stable
0.4185444,0.37964708,0.47769403,0.66493577,0.47322688,0.37026668,0.7177629,0.7448503,0.6795546,0.27971184,0.74928683,0.75573885,0.7767798,0.21225452,0.78128576,0.63085806,0.7807023,0.40783817,Stable
0.41842145,0.38408947,0.48034805,0.66597736,0.4734211,0.36560124,0.71890104,0.7404429,0.6763505,0.27871504,0.75236243,0.7591824,0.77506083,0.20782778,0.78144395,0.62813187,0.7782948,0.4044778,Stable
0.4125963,0.38180706,0.47816202,0.66466326,0.47963148,0.36296698,0.7206022,0.7406908,0.68264496,0.2760499,0.75298285,0.7581822,0.77692175,0.20787941,0.7786483,0.6208656,0.77900356,0.40667325,Stable
0.41420966,0.38253915,0.4758137,0.6634619,0.48801214,0.36152396,0.7183878,0.74380344,0.688645,0.2719317,0.750699,0.7547445,0.78276503,0.21127802,0.77946466,0.63195443,0.7780436,0.40690315,Stable
0.41411048,0.38256356,0.4759713,0.66354376,0.48811287,0.36137494,0.71854115,0.74375147,0.68876064,0.27177876,0.75063896,0.74675167,0.78278726,0.2117038,0.7796258,0.63185203,0.77808344,0.40687144,Stable
0.41688943,0.37894636,0.47558284,0.6628635,0.49087757,0.357229,0.71803534,0.7432789,0.69405675,0.2701712,0.75916326,0.74379694,0.77161634,0.22069475,0.78637516,0.62987816,0.7835969,0.40808618,Stable
0.4165008,0.37135884,0.47566682,0.6618255,0.4914503,0.35613555,0.71676517,0.7428164,0.702568,0.2608364,0.7558249,0.7452464,0.77200496,0.22005188,0.78305215,0.63207513,0.78524053,0.4178041,Stable
0.4216739,0.37673137,0.47512418,0.6618969,0.49041688,0.35542476,0.7196488,0.7402381,0.7033372,0.26086253,0.7559577,0.74095535,0.7687513,0.21651605,0.7821543,0.6189611,0.7827383,0.4074616,Stable
0.41899502,0.38947827,0.47578055,0.659645,0.4874789,0.35099423,0.7135011,0.73757553,0.6988537,0.2616112,0.7525517,0.73800105,0.7596655,0.22265801,0.78346556,0.6178855,0.78466916,0.4077375,Stable
0.41914046,0.39033675,0.47580945,0.65962994,0.4873918,0.35075256,0.71331924,0.7374139,0.69891644,0.2615775,0.7526243,0.7381115,0.7595649,0.22270146,0.78332514,0.6177854,0.7845754,0.4076601,Stable
0.4179603,0.39875636,0.47573707,0.66037756,0.4881826,0.35651404,0.7068414,0.73409927,0.6814327,0.26438144,0.7537574,0.74302804,0.76257366,0.21178244,0.78541696,0.6174468,0.78374195,0.40656778,Stable
0.41395268,0.40307653,0.47746015,0.6600654,0.4982381,0.35586548,0.6990885,0.7380165,0.7018039,0.26244098,0.7515664,0.7403699,0.763076,0.23487097,0.7901771,0.62547857,0.79006815,0.4091398,Stable
0.41355944,0.39187974,0.47331974,0.65756685,0.49903768,0.3612216,0.708552,0.741086,0.70575833,0.26592094,0.75192523,0.74499834,0.75910985,0.27703336,0.78677034,0.62424594,0.78546023,0.40773162,Stable
0.41527718,0.39889237,0.4723532,0.6587869,0.4961053,0.36400986,0.69342685,0.73878455,0.69708896,0.27145433,0.75022256,0.74890304,0.76316786,0.22243366,0.7873596,0.6306349,0.7875445,0.4096081,Stable
0.4152689,0.3991135,0.47236335,0.6588149,0.49609715,0.36388892,0.6931943,0.7386855,0.6971852,0.27140296,0.7501241,0.7487735,0.7632553,0.22243464,0.7871706,0.63063127,0.7873699,0.4096825,Stable
0.41813433,0.3955766,0.4734423,0.65946406,0.4991134,0.37087637,0.6941824,0.73891723,0.67352,0.2798465,0.75094235,0.74628055,0.7620652,0.22174954,0.7866821,0.62999237,0.7841803,0.4107502,Stable
0.41028807,0.4037302,0.47156367,0.6578714,0.4954606,0.36794502,0.6934396,0.7373804,0.67177266,0.2871195,0.75281566,0.7474226,0.7574278,0.21351907,0.7876754,0.62767786,0.786303,0.41151297,Stable
0.4124235,0.40467304,0.4735427,0.6571418,0.48862478,0.37011433,0.69407725,0.7386298,0.6644606,0.28507102,0.75529873,0.74742526,0.75467795,0.22632787,0.788275,0.6171658,0.78668636,0.40886468,Stable
0.41416943,0.40899402,0.47675762,0.6591115,0.48572263,0.37164807,0.6964525,0.74171984,0.65443975,0.2889494,0.75764555,0.7518313,0.7583076,0.21422935,0.7907649,0.61853564,0.788033,0.40842873,Stable
0.4139684,0.40876457,0.47673392,0.6590792,0.48559135,0.37171352,0.69651794,0.74176705,0.6543541,0.2889493,0.7576415,0.7518639,0.7581996,0.21426806,0.7906909,0.6185871,0.7879593,0.40842503,Stable
0.4112677,0.4075445,0.4757175,0.6597676,0.4847376,0.3713438,0.693203,0.7404233,0.66715956,0.27649075,0.7530476,0.7470493,0.75434226,0.21492198,0.7866459,0.6109645,0.7837088,0.3998657,Stable
0.4138251,0.4099408,0.47502398,0.659868,0.49266884,0.3697666,0.67666334,0.7429246,0.67088735,0.28154266,0.7530098,0.74550426,0.7523839,0.21603781,0.78742504,0.62853646,0.7860619,0.4089334,Stable
0.40588614,0.4077965,0.47653243,0.6604624,0.49556488,0.36499435,0.69189304,0.7420509,0.6772632,0.27983332,0.75039786,0.74863386,0.7577708,0.2162079,0.78693604,0.6331091,0.7858238,0.4125771,Stable
0.4012171,0.40513754,0.4761325,0.658981,0.49725646,0.36823103,0.6957027,0.74389446,0.68092537,0.2771573,0.7524904,0.74960697,0.76522344,0.17532942,0.79119074,0.62646085,0.7918395,0.4089094,Stable
0.4014392,0.40526634,0.476302,0.6591878,0.49751407,0.3682418,0.6955656,0.7438829,0.6809317,0.2770467,0.7525963,0.74961466,0.765032,0.17511147,0.7911286,0.62672055,0.7918069,0.40914607,Stable
0.39900386,0.41320968,0.47708583,0.6604287,0.49991316,0.3652116,0.6948583,0.7433268,0.6847832,0.2773975,0.7507188,0.7506365,0.7603631,0.18260184,0.7892622,0.6297636,0.7891549,0.40948054,Stable
0.40477115,0.4218802,0.48099858,0.6625363,0.49919778,0.37086424,0.69669527,0.74450064,0.6778726,0.28145134,0.7495319,0.7523174,0.76183903,0.19966345,0.7862227,0.62126684,0.7831084,0.40625387,Stable
0.40598175,0.4138653,0.48030075,0.66388935,0.4971342,0.37716243,0.6949953,0.74196625,0.6785888,0.28204906,0.7493899,0.75171775,0.7612342,0.19493368,0.7875073,0.6272773,0.7843604,0.40335518,Stable
0.40467888,0.4236542,0.47995743,0.66207904,0.49928018,0.3775385,0.69687986,0.7435963,0.681044,0.2794696,0.7497184,0.75223947,0.765746,0.18704796,0.7892475,0.63033843,0.7880635,0.40605032,Stable
0.4044751,0.42392707,0.479905,0.6619432,0.49928445,0.37748724,0.6967825,0.7435257,0.68092895,0.2794462,0.7496101,0.75217867,0.76570654,0.18715821,0.7892584,0.63017917,0.78811276,0.4062073,Stable
0.39869833,0.42574117,0.4794159,0.6630175,0.49865064,0.3767024,0.69549525,0.7433423,0.6811659,0.27916527,0.7492366,0.7503828,0.76112914,0.2019487,0.7926847,0.63152003,0.7946869,0.41005325,Stable
0.40199262,0.42557585,0.47798908,0.6606399,0.50192946,0.37039036,0.6980476,0.743394,0.6962723,0.2769279,0.75011873,0.7536962,0.76838803,0.20453678,0.7931627,0.633284,0.79458857,0.40849125,Stable
0.4035828,0.4193405,0.47682047,0.6627023,0.5019203,0.36997885,0.69801426,0.74401563,0.69144595,0.27846685,0.7507976,0.75432074,0.7722533,0.20236044,0.7923631,0.63257504,0.79503286,0.40902394,Stable
0.40413207,0.42097113,0.475955,0.6623043,0.5040629,0.3703478,0.6955644,0.74275106,0.69281334,0.2739062,0.747868,0.75026524,0.7735174,0.19740745,0.7908958,0.62956494,0.79190344,0.4035426,Stable
0.4042108,0.42105335,0.4759066,0.66226196,0.504068,0.37038803,0.69536537,0.7429677,0.69262505,0.2738992,0.74777067,0.750319,0.7732653,0.19745909,0.79094625,0.62963426,0.7920365,0.40361238,Stable
0.40609288,0.41992375,0.474993,0.66263235,0.5015339,0.37227914,0.69110435,0.7443711,0.6893852,0.2777183,0.7495045,0.748716,0.7676124,0.19189185,0.7886785,0.6253883,0.7898679,0.40014634,Stable
0.40299654,0.4160834,0.47338352,0.6598642,0.50326276,0.3710971,0.69196624,0.74179125,0.6882502,0.2762362,0.7502198,0.75240004,0.76868176,0.19501458,0.79115486,0.6241772,0.79039335,0.3897278,Stable
0.40105903,0.41736943,0.47016507,0.6598797,0.5041262,0.37015426,0.6858014,0.73864233,0.69271916,0.27365574,0.748603,0.7583077,0.7653483,0.21367732,0.79097116,0.6294203,0.7907766,0.3996591,Stable
0.40795243,0.42057037,0.46890852,0.6592301,0.5003549,0.37007707,0.6832433,0.742079,0.6893307,0.2717779,0.7492134,0.75544083,0.7620858,0.21432865,0.7867497,0.63188803,0.78610456,0.406353,Stable
0.40792346,0.42080137,0.46893322,0.6591924,0.50024045,0.37007934,0.6829538,0.7423717,0.6893034,0.27183628,0.7492644,0.7555356,0.76190084,0.2148118,0.78670186,0.6318431,0.786072,0.40627855,Stable
0.40943748,0.41987622,0.47066098,0.6608217,0.4999121,0.3708145,0.6808435,0.7460357,0.6867869,0.27437422,0.7500164,0.756221,0.7646854,0.22575144,0.7865419,0.6325548,0.7867179,0.40960872,Stable
0.40706548,0.41721117,0.47128066,0.6602274,0.49772102,0.37567413,0.68572927,0.7438652,0.6790184,0.2816242,0.75175214,0.7489629,0.7660159,0.21643291,0.78554964,0.6325341,0.784553,0.41135883,Stable
0.41400778,0.40548748,0.4691304,0.66252756,0.49638277,0.37842613,0.68601817,0.74416316,0.6805007,0.28254128,0.7500066,0.75595945,0.7648003,0.21354058,0.78709817,0.6338457,0.7870974,0.42115432,Stable
0.4106493,0.40658408,0.47288975,0.6629205,0.49922937,0.3791742,0.6940501,0.74212617,0.68201774,0.28149843,0.7502801,0.75831455,0.75907505,0.2168135,0.7873747,0.63255376,0.7863308,0.4204335,Stable
0.4106413,0.4066711,0.4729513,0.6628541,0.49920052,0.3792146,0.69363636,0.742195,0.6819773,0.28156856,0.7502358,0.75831693,0.759534,0.21678208,0.78754675,0.6326642,0.78654444,0.42047077,Stable
0.41767162,0.41306186,0.47152537,0.6628926,0.49846596,0.37707755,0.6903652,0.7435689,0.6795523,0.2816565,0.75006884,0.7614796,0.7712013,0.21989232,0.7869553,0.63474286,0.7857184,0.41832694,Stable
0.4183564,0.40552425,0.47261518,0.6680163,0.49971277,0.37665546,0.6957118,0.74449,0.68350816,0.28098357,0.7531478,0.7627137,0.7724098,0.21562618,0.7888157,0.6353675,0.7869739,0.41591328,Stable
0.42243597,0.40651894,0.47007704,0.66861814,0.50052994,0.37549934,0.6973497,0.74518293,0.6941108,0.2807539,0.7583067,0.7533951,0.77346563,0.21693906,0.78710073,0.63243645,0.7839683,0.4144542,Stable
0.42046797,0.40495563,0.46781394,0.66616076,0.49937424,0.37811145,0.6936788,0.74547285,0.6934439,0.28562725,0.755861,0.753325,0.7722373,0.21541385,0.78665936,0.6357726,0.78370047,0.40818626,Stable
0.42072615,0.40474218,0.46780702,0.6662751,0.49930573,0.37818855,0.69382066,0.74548984,0.6932894,0.28568238,0.755811,0.75332755,0.77223754,0.21539712,0.78662723,0.63581353,0.78367156,0.40804482,Stable
0.42339155,0.40177125,0.46856093,0.6719055,0.5004647,0.37536204,0.6942594,0.74850607,0.6940238,0.28326344,0.758821,0.77062315,0.7723551,0.21203208,0.7884284,0.63227636,0.785033,0.40641758,Stable
0.42591366,0.40524662,0.4686,0.67176527,0.5030012,0.37552714,0.69375914,0.7476649,0.6943854,0.28609735,0.757822,0.7668408,0.7730922,0.20988944,0.79008305,0.634331,0.7870829,0.4076352,Stable
0.42189845,0.39984152,0.4660556,0.67553496,0.5006863,0.374881,0.6954364,0.7461026,0.69136876,0.29054284,0.7570554,0.7679727,0.7734935,0.20497382,0.78580755,0.64004016,0.7845756,0.4067678,Stable
0.42529118,0.4038999,0.46451437,0.6737788,0.49918938,0.3777345,0.6893732,0.74637127,0.683483,0.2915991,0.7559847,0.76670355,0.77018374,0.20555097,0.78647995,0.6309314,0.7847819,0.40874693,Stable
0.42533824,0.40485102,0.46436685,0.6736169,0.4991061,0.37788284,0.68914074,0.74613106,0.6833588,0.29165918,0.75574434,0.7666346,0.7701106,0.20574348,0.7863114,0.6308783,0.7845851,0.40877897,Stable
0.42697042,0.40084767,0.46528375,0.6720862,0.4992269,0.3781236,0.67852664,0.74270904,0.6829722,0.2919671,0.7509829,0.76357365,0.7721338,0.20723313,0.78598255,0.63166654,0.7855014,0.4067738,Stable
0.42619368,0.39475065,0.46918902,0.67576426,0.5006211,0.3795403,0.68288004,0.74600685,0.68290967,0.2927965,0.7581754,0.76420856,0.7678582,0.2134234,0.78785896,0.63092095,0.787647,0.40950477,Stable
0.4280704,0.38789755,0.46782446,0.67468584,0.50322646,0.37924823,0.68422985,0.7501802,0.6859145,0.2932173,0.7561676,0.76480484,0.7724768,0.21070641,0.78578234,0.6345899,0.787969,0.41922814,Stable
0.42546743,0.38947016,0.46879518,0.6779667,0.50315845,0.37653416,0.6969414,0.75245035,0.69346285,0.2929706,0.7564892,0.762912,0.7767836,0.21006048,0.7841519,0.64066017,0.7869987,0.41347474,Stable
0.42544574,0.38955468,0.4688035,0.6780161,0.5031221,0.3766718,0.6970853,0.752432,0.69334936,0.29299033,0.7565052,0.76275414,0.77655387,0.21028517,0.7841439,0.6406369,0.78698087,0.4136624,Stable
0.4266183,0.3903817,0.46766275,0.67876935,0.49847063,0.3847618,0.6815109,0.7475097,0.67942446,0.2993914,0.7563262,0.7649345,0.75780034,0.229479,0.7791487,0.6390577,0.7813262,0.4147261,Stable
0.4282158,0.39557967,0.46532822,0.67994916,0.5000421,0.3837772,0.6827943,0.74667263,0.6811782,0.29875463,0.75451946,0.7655734,0.75295943,0.24695551,0.780374,0.6414458,0.7820007,0.4214853,Stable
0.4298926,0.39749855,0.4635647,0.6784379,0.50060993,0.38286817,0.6814944,0.74578536,0.684736,0.2948677,0.7516705,0.76324075,0.75163007,0.2487549,0.77950686,0.64238375,0.7820891,0.42184728,Stable
0.42649937,0.39890784,0.46673888,0.68035024,0.5025122,0.3835439,0.68288946,0.7481808,0.6842134,0.29562625,0.7570523,0.7664548,0.7505914,0.24981259,0.78309673,0.6316571,0.7823845,0.41294068,Stable
0.42660648,0.39891368,0.46673167,0.6803205,0.5026828,0.38361162,0.68287706,0.7481753,0.6842067,0.29574832,0.7571835,0.76643085,0.7505381,0.24988884,0.78243005,0.6398139,0.7823371,0.41297752,Stable
0.4256514,0.40051267,0.46653295,0.68113965,0.50320536,0.38556916,0.68086874,0.7484228,0.6826614,0.29827833,0.75307274,0.7659625,0.75246704,0.2326666,0.7849852,0.63936,0.7847437,0.42068332,Stable
0.42484623,0.400341,0.46364948,0.68364036,0.5021732,0.38722345,0.67720413,0.7525717,0.6938119,0.29523087,0.75303924,0.7669617,0.7555391,0.24440561,0.78462166,0.64038783,0.78423333,0.41312176,Stable
0.4243893,0.3957019,0.4645947,0.6811938,0.50000983,0.38577878,0.6739533,0.75143933,0.68635935,0.29491356,0.7577119,0.7672093,0.7648716,0.22745314,0.7841816,0.6409763,0.7885756,0.42254192,Stable
0.42535576,0.3967436,0.4635846,0.679885,0.50055736,0.38384482,0.6707806,0.7515347,0.69329566,0.29741862,0.75409317,0.77001,0.76137584,0.2440053,0.78328073,0.6418084,0.78747606,0.42347836,Stable
0.42531884,0.3965983,0.4635677,0.67987555,0.50050205,0.3838262,0.67103326,0.75161207,0.69317174,0.29751778,0.75405544,0.77009124,0.7613911,0.24398516,0.7832577,0.6417973,0.7874593,0.42348608,Stable
0.42493933,0.39821407,0.4631639,0.68031657,0.5010387,0.38301703,0.67040074,0.75308645,0.6944625,0.2962801,0.75363183,0.7699138,0.7690978,0.22939393,0.7821667,0.6426678,0.78645605,0.42365575,Stable
0.4252844,0.4000923,0.46291512,0.6808294,0.5026404,0.3842727,0.67188495,0.75411487,0.69430697,0.29662615,0.75429773,0.76945084,0.7677796,0.22906137,0.78265357,0.64252293,0.7877766,0.42504573,Stable
0.42612574,0.39988637,0.4646165,0.67997,0.5048063,0.38728732,0.66450655,0.7565417,0.6840142,0.30159023,0.7541985,0.76852095,0.75948787,0.23144668,0.7834744,0.6422606,0.7848498,0.42675167,Stable
0.42859825,0.40094337,0.46604574,0.6804146,0.5041578,0.38771868,0.6712496,0.7556798,0.693391,0.29933637,0.75553024,0.7686996,0.760631,0.22999653,0.78259146,0.6442082,0.78390706,0.42653713,Stable
0.42869076,0.400856,0.46599743,0.6804781,0.5042211,0.38765925,0.6711093,0.7557675,0.6933931,0.29938555,0.7555813,0.7687151,0.76066583,0.23002884,0.7825532,0.6443548,0.78391635,0.42668125,Stable
0.4248925,0.4000785,0.46520847,0.6811377,0.50146866,0.385646,0.67729396,0.7571179,0.6954095,0.29920065,0.75814486,0.7670097,0.76291674,0.23011631,0.7828605,0.64294887,0.7862452,0.42374998,Stable
0.4276242,0.39730346,0.46689138,0.6844467,0.5039753,0.3853236,0.68004704,0.7585844,0.69798464,0.2997236,0.7565683,0.77001476,0.7528657,0.24932522,0.78555006,0.6425723,0.7890081,0.4201954,Stable
0.42732012,0.40119287,0.46750635,0.686716,0.50389755,0.38793597,0.6932875,0.76693344,0.6949689,0.3010618,0.75556964,0.76696587,0.7569288,0.24743974,0.78685915,0.6394548,0.78832763,0.4140055,Stable
0.4233637,0.3973018,0.46888566,0.6875397,0.5044608,0.38871968,0.67971015,0.7606413,0.69594544,0.30110618,0.7539326,0.7672491,0.75981164,0.24673238,0.7865304,0.63963497,0.78859204,0.41489357,Stable
0.4233755,0.39730248,0.46881706,0.68753093,0.50442153,0.38869613,0.67962945,0.7604608,0.69592416,0.30110556,0.75398636,0.7673876,0.75978386,0.24674201,0.7865143,0.6395688,0.7885303,0.41483983,Stable
0.42699838,0.40076405,0.46974215,0.68938446,0.5032507,0.3879763,0.69648206,0.7662568,0.6946551,0.30224806,0.75526917,0.7672634,0.75765896,0.2473833,0.78654337,0.64170325,0.7900514,0.4142948,Stable
0.42766806,0.4041732,0.47028777,0.6899404,0.50451565,0.387986,0.6981956,0.76986086,0.6936032,0.30028808,0.75761235,0.7652725,0.7563188,0.2475705,0.78449225,0.6418351,0.7877859,0.41364676,Stable
0.42664838,0.40243107,0.4695823,0.69104207,0.5046656,0.38713974,0.6965841,0.76133895,0.69675297,0.30134162,0.7578938,0.76579994,0.7573023,0.24629478,0.783425,0.6400351,0.78603834,0.4108374,Stable
0.42305535,0.4008032,0.46969295,0.6877091,0.50527906,0.38751012,0.6951036,0.76285946,0.6984056,0.29956815,0.7555779,0.7682817,0.75754565,0.24745429,0.78473234,0.6414096,0.7865895,0.4101165,Stable
0.4226526,0.40042096,0.4696483,0.68772364,0.5052834,0.38750327,0.69596785,0.76305604,0.69878876,0.29932556,0.7558224,0.76835525,0.7574444,0.24748671,0.7846644,0.64129865,0.78651357,0.41002342,Stable
0.42250845,0.3992109,0.4697287,0.6855501,0.50378406,0.38060257,0.69581527,0.76834655,0.6984916,0.30057365,0.757831,0.7682783,0.7653085,0.22981052,0.78450936,0.64096236,0.7862946,0.41156062,Stable
0.4209792,0.40488482,0.4701202,0.687812,0.50325173,0.38231534,0.6980741,0.77424216,0.69701326,0.3022307,0.75740874,0.7677903,0.76560843,0.22790125,0.78620815,0.64602613,0.7880013,0.42098635,Stable
0.42015642,0.40689886,0.46871835,0.68834174,0.50238657,0.3820477,0.6984209,0.77199954,0.69560874,0.30306813,0.7564721,0.76864696,0.77443206,0.22047165,0.78443575,0.64921206,0.78511953,0.42276415,Stable
0.41931045,0.41036937,0.4675396,0.6878652,0.5029079,0.39418432,0.6954515,0.77033126,0.69627184,0.29942808,0.7565164,0.77089894,0.7773628,0.21529377,0.7881069,0.64449495,0.7880046,0.4223722,Stable
0.4194742,0.4100964,0.46757978,0.68793887,0.50286067,0.394327,0.6955718,0.77049845,0.69620395,0.29940307,0.7565414,0.7709011,0.7771679,0.21549895,0.7882358,0.6444335,0.78815246,0.42233056,Stable
0.41904688,0.40714216,0.47049022,0.6892674,0.50126696,0.38696194,0.7057068,0.77887195,0.6980872,0.30329257,0.7593798,0.7703935,0.7794587,0.21473852,0.78652567,0.65688527,0.7893195,0.4252479,Stable
0.41118884,0.4303406,0.46523434,0.68677795,0.5036594,0.38429984,0.69281524,0.7745132,0.6978034,0.30389038,0.7540259,0.77159655,0.77721405,0.21746032,0.7819352,0.6461582,0.7834384,0.42501318,Stable
0.42086822,0.41656026,0.46587873,0.6940888,0.5010979,0.39367017,0.7013864,0.7813722,0.6918824,0.30802542,0.76375407,0.763915,0.77760834,0.2133652,0.7860269,0.6549746,0.7889964,0.4233712,Stable
0.4224825,0.42515394,0.4651265,0.69682086,0.4967975,0.3979659,0.69660413,0.7811307,0.68454665,0.31110388,0.7637572,0.76987207,0.77534294,0.2175942,0.7869941,0.6543604,0.7901053,0.42468032,Stable
0.42226407,0.42576528,0.46527165,0.6967477,0.4967804,0.3979354,0.696795,0.781183,0.6846852,0.3110609,0.76392305,0.7697053,0.77531374,0.2175325,0.78712744,0.6543596,0.7902558,0.42465228,Stable
0.42780828,0.43157446,0.46971714,0.7041738,0.50481015,0.39810297,0.7022364,0.78577965,0.6976249,0.3096731,0.76268494,0.7799115,0.76776284,0.23478268,0.7888076,0.6595571,0.79534817,0.42897865,Stable
0.42154488,0.43918878,0.4673838,0.7038907,0.50678957,0.40487397,0.7111807,0.7950212,0.69766545,0.31412494,0.7626835,0.7901565,0.7699503,0.23710625,0.7887563,0.65718293,0.7932915,0.42751336,Stable
0.42220926,0.43515155,0.47248524,0.70702446,0.50407445,0.39846593,0.7206199,0.799955,0.70053864,0.313933,0.76141644,0.77457154,0.77102506,0.24312666,0.78949946,0.65933603,0.7926488,0.43217322,Stable
0.42057198,0.4363831,0.47318,0.7074292,0.50261056,0.39884338,0.7214181,0.7984476,0.69841975,0.31722447,0.7700535,0.7816577,0.76213187,0.25369346,0.7906685,0.6591884,0.79344386,0.43205696,Stable
0.42060396,0.4364222,0.47308195,0.70739675,0.502482,0.39897758,0.72136605,0.7982769,0.6983186,0.317191,0.77018684,0.78139853,0.7619808,0.254031,0.79048204,0.6591507,0.7932736,0.43216345,Stable
0.4219192,0.43723342,0.47512734,0.7082032,0.5023844,0.40299115,0.72459793,0.79688096,0.7010546,0.31735274,0.7642647,0.78058815,0.76188225,0.25148356,0.79056334,0.65879184,0.79273313,0.43054736,Stable
0.42251307,0.4357429,0.47090244,0.7155361,0.50284475,0.40626118,0.726143,0.79652,0.70193785,0.3169477,0.7658598,0.7813964,0.7796576,0.23403916,0.7928593,0.66018903,0.7935115,0.43030167,Stable
0.4196961,0.43712664,0.46654123,0.7159461,0.50663704,0.40291342,0.7257496,0.79612994,0.69898224,0.32160962,0.76543736,0.77888596,0.77059937,0.24034946,0.79102576,0.6618657,0.79191685,0.43206894,Stable
0.4192668,0.43810874,0.47265244,0.7169174,0.5033752,0.40147397,0.7276349,0.7979684,0.6991842,0.32076743,0.76617545,0.7752279,0.769216,0.24378479,0.7910184,0.6616607,0.7932023,0.43199986,Stable
0.4195183,0.43824178,0.47271585,0.7168986,0.50351125,0.40154454,0.7277529,0.7979531,0.6991638,0.3207347,0.7660565,0.7752633,0.76911104,0.24401878,0.7910146,0.6616619,0.79317796,0.43213162,Stable
0.4198993,0.4388462,0.47091377,0.7128572,0.5045134,0.40098357,0.73366773,0.80502427,0.70282376,0.31488538,0.76418567,0.7723597,0.7723861,0.23682168,0.7911505,0.6606916,0.7922928,0.43095165,Stable
0.41478294,0.43806577,0.47215766,0.7137262,0.5028056,0.40036768,0.7362234,0.8081991,0.6998652,0.31601402,0.7661408,0.7582935,0.77304834,0.23574242,0.7922689,0.6584146,0.79481685,0.43024337,Stable
0.4128039,0.4386139,0.46967602,0.71428156,0.50285167,0.40128964,0.737621,0.8121385,0.6992003,0.31636786,0.76903266,0.756953,0.7797046,0.22830598,0.7918918,0.6596268,0.7929082,0.42952853,Stable
0.41105145,0.43837678,0.46997342,0.7175747,0.5011677,0.3999829,0.7368221,0.8060453,0.701781,0.31654266,0.7707071,0.75775236,0.77292436,0.24184206,0.7926065,0.6600406,0.7943861,0.42964125,Stable
0.4110754,0.43835545,0.4698494,0.7176595,0.5012111,0.39992496,0.73676795,0.8058568,0.70189637,0.3164158,0.77075976,0.75769824,0.7727806,0.2420446,0.79258484,0.6601796,0.7943548,0.42966187,Stable
0.40889913,0.43765566,0.46997762,0.71586597,0.5029401,0.39927265,0.73718655,0.8037094,0.70116675,0.31625366,0.7667788,0.7523257,0.77353454,0.24146572,0.792379,0.65992534,0.7948719,0.43027756,Stable
0.41134685,0.43771803,0.46970868,0.70998186,0.5036205,0.3967256,0.72637194,0.80464214,0.69760936,0.3139185,0.7663202,0.74531436,0.77281356,0.23315418,0.78939885,0.6583965,0.79216886,0.42829654,Stable
0.4072512,0.43829697,0.46962923,0.7075359,0.50758994,0.39998382,0.7216253,0.8066133,0.7023934,0.3101942,0.76164216,0.761558,0.7818178,0.21177557,0.79081094,0.65738887,0.79263914,0.42836565,Stable
0.40266308,0.43735987,0.4698376,0.7075479,0.5007721,0.39813578,0.7241216,0.80935496,0.70191324,0.30589196,0.7625263,0.7484275,0.78046775,0.20268694,0.78464043,0.6580142,0.78774905,0.4274153,Stable
0.40248722,0.4372695,0.46982884,0.707623,0.50083256,0.3981107,0.72408336,0.80902004,0.7019013,0.30592433,0.7627524,0.7483763,0.7805659,0.20257789,0.7847003,0.658009,0.7877926,0.4273731,Stable
0.40586627,0.43911588,0.46542677,0.70761245,0.504199,0.40197238,0.7207927,0.8043953,0.69501877,0.3002177,0.75623024,0.75023574,0.7789582,0.19898444,0.78894246,0.6599076,0.79365087,0.42664155,Stable
0.39793777,0.43872207,0.46410176,0.7082454,0.5048808,0.40245944,0.72010803,0.80974215,0.6931373,0.2964195,0.7581784,0.753409,0.77695656,0.17297891,0.7857916,0.65783465,0.7912888,0.42516226,Stable
0.39470273,0.43624553,0.46366844,0.70601237,0.5045282,0.39323395,0.72125477,0.81122893,0.69450724,0.2922296,0.75859904,0.74467677,0.7767632,0.15238735,0.7852988,0.65890396,0.793038,0.42498145,Stable
0.3908109,0.43384752,0.4643694,0.7069448,0.50661147,0.4003522,0.7338139,0.82943076,0.6991617,0.2779647,0.761345,0.73184866,0.77666545,0.14646101,0.7898053,0.6566253,0.7958797,0.42636573,Stable
0.3907753,0.43362495,0.46426606,0.70696306,0.5064733,0.40039897,0.73379874,0.82940686,0.69908416,0.2780104,0.7613319,0.73199713,0.7766072,0.14632197,0.7898861,0.65660214,0.79593575,0.42640847,Stable
0.39263487,0.4306745,0.46250746,0.7034318,0.50130713,0.40159887,0.7210574,0.80987597,0.68602824,0.2789868,0.75992405,0.72233474,0.76756775,0.13865127,0.7873881,0.6515364,0.7947504,0.42156023,Stable
0.38974595,0.43509203,0.4570515,0.7066716,0.5059602,0.3979054,0.7241994,0.810301,0.6863009,0.26272708,0.7561819,0.7147243,0.7683155,0.12083914,0.7852149,0.65731156,0.7937996,0.42366624,Stable
0.3908983,0.43401378,0.4566631,0.70974576,0.50213593,0.40166843,0.7324886,0.8129128,0.6754309,0.2668963,0.7666973,0.71220076,0.7667167,0.1174997,0.7851622,0.65573174,0.79197806,0.42510304,Stable
0.39441746,0.43330336,0.45424423,0.7140183,0.50294715,0.4007591,0.7325301,0.8107877,0.6804871,0.26281214,0.76534384,0.7097378,0.76997733,0.102282874,0.7815567,0.6729102,0.79226613,0.42658067,Stable
0.39451492,0.43316162,0.45441267,0.7138246,0.50278556,0.40092418,0.7323348,0.81080884,0.6804628,0.26268536,0.76598495,0.70971,0.7700083,0.10187879,0.78162855,0.67282104,0.79225254,0.42661446,Stable
0.39475402,0.4255912,0.45312476,0.71887076,0.5010313,0.39921987,0.7329256,0.8082355,0.6809459,0.24700856,0.7607138,0.70027226,0.76862216,0.08006114,0.7819676,0.6764676,0.7936579,0.4249197,Stable
0.38104713,0.41937232,0.4548893,0.7178072,0.5000539,0.38926083,0.734132,0.8074703,0.6826817,0.23611653,0.75259966,0.65162003,0.7699703,0.05214907,0.7817873,0.68208206,0.7884187,0.42354736,Stable
0.39998025,0.42368612,0.4557004,0.7172688,0.5005144,0.39703283,0.73148406,0.80643654,0.6839378,0.24529372,0.75536764,0.64972705,0.7689725,0.058271747,0.7820699,0.68068504,0.7893715,0.4255348,Stable
0.39081132,0.42907986,0.46307856,0.7301151,0.5035697,0.39618894,0.7369291,0.8199667,0.68636626,0.25103098,0.7478678,0.6561338,0.7679001,0.060783636,0.78236645,0.69654864,0.7910054,0.42929885,Stable
0.3903501,0.42892998,0.46322688,0.73022217,0.50390637,0.39623293,0.73713344,0.819718,0.6865436,0.25102308,0.7479769,0.65583193,0.7678559,0.060926154,0.7824906,0.6970669,0.79091895,0.42949003,Stable
0.39563042,0.4246386,0.46124995,0.7298881,0.4995786,0.40084898,0.7378494,0.81975484,0.6758299,0.25056207,0.747235,0.64581996,0.7682303,0.059039336,0.7848958,0.6832857,0.79040706,0.42461094,Stable
0.39136133,0.43719527,0.46242318,0.72635865,0.49819896,0.40436482,0.7325208,0.8276427,0.68225014,0.2511127,0.7462477,0.65483063,0.7681209,0.05730412,0.78288233,0.6786606,0.78627384,0.4307724,Stable
0.4002026,0.4293376,0.46256208,0.7292528,0.50164425,0.416329,0.7326383,0.84583986,0.68277377,0.25835007,0.76155365,0.69063324,0.7672957,0.063324,0.7827693,0.6951365,0.7875516,0.44959593,Stable
0.39885938,0.4359734,0.46043855,0.7332449,0.50657135,0.41530913,0.7310401,0.83307374,0.6807756,0.2579456,0.765506,0.69572854,0.7697405,0.066439,0.78292316,0.6836306,0.789562,0.4482956,Stable
0.39894897,0.43577713,0.46015877,0.7335085,0.5065829,0.41534227,0.7313237,0.8332578,0.6807722,0.2577724,0.7653805,0.6957152,0.76951957,0.066328846,0.7828934,0.6836154,0.7894181,0.44835174,Stable
0.39692196,0.43431276,0.45888454,0.734461,0.50540113,0.4096032,0.7347169,0.8469466,0.6896024,0.25540322,0.75640976,0.6623769,0.7713673,0.056611728,0.783905,0.6974289,0.7904289,0.44905055,Stable
0.38792846,0.43450505,0.46161282,0.74092174,0.49937725,0.40820718,0.73924494,0.8445957,0.6906644,0.25502646,0.75708413,0.6991477,0.772948,0.05240082,0.783247,0.7010657,0.79211974,0.44599804,Stable
0.3719647,0.43110847,0.46215492,0.74379677,0.50672305,0.4008653,0.73986286,0.84966797,0.699873,0.24724601,0.7499301,0.6628145,0.77259487,0.055903178,0.7894565,0.704157,0.79754686,0.43463564,Stable
0.3765678,0.43272457,0.45849866,0.7464365,0.5029063,0.40551752,0.741933,0.84379363,0.69644654,0.2534004,0.75694823,0.7268376,0.77732533,0.0673089,0.7934947,0.71885896,0.7994834,0.4471556,Stable
0.37671763,0.4329959,0.4585378,0.746433,0.5030555,0.4055166,0.7419754,0.84378594,0.6966504,0.25333917,0.7566987,0.72667694,0.77212834,0.073208086,0.7934746,0.718979,0.7994709,0.44737884,Stable
0.37614748,0.43612874,0.458706,0.74768084,0.5061942,0.40272328,0.75014466,0.8534572,0.6981211,0.25097042,0.75950694,0.7467665,0.7752117,0.07893677,0.79846686,0.72047704,0.80399466,0.4513131,Stable
0.37616414,0.43566012,0.4571391,0.7484926,0.50146294,0.4073245,0.74179643,0.8441226,0.69677246,0.24868518,0.7613413,0.73536587,0.77710474,0.06134638,0.7963129,0.71912044,0.8035962,0.45154023,Stable
0.37668407,0.44020945,0.45670664,0.7475464,0.5063264,0.40858895,0.7424462,0.8564292,0.6916415,0.25267208,0.757787,0.73726606,0.7758293,0.07874106,0.795231,0.71876615,0.8027946,0.45237982,Stable
0.3817711,0.44703162,0.45511943,0.7487453,0.5023065,0.41380402,0.74246967,0.8694939,0.6955113,0.25189298,0.7550401,0.7456085,0.7754478,0.07778631,0.7954499,0.720128,0.80239856,0.45373484,Stable
0.3817384,0.44651565,0.45543954,0.748774,0.50221765,0.41393113,0.74245614,0.8695177,0.69550055,0.2520597,0.755074,0.74571127,0.77554387,0.07788079,0.795402,0.71999,0.80242836,0.45364055,Stable
0.39046055,0.45044774,0.45551276,0.75586224,0.50578344,0.4157831,0.7371856,0.8681592,0.6891102,0.25812322,0.7544901,0.74365914,0.7791462,0.093376935,0.78586495,0.7199067,0.7976715,0.45424375,Stable
0.38862276,0.45267898,0.45118582,0.7565276,0.50699985,0.41869593,0.73436844,0.86661637,0.6886976,0.25997818,0.75738394,0.74176663,0.7778338,0.08835755,0.7879602,0.7193874,0.79864645,0.45456022,Stable
0.3819456,0.44678652,0.45260403,0.7604126,0.50567347,0.4183832,0.7408968,0.8665218,0.68776345,0.25678653,0.76193845,0.73962665,0.77872527,0.084845476,0.79508984,0.7200391,0.8025285,0.45626324,Stable
0.3768892,0.45515546,0.44925234,0.7634648,0.49493486,0.4219452,0.7373802,0.8687149,0.6844009,0.26193124,0.76103663,0.7360288,0.7777885,0.08770188,0.7913305,0.71832883,0.8003948,0.45323873,Stable
0.37701628,0.45509574,0.44924045,0.7633047,0.4949344,0.4218312,0.7376478,0.86877346,0.68462586,0.26170307,0.7612402,0.735408,0.7777703,0.08743286,0.79151094,0.7183138,0.8005523,0.4530303,Stable
0.3712185,0.45864886,0.45239067,0.76521933,0.49756956,0.42626715,0.7338747,0.86906666,0.6824267,0.27020913,0.7667121,0.739972,0.7741003,0.11647799,0.7935728,0.7192553,0.794544,0.468989,Stable
0.37685764,0.45542377,0.45300683,0.7690119,0.49967122,0.42582783,0.73462814,0.86924994,0.68341506,0.26777458,0.75957775,0.7345464,0.77422225,0.115952104,0.78461623,0.7066161,0.7929215,0.46484312,Stable
0.3721103,0.45741397,0.4545043,0.76712656,0.49972123,0.4269683,0.736051,0.8702469,0.68079823,0.2695014,0.7554412,0.69809335,0.778186,0.087013565,0.78589195,0.706686,0.79234505,0.4655344,Stable
0.36626112,0.46255153,0.4510911,0.7699582,0.5007586,0.4279123,0.7355489,0.8681297,0.68099546,0.27509123,0.7603713,0.7362579,0.776531,0.09119764,0.789339,0.7086114,0.79749125,0.46961066,Stable
0.36634013,0.46279752,0.4510181,0.76986635,0.5007535,0.42793375,0.73547953,0.86816925,0.68102026,0.2750252,0.7603738,0.7362205,0.77660894,0.09101786,0.7893624,0.7085635,0.79748046,0.46962926,Stable
0.37534055,0.47352144,0.4600606,0.77443546,0.49979067,0.43222117,0.7358259,0.8755989,0.67581797,0.28388092,0.7563752,0.69208074,0.7768738,0.08705618,0.7909348,0.72118855,0.7928381,0.47000676,Stable
0.36858258,0.47583473,0.45715556,0.77335805,0.5019846,0.43212837,0.73253787,0.86844313,0.6819341,0.27482674,0.76185054,0.6893171,0.77450824,0.07298919,0.79438066,0.72690153,0.79710174,0.47093782,Stable
0.36884463,0.47634467,0.45414767,0.7761195,0.49781558,0.43598992,0.7375183,0.8766613,0.6823118,0.28042108,0.76333,0.6870738,0.77397597,0.07176377,0.79674435,0.7242412,0.79889834,0.47445297,Stable
0.36951396,0.47667867,0.44801077,0.78232545,0.4897129,0.43593603,0.7366321,0.8704323,0.6781342,0.28761446,0.76598495,0.68558973,0.7744205,0.08013391,0.7971193,0.72547454,0.79847085,0.47335035,Stable
0.36933327,0.47667462,0.44802982,0.78239346,0.48966265,0.43595856,0.7371234,0.8703934,0.67837477,0.287582,0.7659682,0.6853959,0.77446187,0.0801213,0.7972667,0.7257147,0.7986312,0.4734964,Stable
0.3698989,0.4774418,0.4505316,0.78730345,0.49342024,0.43882892,0.7385328,0.87988174,0.6821927,0.27990627,0.76375604,0.6863878,0.7727465,0.0768757,0.8094114,0.74404657,0.8007914,0.4751092,Stable
0.36558875,0.47430262,0.45308518,0.7879638,0.49314845,0.4434191,0.7415671,0.87807214,0.6785195,0.28532186,0.76508397,0.6865909,0.774785,0.08428687,0.8036896,0.7348045,0.8013791,0.48616087,Stable
0.36769208,0.47790784,0.45273978,0.7838652,0.48996526,0.44254875,0.7402177,0.87590235,0.6753415,0.2917748,0.76763403,0.68652797,0.7740766,0.085837565,0.810738,0.7307226,0.8012004,0.47499985,Stable
0.36871815,0.47539732,0.45067996,0.7856888,0.48726007,0.44065267,0.73842704,0.8714015,0.67462456,0.29041827,0.763136,0.67981184,0.77342343,0.08355599,0.80014795,0.71800435,0.7997701,0.47303113,Stable
0.36895356,0.47541887,0.45056313,0.7858317,0.487236,0.44083938,0.7383833,0.87144995,0.6744895,0.29051256,0.7630477,0.68017375,0.77340174,0.08377187,0.80003643,0.7177653,0.7996042,0.4728155,Stable
0.36675227,0.47607884,0.45411402,0.77938503,0.4878963,0.44095075,0.73884857,0.86983365,0.67351687,0.2870138,0.76491994,0.6881549,0.7708416,0.09156948,0.7984431,0.71620584,0.798702,0.4731651,Stable
0.36366665,0.47982448,0.45507562,0.7799797,0.488376,0.4396975,0.74043095,0.87105596,0.67559993,0.28350025,0.7665478,0.6872479,0.77176476,0.081116915,0.8010761,0.7190683,0.8000888,0.48583075,Stable
0.36164647,0.4797221,0.45228764,0.7809715,0.48567677,0.4444902,0.73869646,0.8723332,0.6784184,0.28486323,0.7645174,0.6903564,0.77168393,0.07882726,0.79966795,0.7185472,0.79924345,0.487893,Stable
0.36313123,0.48321936,0.4538122,0.776396,0.48900306,0.439978,0.7316813,0.87901366,0.6840267,0.2816977,0.763603,0.70153844,0.7751088,0.08146592,0.7969928,0.7159702,0.79725856,0.48439667,Stable
0.36307865,0.48352596,0.45393735,0.7762326,0.48899326,0.43995258,0.7322077,0.8790335,0.6839819,0.28175372,0.76372945,0.70174134,0.7751049,0.08145501,0.79705703,0.7158667,0.79745114,0.48446488,Stable
0.36058998,0.47857141,0.45007533,0.77651834,0.4844912,0.4459507,0.7304766,0.8776456,0.67526484,0.29249442,0.76347065,0.70876664,0.77539563,0.08729856,0.79596424,0.7149853,0.7962903,0.4852491,Stable
0.36499974,0.48136935,0.44742593,0.777212,0.4849493,0.44354364,0.72773564,0.8794026,0.6784557,0.29349408,0.75925577,0.7057516,0.7703714,0.10001658,0.79522437,0.7251971,0.7938224,0.48418212,Stable
0.36936796,0.4826814,0.44707638,0.7782783,0.48642057,0.4432788,0.7288422,0.8766658,0.6790353,0.29173207,0.76232326,0.7054467,0.772504,0.10066455,0.79454774,0.71848154,0.7958085,0.48589033,Stable
0.3595495,0.47542644,0.45003352,0.77890086,0.49208277,0.43645114,0.73766184,0.8854105,0.6849917,0.2851308,0.76614654,0.7025739,0.77269316,0.09491913,0.79867184,0.71511,0.80069226,0.47541934,Stable
0.35946724,0.47537148,0.4500992,0.77908796,0.49207255,0.43630525,0.7377414,0.8853637,0.68496215,0.28510076,0.7661488,0.7022309,0.7727028,0.095008485,0.7987265,0.71492636,0.8006679,0.4752879,Stable
0.359262,0.4863767,0.44822204,0.78213686,0.4925859,0.4395274,0.73801005,0.8771194,0.67702353,0.2930817,0.76963055,0.7049779,0.77249444,0.119464695,0.8038732,0.7187197,0.8010122,0.48554307,Stable
0.35851973,0.49477154,0.4485454,0.7825768,0.49082798,0.43942952,0.7386098,0.87250924,0.6733465,0.29756266,0.7686955,0.70511377,0.7613079,0.16323316,0.80026126,0.7177071,0.7993181,0.48785216,Stable
0.3563189,0.49344048,0.44487652,0.7839708,0.4911806,0.4391702,0.7417078,0.8778688,0.6758196,0.2941717,0.76757514,0.7013125,0.7723558,0.116833866,0.8122265,0.7312032,0.8010392,0.48790985,Stable
0.35842383,0.49313712,0.44580698,0.7838737,0.48915827,0.43982536,0.7425105,0.87772554,0.67379975,0.2941716,0.76764464,0.69993395,0.7610496,0.16115192,0.8044734,0.7218713,0.80099005,0.4860186,Stable
0.3583134,0.49332732,0.44578314,0.7837912,0.48924702,0.4398434,0.74228233,0.87814426,0.6738176,0.29411027,0.7677828,0.6997987,0.7610097,0.16114563,0.8046495,0.7222559,0.8010167,0.48602104,Stable
0.35830936,0.49326086,0.44622213,0.780529,0.48967272,0.44167626,0.7420067,0.8767914,0.67179346,0.2965466,0.7694603,0.6825909,0.7614719,0.16163036,0.8127264,0.7215586,0.80188715,0.4865032,Stable
0.35743663,0.494977,0.4436408,0.78475565,0.48927078,0.44153044,0.7409464,0.8744054,0.67270464,0.2949798,0.7653686,0.6794016,0.7729825,0.12242524,0.8103833,0.7198214,0.80073476,0.48610458,Stable
0.3583899,0.49617445,0.44481263,0.78513116,0.48668283,0.44283792,0.74029964,0.8750386,0.6685457,0.29831535,0.7685052,0.7043102,0.7721314,0.12340078,0.8087863,0.7204787,0.7992585,0.48759013,Stable
0.3608373,0.49683,0.44619906,0.7874949,0.48283935,0.44852877,0.7405202,0.8738444,0.6667422,0.2978071,0.76741236,0.7041101,0.7514457,0.16965804,0.8009054,0.7180126,0.79715073,0.48674238,Stable
0.36077178,0.49649304,0.44652265,0.78761363,0.48285884,0.44848046,0.7405917,0.8737831,0.6668203,0.2976979,0.76742625,0.7041396,0.75131726,0.16981225,0.80097723,0.71823525,0.7971877,0.48669785,Stable
0.35946733,0.4994036,0.44781694,0.7894377,0.48332557,0.45189917,0.7421956,0.87640804,0.6658529,0.30439043,0.7703103,0.6860492,0.7577143,0.14795709,0.8051424,0.7248756,0.79869056,0.48797303,Stable
0.35887632,0.49908173,0.44729996,0.7915729,0.4854028,0.44281697,0.74395764,0.8763535,0.67290103,0.29351532,0.7698157,0.70519686,0.7759709,0.119648,0.8160049,0.7277912,0.803017,0.48869324,Stable
0.35630566,0.49761578,0.44861436,0.7871083,0.48624238,0.44506693,0.7420074,0.87422466,0.6690074,0.2958675,0.77031505,0.7055836,0.75864387,0.16393046,0.80767095,0.7277633,0.80219096,0.4914667,Stable
0.35803676,0.5023043,0.45291314,0.78708446,0.48467562,0.43963158,0.7421752,0.8730483,0.6693582,0.29714456,0.7708385,0.70705813,0.76035756,0.16266327,0.8124707,0.72205627,0.7998508,0.48534882,Stable
0.35825798,0.50278056,0.4526506,0.7872107,0.4846573,0.43967912,0.7422418,0.8729648,0.6691243,0.29731318,0.770746,0.7070002,0.76041836,0.16270766,0.8125365,0.7219824,0.7999518,0.48539162,Stable
0.35666084,0.49811623,0.45119298,0.78836507,0.4818276,0.4464938,0.74038005,0.87087476,0.66978,0.2965121,0.76766294,0.70770156,0.76189154,0.1651151,0.8014416,0.7119255,0.79542375,0.47365043,Stable
0.3583868,0.5058502,0.44706818,0.78587925,0.48172837,0.4433136,0.7400552,0.8759641,0.6645002,0.30317456,0.7647039,0.7312968,0.7569408,0.17055385,0.8021914,0.7198261,0.7964357,0.4826045,Stable
0.36094952,0.51239026,0.45031357,0.78237474,0.48507774,0.4388786,0.74119854,0.8712806,0.6634098,0.30761218,0.7632972,0.72800744,0.7624349,0.16579658,0.80081743,0.7202651,0.79428256,0.48576626,Stable
0.35941848,0.5089749,0.45408022,0.7761183,0.4864349,0.43215832,0.7419819,0.87219405,0.6674452,0.29582232,0.7651783,0.72632825,0.7643761,0.15144968,0.80107677,0.7057013,0.79656875,0.46896085,Stable
0.35945365,0.5090929,0.45399797,0.7762269,0.4863727,0.43214506,0.7419288,0.8721394,0.667335,0.29585806,0.7651505,0.7263895,0.76437306,0.15141454,0.80102766,0.7058226,0.7964871,0.4689921,Stable
0.35871753,0.5075944,0.4531747,0.77539706,0.4848503,0.43386087,0.74206877,0.86822456,0.6672654,0.29356948,0.76415336,0.70295876,0.764737,0.14615777,0.80015194,0.7031988,0.7976455,0.4708012,Stable
0.3605245,0.51342446,0.45546898,0.77630776,0.48164344,0.43971646,0.734842,0.86177415,0.6671401,0.29695126,0.7603423,0.73025167,0.76609886,0.14609623,0.7960385,0.70131457,0.7950086,0.468696,Stable
0.3618402,0.51505744,0.4580974,0.77164173,0.48665428,0.4358699,0.7302817,0.8623593,0.67318046,0.2928434,0.7597816,0.7206056,0.7675433,0.14394616,0.7957453,0.6974363,0.79568714,0.4693677,Stable
0.36118314,0.5111913,0.4612078,0.7641256,0.48078197,0.4397852,0.7253287,0.8549177,0.6749668,0.29203212,0.76370347,0.73249835,0.76710165,0.14452499,0.80027694,0.7013842,0.7967736,0.46983072,Stable
0.36134192,0.5111196,0.46128032,0.7640059,0.4807175,0.4398185,0.72546005,0.8550195,0.67489123,0.29194158,0.76364887,0.732485,0.7668845,0.14417094,0.80038273,0.7011428,0.79695094,0.4696525,Stable
0.3613808,0.51292074,0.4627459,0.75910324,0.4906373,0.43400726,0.7309768,0.84710324,0.6849929,0.28781044,0.7640469,0.7211456,0.77743924,0.13572808,0.8002598,0.68721974,0.80122435,0.45766002,Stable
0.35931295,0.5127356,0.46169338,0.7524282,0.4968072,0.42545378,0.73658204,0.84475946,0.69362587,0.27738017,0.7654376,0.7275585,0.7664484,0.19958697,0.8042247,0.69448054,0.80526304,0.45499146,Stable
0.35980105,0.5048858,0.46324286,0.750472,0.49458754,0.42871833,0.7379095,0.84105515,0.6826541,0.29492712,0.758824,0.7278869,0.76940626,0.19231665,0.79582894,0.6842319,0.7971474,0.45531142,Stable
0.35676414,0.51056826,0.46735597,0.74506783,0.49291512,0.43113136,0.7338292,0.8329188,0.6889355,0.29247126,0.76019645,0.7225795,0.7709894,0.19961548,0.7927982,0.68204254,0.7974199,0.4534311,Stable
0.3571037,0.5101625,0.46478647,0.74531525,0.49288368,0.43127054,0.73366684,0.83296955,0.688812,0.29292947,0.76019824,0.72342014,0.77104896,0.1997062,0.7929935,0.68191665,0.797549,0.45326495,Stable
0.35894877,0.5038836,0.46684074,0.74376655,0.49114275,0.4291062,0.73034775,0.8294295,0.6814417,0.2959718,0.76151025,0.727546,0.77249926,0.20111847,0.7925172,0.67901075,0.7951691,0.45228884,Stable
0.36422914,0.49832696,0.46992025,0.74407125,0.48909897,0.43150327,0.72530985,0.8304097,0.6739044,0.30773348,0.7655839,0.7122397,0.77161306,0.1987493,0.79306525,0.68044865,0.7902839,0.44838947,Stable
0.36816916,0.50236726,0.46659088,0.7343681,0.49122462,0.43562818,0.7254294,0.83064955,0.6782374,0.3173712,0.76345706,0.70541686,0.76983464,0.20571378,0.7884903,0.67682505,0.78966874,0.45311376,Stable
0.3821143,0.49261856,0.46857822,0.732237,0.4884208,0.4301719,0.7233154,0.82971275,0.6774001,0.314515,0.7634658,0.707531,0.7660825,0.21086717,0.7934214,0.67659444,0.7926764,0.450553,Stable
0.3820184,0.49276614,0.46868044,0.732203,0.48839304,0.43021497,0.72350264,0.82972497,0.6774785,0.31445384,0.76329577,0.70719457,0.76607406,0.21089652,0.79361194,0.67643607,0.7928521,0.45049542,Stable
0.3722098,0.48389512,0.4713008,0.72714055,0.49425447,0.421313,0.7390139,0.82950044,0.68060446,0.30662042,0.75968,0.6630959,0.7643747,0.21218958,0.78868973,0.6635228,0.79373205,0.4469617,Stable
0.3793622,0.47996756,0.4676764,0.71422714,0.49252278,0.41814405,0.7386343,0.8260407,0.6762728,0.3130075,0.76279294,0.66065,0.76580286,0.20847645,0.7881829,0.65767694,0.79053015,0.44534776,Stable
0.38288927,0.4753867,0.46402866,0.71328586,0.48837203,0.4151698,0.73431534,0.8095867,0.67925465,0.3111283,0.75767124,0.6456956,0.7645268,0.20132044,0.77833337,0.65482295,0.78300893,0.44098255,Stable
0.38244492,0.47807765,0.4674817,0.71335816,0.48994136,0.41458076,0.7262989,0.8078269,0.68173563,0.31098187,0.7593124,0.6634978,0.7595142,0.22388034,0.77738136,0.65749836,0.78372884,0.44062492,Stable
0.38244364,0.47838497,0.46746036,0.71324587,0.4898733,0.41446227,0.7262971,0.8078052,0.68124646,0.31144887,0.7593411,0.6634937,0.75919646,0.22435012,0.77742183,0.65731025,0.7838377,0.4406125,Stable
0.38014257,0.48684555,0.47381303,0.71481574,0.49527508,0.41899404,0.72309303,0.8113391,0.6848638,0.30995125,0.7598983,0.6738765,0.7666359,0.21150017,0.7866398,0.66174674,0.7898251,0.44585782,Stable
0.3845998,0.48842394,0.47774062,0.7205813,0.49830502,0.42291015,0.73040354,0.8147261,0.67977476,0.31563357,0.7565851,0.69189715,0.7649009,0.19683802,0.7889019,0.65817666,0.7913396,0.44250092,Stable
0.38079548,0.48908612,0.4820765,0.7208295,0.49869454,0.4191608,0.7358141,0.81750333,0.67601705,0.31855118,0.7625979,0.68444055,0.7713346,0.22642976,0.79161894,0.6607488,0.79292023,0.44693345,Stable
0.37725472,0.49213764,0.4852209,0.7220699,0.4997625,0.42821428,0.7331824,0.80436695,0.67148495,0.322002,0.75746286,0.69225967,0.76885426,0.20121065,0.79106605,0.65921766,0.79431176,0.44463682,Stable
0.3773818,0.4924134,0.4853071,0.72196233,0.49980795,0.4279989,0.73327345,0.8043872,0.6715233,0.322022,0.7575265,0.692377,0.76888245,0.20105003,0.7911725,0.6592492,0.79435104,0.44468284,Stable
0.37529582,0.50798076,0.48680314,0.72378504,0.49861598,0.4271931,0.7244811,0.7990956,0.6724564,0.31980854,0.7558564,0.7141215,0.7681581,0.22572422,0.78955925,0.65328646,0.7906722,0.4380486,Stable
0.37098628,0.5118785,0.48909837,0.7203917,0.49710578,0.4287146,0.7239444,0.7953252,0.6677996,0.3180925,0.754908,0.7146566,0.76547444,0.20532326,0.794126,0.65351444,0.79360044,0.4398682,Stable
0.37344524,0.51670265,0.48559308,0.71469104,0.49715957,0.42221054,0.72631145,0.79586524,0.6612283,0.31587234,0.7497766,0.7410431,0.76649845,0.22744247,0.79056877,0.654245,0.7938101,0.43681607,Stable
0.37666625,0.5143908,0.48746774,0.7141243,0.49129778,0.42769706,0.72797334,0.7887652,0.65361845,0.32469362,0.7501645,0.69691885,0.76734793,0.21558605,0.7893886,0.6520171,0.7927488,0.43899596,Stable
0.37699124,0.51443714,0.4874165,0.71410775,0.4912756,0.42786556,0.7280333,0.7888772,0.65358543,0.3247497,0.75019395,0.6966742,0.7675061,0.21565515,0.78935635,0.6519064,0.79276437,0.43897164,Stable
0.37638474,0.5144071,0.48542804,0.7100224,0.489629,0.42462227,0.72082424,0.7889811,0.6536723,0.3210801,0.7471329,0.74708384,0.7608782,0.23810457,0.7862179,0.6514824,0.79140013,0.4361442,Stable
0.376867,0.5127286,0.49184006,0.70949763,0.49143407,0.4245878,0.7272498,0.79117054,0.6563108,0.32011467,0.74622595,0.71995324,0.7664496,0.2294766,0.7882339,0.6501975,0.7927228,0.43777272,Stable
0.37537953,0.51705134,0.48962438,0.704045,0.48909158,0.4225971,0.7243779,0.78818035,0.65289646,0.3196064,0.7514994,0.74234027,0.76728934,0.23354778,0.7866657,0.6479577,0.79354954,0.43560168,Stable
0.37681168,0.51507616,0.48821265,0.7051394,0.49087867,0.4213651,0.7217214,0.78053033,0.65449876,0.31857723,0.7553398,0.7467877,0.77104324,0.23418556,0.78749526,0.6406534,0.79373276,0.43449366,Stable
0.37675154,0.5149539,0.48818117,0.7050852,0.4908322,0.42145377,0.7212827,0.7805652,0.6542039,0.3186376,0.7553117,0.7475792,0.7707828,0.23389325,0.7870642,0.640439,0.7933559,0.43427318,Stable
0.3774029,0.5117576,0.4884803,0.69788396,0.48834467,0.4198992,0.72840834,0.7886707,0.6544657,0.32024777,0.74643797,0.7283408,0.7677085,0.2527626,0.7851023,0.6429132,0.7918974,0.43464804,Stable
0.37722564,0.51132256,0.48648083,0.691606,0.48987553,0.41642803,0.7231561,0.7792951,0.6615871,0.31616798,0.7512686,0.75074744,0.7656944,0.26041913,0.78875893,0.6335122,0.7929763,0.4303777,Stable
0.37628716,0.502676,0.4861785,0.68699974,0.49271852,0.41507253,0.7162518,0.7823571,0.6616474,0.31799084,0.7542569,0.7294437,0.76068926,0.28082994,0.78881425,0.63181174,0.7913333,0.43111992,Stable
0.37658247,0.5030294,0.48600465,0.6870614,0.49257493,0.4151177,0.7160555,0.78234404,0.661663,0.3179657,0.7541763,0.72973007,0.76091594,0.28094622,0.788599,0.63185585,0.7912482,0.43135935,Stable
0.37602672,0.50040656,0.48758718,0.6817505,0.49366248,0.4127835,0.71604264,0.7810153,0.66432786,0.3137809,0.74678576,0.7563745,0.75757766,0.2786836,0.78546655,0.63166404,0.7897803,0.43146595,Stable
0.38134012,0.49840665,0.488648,0.6818749,0.49343094,0.41186565,0.7164921,0.7792358,0.66633004,0.308307,0.7472153,0.7705463,0.75330114,0.280954,0.7830944,0.6292024,0.7878162,0.4291318,Stable
0.38194323,0.49710625,0.4872949,0.6813288,0.4931948,0.41223007,0.7166277,0.78100914,0.67603064,0.30561137,0.75040936,0.7680876,0.76273096,0.27576378,0.7853653,0.6295049,0.7910147,0.43029183,Stable
0.38269505,0.49652064,0.48968565,0.68152606,0.493989,0.41247046,0.714154,0.7813038,0.6767687,0.31069875,0.7508961,0.7679057,0.7718405,0.28285557,0.78803706,0.6300552,0.7920095,0.4330492,Stable
0.38234192,0.49630702,0.4896496,0.68154925,0.49403724,0.4122609,0.714347,0.7811775,0.6764245,0.31096935,0.7510184,0.7681932,0.7717116,0.2828931,0.78813493,0.6299239,0.7920754,0.4329325,Stable
0.3822167,0.49667048,0.4893783,0.68089455,0.49351916,0.4141278,0.70931023,0.7799691,0.66817987,0.31686097,0.75926435,0.7819853,0.75044477,0.2974308,0.7855123,0.63031495,0.78814256,0.43383807,Stable
0.3813159,0.5021025,0.48983094,0.6793989,0.4920002,0.41757032,0.7043625,0.7838992,0.66593915,0.3256595,0.7487301,0.7703201,0.75003684,0.31037194,0.7883382,0.6347437,0.78903913,0.44097787,Stable
0.37666988,0.5104221,0.49048185,0.68275756,0.4931203,0.42294258,0.70184994,0.78739846,0.66518915,0.3273948,0.7602054,0.79986644,0.74543977,0.32032016,0.7866,0.64027023,0.78889817,0.44416758,Stable
0.3784082,0.5136994,0.4895302,0.6896121,0.49396312,0.4273367,0.7051128,0.7962622,0.667047,0.33287546,0.7584994,0.8056017,0.74727,0.34396338,0.7871318,0.64588195,0.7907707,0.4586649,Stable
0.378335,0.51374066,0.48945332,0.6895401,0.49405488,0.42736503,0.7051543,0.79617137,0.6671755,0.3328901,0.7586552,0.805263,0.7473533,0.34375304,0.7871477,0.6458589,0.79080003,0.45878777,Stable
0.37910816,0.51840657,0.49046406,0.6980765,0.48824328,0.43223667,0.6987373,0.8009628,0.6720519,0.34072292,0.7695838,0.821331,0.75669634,0.35443056,0.7872063,0.6612571,0.7914659,0.47706926,Stable
0.37733456,0.52046335,0.4883568,0.6987355,0.48889446,0.43198964,0.69022816,0.7990463,0.6785393,0.35170096,0.771721,0.83598703,0.75214577,0.3790327,0.78076196,0.66274023,0.78634995,0.48088324,Stable
0.37462085,0.52180606,0.48883992,0.7025007,0.48773265,0.43574482,0.680271,0.801558,0.6810362,0.3628447,0.76396084,0.84967816,0.75329936,0.38426742,0.7785854,0.66939414,0.7807128,0.4855451,Stable
0.37332267,0.5253042,0.48796365,0.7016825,0.4860338,0.43656266,0.68838155,0.8043568,0.66978,0.36487842,0.7668716,0.85578746,0.7369385,0.38579625,0.77877176,0.67196697,0.78024507,0.48796877,Stable
0.37309575,0.5254801,0.48803657,0.70161426,0.48612148,0.43647778,0.68855137,0.8045336,0.6694888,0.3649004,0.7669725,0.8558247,0.7369261,0.38592082,0.7789075,0.67197955,0.7803744,0.4879772,Stable
0.37489185,0.5292915,0.49095103,0.70949644,0.4850622,0.4377874,0.69397825,0.8174995,0.66676015,0.36722204,0.7630398,0.8556808,0.74846834,0.38400745,0.78160584,0.675612,0.7836791,0.48948187,Stable
0.3743386,0.53522813,0.48925993,0.7172495,0.4847328,0.44104287,0.68223035,0.812287,0.6773059,0.37196705,0.7639484,0.8557242,0.7582756,0.42187864,0.7832669,0.68305063,0.78539324,0.49215794,Stable
0.3778894,0.5353709,0.49003506,0.7201427,0.4830882,0.4416822,0.69552875,0.818912,0.6775627,0.37478292,0.77127314,0.86928165,0.75919414,0.41765785,0.78230995,0.682404,0.7844713,0.49402806,Stable
0.37757808,0.538703,0.49019954,0.7254073,0.48153216,0.4470657,0.6950507,0.81748354,0.6737086,0.38114524,0.77270937,0.8650608,0.7569448,0.42138344,0.7820678,0.6855094,0.78403276,0.49705034,Stable
0.3775499,0.5386734,0.4901881,0.7253511,0.48148,0.4469852,0.6948466,0.8173911,0.67403996,0.3810873,0.7726392,0.86487144,0.75691116,0.42147416,0.78199255,0.685471,0.7840245,0.49698704,Stable
0.37501913,0.545421,0.4938864,0.72957766,0.4820524,0.45094055,0.6940698,0.82477546,0.67459655,0.38380605,0.7641226,0.8570477,0.7598381,0.4246812,0.7839887,0.6905477,0.7842338,0.50477266,Stable
0.37635538,0.55396867,0.4926558,0.73341405,0.4806646,0.4545529,0.7007572,0.83444923,0.67378366,0.38707003,0.7759301,0.8780416,0.74889654,0.42307755,0.7844683,0.69225335,0.78558534,0.50660527,Stable
0.37362915,0.5593276,0.4955153,0.73582184,0.48256713,0.4566157,0.70331323,0.83056754,0.67693347,0.39391667,0.75974196,0.8567848,0.74678147,0.4168734,0.78506577,0.6940076,0.7850764,0.50313306,Stable
0.3720847,0.562616,0.4925866,0.73844373,0.48188937,0.4596122,0.70135474,0.83849394,0.6776046,0.39381063,0.77015114,0.8859462,0.74512374,0.42096254,0.78432506,0.69613314,0.7852998,0.51013255,Stable
0.3721426,0.5626135,0.49260604,0.73857427,0.48197147,0.45964718,0.70140356,0.8385551,0.677652,0.39378536,0.7701668,0.88574374,0.74486387,0.42043146,0.78424585,0.69627255,0.7852742,0.5101217,Stable
0.37264043,0.5604428,0.48908064,0.74147916,0.48029882,0.4650104,0.7004928,0.84046555,0.6843405,0.39891812,0.76328194,0.8765285,0.7643501,0.438236,0.7857387,0.70408416,0.7875687,0.5125936,Stable
0.3723501,0.55842423,0.4870969,0.7462156,0.48049736,0.47237036,0.686883,0.8344211,0.68421185,0.40397486,0.7669954,0.8760969,0.7564223,0.43553314,0.78126764,0.7074268,0.78387296,0.51508576,Stable
0.37251958,0.56217575,0.4846546,0.74639153,0.4822731,0.4745143,0.6969754,0.84360236,0.68206805,0.40869555,0.774956,0.8791325,0.75210655,0.4375012,0.78398585,0.7109716,0.7845081,0.5250925,Stable
0.37449676,0.56956625,0.4875698,0.7570821,0.48283505,0.47944838,0.70091933,0.84996843,0.6831565,0.4141067,0.7718544,0.8871739,0.7525765,0.43535614,0.78353804,0.7227196,0.78245056,0.5266882,Stable
0.3744983,0.5695182,0.48761415,0.757094,0.4828741,0.47947586,0.7008573,0.8497828,0.6831105,0.41410422,0.77197284,0.88689554,0.7525774,0.4353615,0.78346634,0.7228626,0.78249025,0.52680075,Stable
0.3730734,0.5686532,0.48767278,0.76173043,0.4834046,0.4826623,0.7009546,0.85633457,0.68438023,0.4169302,0.7603521,0.8718611,0.7497732,0.4397217,0.7855147,0.7269877,0.78346586,0.52985865,Stable
0.36780676,0.57773566,0.4860801,0.7696111,0.48534915,0.4892999,0.7140256,0.8781075,0.67592466,0.42232656,0.77011627,0.88286793,0.7514621,0.44671592,0.7872288,0.7339422,0.78491044,0.5387062,Stable
0.366875,0.58909357,0.48550484,0.773244,0.48204076,0.49243936,0.7064249,0.88230336,0.6759452,0.42214638,0.75263184,0.86944914,0.74856204,0.45037127,0.7850866,0.73254025,0.7819268,0.53836143,Stable
0.3675351,0.5908313,0.48720485,0.7800893,0.48219872,0.49371183,0.715043,0.8863387,0.67617345,0.4219521,0.75519675,0.88206995,0.7576751,0.43881238,0.79341257,0.73696554,0.7874512,0.5389212,Stable
0.36753675,0.5908169,0.48717016,0.7800121,0.48206633,0.49372074,0.714906,0.8863412,0.6761493,0.42201638,0.75517666,0.88207567,0.7486527,0.4440115,0.79328793,0.7370722,0.7873708,0.53898317,Stable
0.3672597,0.5974375,0.48785457,0.78327596,0.48438692,0.49409086,0.71222585,0.8942493,0.6887576,0.42238897,0.7583072,0.8752229,0.7591986,0.43605912,0.79116195,0.7459313,0.78743494,0.54054165,Stable
0.3641388,0.60287,0.48486066,0.7832166,0.48218352,0.49639302,0.7176639,0.8872309,0.6800501,0.42042834,0.7639049,0.87803173,0.7545972,0.43184227,0.789633,0.7445893,0.7863068,0.5392056,Stable
0.36032566,0.6041179,0.48640415,0.79049516,0.47722805,0.49880025,0.7142865,0.8908591,0.6795792,0.42131993,0.7597379,0.8809849,0.75301,0.42436478,0.79290456,0.75030756,0.787421,0.54210615,Stable
0.3661884,0.60555553,0.48852703,0.79647493,0.47791284,0.5014394,0.71103716,0.89153624,0.6800391,0.4232303,0.7530777,0.86102766,0.75051856,0.4199705,0.7887889,0.7550725,0.7850009,0.5457827,Stable
0.3661934,0.60560524,0.48848778,0.79632187,0.4777548,0.50141275,0.7110104,0.89144415,0.680169,0.42331398,0.7530745,0.86062336,0.75037575,0.42030844,0.78870225,0.7549528,0.7849235,0.5456932,Stable
0.36553797,0.6053318,0.49014923,0.80068386,0.47707102,0.5008868,0.7177435,0.89372194,0.6809575,0.42342532,0.75724,0.8567629,0.75357795,0.41498756,0.7895145,0.7548981,0.7866005,0.5434509,Stable
0.3678292,0.6061621,0.490381,0.80287355,0.48312044,0.49903163,0.7198145,0.905149,0.69585985,0.42208296,0.7526807,0.84316015,0.75379634,0.4050381,0.7911798,0.7579988,0.78609085,0.54687214,Stable
0.3644559,0.60640717,0.49079856,0.80691546,0.48215482,0.49829972,0.72440565,0.91140497,0.70041347,0.4173673,0.76053685,0.88031936,0.7561532,0.40631863,0.79780495,0.7669134,0.78901005,0.54480255,Stable
0.362584,0.60486114,0.49238795,0.81014466,0.48274094,0.49928805,0.7269591,0.91772604,0.69421333,0.41994005,0.76082027,0.8794297,0.7550416,0.40003344,0.8022658,0.7682853,0.79199946,0.54600567,Stable
0.36251184,0.6049032,0.4923973,0.8101913,0.48275763,0.499313,0.72683954,0.91779417,0.6941713,0.42002296,0.76077574,0.8799478,0.7549752,0.40003467,0.801968,0.76832694,0.7917708,0.5459802,Stable
0.36198378,0.604056,0.49049756,0.8067285,0.4834816,0.5004606,0.72756946,0.9163445,0.69764435,0.41889915,0.76038456,0.87896824,0.7546625,0.39853072,0.79727244,0.75758713,0.7895338,0.543495,Stable
0.3678419,0.6072462,0.49070096,0.8063769,0.49025458,0.49972746,0.72562575,0.91160774,0.70245445,0.42092246,0.7572725,0.8580069,0.7496959,0.40568334,0.79998195,0.759741,0.7909814,0.5449252,Stable
0.37088633,0.605741,0.49000496,0.8044393,0.48726743,0.5012047,0.7244982,0.90944976,0.69956774,0.41835925,0.7543759,0.85616344,0.7516606,0.40646577,0.7965224,0.75785327,0.7886522,0.54285645,Stable
0.36355025,0.60361713,0.48958158,0.80468047,0.4855792,0.4997669,0.7281295,0.90799403,0.6893634,0.42214033,0.7575578,0.855044,0.75067085,0.4007723,0.79292524,0.7634368,0.78704345,0.5400505,Stable
0.3636298,0.6036288,0.4896279,0.80464566,0.48544043,0.49977583,0.7281437,0.90803087,0.68868107,0.4222901,0.75738275,0.85531443,0.7503761,0.40046844,0.7928157,0.7635114,0.78688234,0.5398669,Stable
0.36260623,0.6031414,0.48808455,0.80286646,0.48405147,0.49897444,0.7241217,0.90974987,0.6966213,0.41891557,0.75232285,0.857052,0.7514571,0.39467108,0.7874338,0.7578702,0.7804117,0.54035765,Stable
0.36374795,0.60349566,0.48670694,0.8017819,0.48660272,0.49795184,0.7239274,0.90870273,0.69942915,0.4196502,0.75133526,0.8580351,0.7596359,0.3896533,0.79413414,0.75835085,0.7865064,0.54034084,Stable
0.36242002,0.6005858,0.4903211,0.80366874,0.49315608,0.49877116,0.72718596,0.9077648,0.7164542,0.40413877,0.7495495,0.8603456,0.7531258,0.3816375,0.79891324,0.75761867,0.7878593,0.54182506,Stable
0.36513907,0.59348637,0.48875606,0.8047584,0.4944753,0.49397445,0.7223224,0.90404356,0.7103578,0.40269518,0.7539897,0.83661234,0.7576045,0.36294645,0.80066836,0.76771826,0.7865418,0.54059666,Stable
0.36501354,0.59352446,0.48876676,0.80476445,0.49446714,0.49394208,0.7223475,0.9040117,0.7103672,0.40270278,0.75394386,0.8366377,0.7574026,0.3627265,0.8005888,0.7677183,0.78643364,0.54047716,Stable
0.36597872,0.58065724,0.48420724,0.80464077,0.49479014,0.49114746,0.72315264,0.8954159,0.70273197,0.39773118,0.75555,0.83957684,0.76910245,0.323032,0.80009645,0.7626784,0.7874471,0.53745824,Stable
0.357779,0.5751009,0.48094535,0.8037037,0.49299893,0.49115822,0.7312943,0.8985157,0.6913804,0.3957276,0.7567122,0.85979193,0.774054,0.29450423,0.80128,0.7558485,0.7856514,0.53273004,Stable
0.36057818,0.5728227,0.47416866,0.8010291,0.49332866,0.48426124,0.7181527,0.8901121,0.6943258,0.38169605,0.7616761,0.86505246,0.7772021,0.29331693,0.79910505,0.7523086,0.78546536,0.51781565,Stable
0.36114678,0.56561494,0.47805262,0.7916383,0.48970053,0.47718483,0.722703,0.8773219,0.6797645,0.38078165,0.7644894,0.86657757,0.76313233,0.3081661,0.8061499,0.74661565,0.7917315,0.5144299,Stable
0.3610587,0.5658301,0.47806072,0.7917112,0.48961934,0.47713113,0.72271156,0.8774035,0.6798148,0.38077986,0.7643761,0.86658776,0.7633258,0.30810237,0.80613077,0.74685323,0.7917893,0.5145113,Stable
0.36597177,0.5579418,0.4795609,0.78692496,0.48753262,0.47306645,0.73414683,0.8778163,0.67917037,0.3738477,0.75712264,0.85461986,0.7663824,0.29019916,0.80768645,0.74745965,0.79106843,0.5095091,Stable
0.362796,0.5587598,0.47841078,0.7773463,0.49025178,0.47006473,0.7382312,0.8728856,0.67591274,0.37642157,0.753392,0.8519304,0.7665285,0.2922031,0.8051758,0.74621594,0.7911624,0.51328,Stable
0.3669207,0.55562043,0.4796592,0.7651011,0.4902844,0.46343476,0.72149026,0.85643137,0.67771673,0.3766786,0.751173,0.8255322,0.7650502,0.2935161,0.7899252,0.72678727,0.7882861,0.49901658,Stable
0.3652875,0.5535256,0.4771287,0.75818366,0.49233347,0.4608074,0.7206011,0.8536563,0.68414664,0.37087545,0.7665155,0.84125555,0.76158684,0.30803436,0.795897,0.72502995,0.78749585,0.50028443,Stable
0.36505288,0.5532743,0.47719392,0.75820696,0.49240202,0.46080983,0.72054684,0.85368454,0.6806735,0.37041315,0.76655066,0.841256,0.7614348,0.30804667,0.79591906,0.7250879,0.7874564,0.5001949,Stable
0.36430687,0.5446203,0.47831893,0.7493869,0.48965758,0.45770845,0.71081007,0.84148735,0.6762333,0.36856413,0.7584685,0.817867,0.76423216,0.2954868,0.7926073,0.71460384,0.7878736,0.4925441,Stable
0.3675872,0.5382525,0.47424254,0.7431822,0.48993763,0.45604628,0.7034131,0.8392784,0.67650837,0.37410316,0.74816865,0.804196,0.7613164,0.30130726,0.78407717,0.72017133,0.78484154,0.49955988,Stable
0.37337238,0.53285205,0.48092574,0.7411117,0.48823476,0.45332634,0.712687,0.8352244,0.68084425,0.37004322,0.7495205,0.8199502,0.76655215,0.29653817,0.7892306,0.70595425,0.7884983,0.49107045,Stable
0.37496516,0.5316443,0.4778216,0.7386953,0.49056074,0.45219505,0.71079296,0.8325056,0.67978406,0.37026784,0.7533963,0.8285138,0.76184267,0.2958161,0.7919016,0.7125721,0.78860486,0.49346316,Stable
0.37484455,0.53167653,0.4777853,0.7386794,0.49046633,0.45222253,0.71072596,0.83249986,0.67972755,0.37028295,0.7534648,0.82861006,0.76218116,0.29578063,0.7919256,0.71273607,0.7886538,0.4935835,Stable
0.37766337,0.5290178,0.47731704,0.74104154,0.4869601,0.4521011,0.71117485,0.8355646,0.6820357,0.36891836,0.74590576,0.8102464,0.76586056,0.2935677,0.7880916,0.71092606,0.7836899,0.4934798,Stable
0.3776073,0.5281445,0.48188016,0.7422141,0.49530825,0.45356533,0.72056216,0.8332263,0.68429375,0.36878893,0.7482915,0.79405016,0.7654569,0.29569754,0.7850206,0.7053935,0.78266466,0.4913556,Stable
0.3770159,0.52699435,0.48562166,0.7413695,0.4903204,0.4432891,0.7190834,0.82620955,0.6911761,0.35633093,0.74714535,0.7822949,0.7622646,0.30026484,0.78430504,0.70472115,0.781722,0.4839821,Stable
0.37794566,0.52616185,0.48514587,0.7374666,0.49085826,0.44507337,0.7186836,0.82244325,0.68812954,0.36211428,0.7455258,0.78480697,0.7665726,0.29380125,0.7829298,0.6954298,0.78273195,0.4842493,Stable
0.3779171,0.5261662,0.48515052,0.7374999,0.490798,0.44498682,0.71861434,0.82245016,0.6877183,0.36182594,0.74552906,0.7848682,0.76616067,0.29364926,0.7824353,0.6952096,0.78217477,0.48410565,Stable
0.37602538,0.52781045,0.48050937,0.72916186,0.4922876,0.4406644,0.72132844,0.820987,0.68275905,0.35739207,0.7535291,0.75951266,0.76769984,0.28074393,0.77662414,0.6878766,0.7802267,0.4779187,Stable
0.36692283,0.5309454,0.47998333,0.72833884,0.49024677,0.4374079,0.7221527,0.82419217,0.6843011,0.35244328,0.74390286,0.7689651,0.7637404,0.27918744,0.7757528,0.68540376,0.7786623,0.47447652,Stable
0.37013638,0.53271157,0.47774634,0.73125243,0.49000704,0.43733764,0.7171496,0.81768674,0.6861161,0.35156235,0.74245137,0.7767166,0.76744074,0.29277724,0.7791629,0.68894166,0.7786989,0.47448087,Stable
0.3640412,0.5281822,0.48084277,0.723066,0.4878769,0.43488726,0.7207858,0.8099266,0.6939205,0.34072143,0.74117875,0.75579214,0.76296186,0.29637387,0.7752143,0.68286264,0.77492636,0.47148392,Stable
0.36394462,0.5281732,0.480662,0.7230704,0.48790762,0.4340341,0.7196634,0.803559,0.6942207,0.34079045,0.74120516,0.75599015,0.7630335,0.29628742,0.7752744,0.6827632,0.7758132,0.4660426,Stable
0.3671077,0.5283253,0.47917396,0.71615475,0.48747873,0.43419683,0.7058065,0.8019206,0.6815374,0.34910744,0.7431945,0.77670634,0.7601466,0.3100094,0.77008075,0.6810598,0.77064955,0.47172582,Stable
0.3644989,0.5321465,0.48069167,0.71540564,0.48682785,0.43353242,0.7129416,0.80761766,0.702882,0.34945118,0.74720716,0.77589434,0.7704418,0.32069498,0.77758276,0.68340194,0.7795865,0.4791243,Stable
0.36546248,0.53833616,0.48278677,0.71498144,0.48552796,0.43386185,0.7040601,0.8050003,0.70083225,0.3525123,0.7512982,0.8071132,0.7656552,0.33497554,0.7779219,0.6826316,0.78050256,0.47966403,Stable
0.3590681,0.5432051,0.48546594,0.72065324,0.4853158,0.43913764,0.7056471,0.82832617,0.69839907,0.35971043,0.7451304,0.7977834,0.75240624,0.3364296,0.776214,0.6820786,0.7804774,0.48365164,Stable
0.35911608,0.5431875,0.48544154,0.72062033,0.48531526,0.43921715,0.70566857,0.8285459,0.69822407,0.35972613,0.7451226,0.797675,0.7520959,0.33669978,0.7762152,0.682079,0.7804625,0.48371828,Stable
0.34882885,0.55473256,0.4824651,0.73355985,0.48308393,0.44096017,0.71820223,0.8308112,0.7001308,0.36044735,0.7462714,0.78393984,0.76712006,0.33279938,0.77734894,0.6942502,0.7808858,0.49179745,Stable
0.35054657,0.5564483,0.47662997,0.73903215,0.4852693,0.44198877,0.7086562,0.82652986,0.70142436,0.357621,0.74458504,0.79665726,0.7654313,0.32755637,0.77772474,0.71035165,0.77790177,0.49910483,Stable
0.34446642,0.55646044,0.47463354,0.7440664,0.48550016,0.44329473,0.70561165,0.8249847,0.7017602,0.3625085,0.74522996,0.7914444,0.757233,0.32333148,0.77356213,0.70759386,0.7778728,0.49634773,Stable
0.34403825,0.5582588,0.47296545,0.7495806,0.47691128,0.44826996,0.7147887,0.83957005,0.6964834,0.36655843,0.745392,0.79498667,0.76210564,0.31749076,0.7769673,0.70904875,0.77918077,0.4985296,Stable
0.34401724,0.5581317,0.47306547,0.749652,0.4769333,0.44818687,0.714947,0.8394491,0.69674534,0.3663296,0.7452153,0.7948724,0.7619984,0.31747445,0.7765908,0.70881695,0.77902144,0.4982471,Stable
0.3424252,0.5616945,0.4765576,0.7522599,0.4796242,0.44753048,0.719057,0.84229416,0.6960446,0.3595767,0.7486603,0.79325455,0.7631999,0.31691864,0.77756464,0.7040249,0.7794439,0.49461707,Stable
0.3500514,0.5621238,0.47620565,0.7587433,0.4747256,0.45292422,0.72019625,0.8451632,0.68983746,0.36211067,0.74774784,0.79300165,0.7645299,0.32059032,0.77648616,0.706942,0.7780776,0.49484164,Stable
0.34817743,0.56257266,0.47878844,0.7615652,0.472715,0.4502468,0.71796227,0.84810245,0.6843519,0.36063433,0.75558704,0.79419106,0.76404685,0.30427164,0.7787893,0.71216744,0.77785534,0.49624956,Stable
0.34457156,0.56323355,0.47427234,0.7607603,0.47347188,0.45138904,0.71854395,0.8483395,0.68063617,0.3607038,0.75339526,0.7924823,0.76563376,0.29109997,0.77639866,0.7086033,0.7784655,0.48636204,Stable
0.34473598,0.5634755,0.47425243,0.76063263,0.47333968,0.4513023,0.7184927,0.8483493,0.68039477,0.36068377,0.75356257,0.7928733,0.7657027,0.29119122,0.7763833,0.70859003,0.77848625,0.48642573,Stable
0.3429562,0.5626052,0.47308004,0.7628391,0.47446585,0.45215997,0.7166047,0.8477504,0.6880743,0.356269,0.7548578,0.8039751,0.766376,0.29498553,0.78032196,0.7145767,0.7772169,0.49763018,Stable
0.33706626,0.56191564,0.47062176,0.76364344,0.4718443,0.44978997,0.71565646,0.8479099,0.68802565,0.3523332,0.7538073,0.8009093,0.7715429,0.22076666,0.7769705,0.7235889,0.7729807,0.4962148,Stable
0.33656618,0.56098133,0.46938986,0.7526705,0.47543293,0.44371068,0.7170791,0.8421954,0.70017505,0.34267092,0.74967706,0.7863594,0.7745087,0.22768512,0.77470416,0.7101051,0.77386403,0.49015054,Stable
0.333081,0.5533386,0.47057027,0.7541249,0.4779898,0.4382771,0.724547,0.8379085,0.6923255,0.33189866,0.7465612,0.79098,0.76969665,0.23690966,0.77922696,0.7079624,0.7786972,0.4814157,Stable
0.33309788,0.55338126,0.4706044,0.75410426,0.47793493,0.43831873,0.7246311,0.83793104,0.6920933,0.33196855,0.7466308,0.79072094,0.7697271,0.23699741,0.7791356,0.7078866,0.77871704,0.48137516,Stable
0.33320796,0.5449383,0.46908182,0.7494836,0.47654852,0.43775618,0.7244687,0.8401489,0.68822235,0.33081532,0.7522444,0.7622552,0.77032185,0.24336307,0.7746258,0.69862163,0.77528685,0.4746545,Stable
0.33480215,0.5387053,0.46962103,0.7448796,0.47963887,0.43353498,0.7248546,0.82987565,0.6835696,0.33057767,0.7478887,0.75175685,0.7697836,0.2502545,0.77432656,0.68921435,0.772511,0.47088858,Stable
0.33103794,0.53671384,0.47042677,0.7361848,0.48215553,0.42537987,0.7256336,0.8280649,0.6885631,0.32646832,0.74283206,0.73812616,0.7685052,0.2449263,0.77436626,0.683805,0.7740528,0.4580143,Stable
0.3325344,0.5348176,0.46743485,0.73153853,0.47660977,0.42801,0.720338,0.8261735,0.6823091,0.3398696,0.745554,0.7565818,0.76199925,0.27065554,0.7708247,0.67863727,0.77205575,0.45698845,Stable
0.33251765,0.53477013,0.46747062,0.7314274,0.47655767,0.4280225,0.7202985,0.8261115,0.6823029,0.3398801,0.7459378,0.756294,0.76192,0.27062577,0.7709093,0.67855275,0.7721201,0.45695075,Stable
0.33309215,0.5379132,0.46656722,0.7340536,0.47546387,0.4375686,0.71437097,0.82765937,0.69015956,0.34635776,0.75404257,0.77685976,0.76080316,0.27488202,0.7751521,0.6876576,0.7721634,0.471462,Stable
0.33371422,0.5486405,0.46989256,0.74154323,0.4781133,0.43284863,0.70451754,0.8277017,0.6965121,0.34308928,0.7475436,0.8005635,0.76890653,0.25896978,0.77198714,0.69759715,0.7723553,0.47751698,Stable
0.33589298,0.555555,0.47275454,0.7435324,0.48329473,0.4345908,0.7173941,0.8289498,0.70371747,0.34014446,0.7532346,0.79949033,0.7613923,0.2809353,0.77292126,0.6933267,0.7713772,0.47658512,Stable
0.33774716,0.55496144,0.47659752,0.7441759,0.4782252,0.4359039,0.71937793,0.82655394,0.6928653,0.34043187,0.7494983,0.7988,0.76104,0.2823562,0.775232,0.6943921,0.7722181,0.47732073,Stable
0.33771312,0.55492103,0.47651035,0.7441212,0.47811157,0.43597978,0.7191175,0.8266138,0.6927396,0.34044608,0.74942464,0.7988259,0.7609882,0.2821572,0.7751168,0.69449824,0.77214015,0.4773224,Stable
0.33616412,0.5440889,0.474576,0.74089015,0.47757143,0.42623815,0.72403425,0.8232925,0.7031983,0.33282098,0.7437512,0.79806244,0.76345503,0.278836,0.7726583,0.6888744,0.76973265,0.45990998,Stable
0.33908555,0.5486338,0.46857697,0.74070525,0.47771,0.43148836,0.71667767,0.8301296,0.687865,0.33994064,0.75370276,0.7954642,0.7572531,0.28151402,0.77406406,0.6872798,0.77068615,0.46121085,Stable
0.3318743,0.5620335,0.4663759,0.74959505,0.4826612,0.4413932,0.71307933,0.8333923,0.6914539,0.35847586,0.75854325,0.78813136,0.75634545,0.29497454,0.7761115,0.7019872,0.7772853,0.48232114,Stable
0.33074498,0.56218326,0.46989155,0.7459805,0.48571607,0.4400031,0.7146473,0.84054965,0.6926291,0.35495496,0.7475485,0.7951433,0.7545978,0.29576296,0.776644,0.70315504,0.7794959,0.4813298,Stable
0.33077684,0.5622398,0.469913,0.74597496,0.48570153,0.4399746,0.7146175,0.8404843,0.69248056,0.35503268,0.7476346,0.79505944,0.7544861,0.29580235,0.77665895,0.7031032,0.77949345,0.4813492,Stable
0.33279344,0.5584395,0.47153795,0.7503001,0.48586226,0.43925446,0.7245835,0.8375844,0.71566033,0.33837092,0.7526872,0.791865,0.7568638,0.29136625,0.77637994,0.7021487,0.77583134,0.48165748,Stable
0.32608193,0.5619134,0.467808,0.74606323,0.4895538,0.43855506,0.717049,0.83329505,0.71185225,0.3414974,0.75529194,0.7905865,0.7612697,0.29025534,0.77276397,0.70119655,0.7739131,0.48320115,Stable
0.3220606,0.5650954,0.46504742,0.7488173,0.48431313,0.4403481,0.7101204,0.84165806,0.6948711,0.35191834,0.7574774,0.79072183,0.76493347,0.28861743,0.77839506,0.70302606,0.7736099,0.48442596,Stable
0.3089505,0.5700164,0.4668909,0.7513919,0.4837746,0.44473726,0.71656466,0.8493184,0.6968906,0.35320926,0.7556814,0.7784028,0.7571838,0.2971695,0.7757644,0.7050034,0.7756641,0.47968087,Stable
0.30886346,0.57001954,0.46699592,0.7514302,0.48379642,0.44471896,0.71650374,0.8490619,0.69670415,0.35323918,0.7557735,0.7781055,0.75724113,0.29765886,0.7759463,0.70491076,0.7757973,0.4797709,Stable
0.302545,0.5721675,0.46732634,0.7567524,0.4858907,0.4468801,0.7180302,0.8439101,0.6887759,0.35641974,0.75568247,0.7929649,0.7557942,0.29182982,0.77748704,0.70609283,0.7753409,0.4798319,Stable
0.3028006,0.5763948,0.47096795,0.7552445,0.4822652,0.44826826,0.7171123,0.8478079,0.688619,0.3564663,0.7491348,0.7942409,0.76356333,0.28466585,0.77656925,0.70465446,0.7756519,0.47767746,Stable
0.29746032,0.582745,0.4699775,0.75407875,0.47951263,0.45319372,0.70609283,0.8412995,0.6761853,0.3645078,0.7550575,0.8068713,0.7675413,0.28894037,0.7770722,0.7035267,0.7725036,0.4775359,Stable
0.29618755,0.5941319,0.47192496,0.76366353,0.47781175,0.45662612,0.71575564,0.85109776,0.673968,0.36422166,0.7533871,0.79656136,0.765062,0.28842485,0.77630204,0.70432603,0.7726555,0.47785634,Stable
0.2961946,0.59418696,0.4719612,0.76372594,0.47787425,0.45674846,0.71583694,0.851166,0.67393494,0.36423886,0.75327724,0.79668653,0.7650177,0.28838074,0.77643096,0.70434374,0.7727334,0.47785375,Stable
0.3029397,0.5968913,0.4780777,0.7670614,0.4791556,0.4567915,0.7259712,0.85631055,0.6859069,0.3570294,0.75041974,0.79137415,0.76428354,0.29662514,0.7791161,0.6993103,0.7737719,0.4762838,Stable
0.30759472,0.5952388,0.47603914,0.76430607,0.47539687,0.45805022,0.72044843,0.8521683,0.6752765,0.3585208,0.7524306,0.8066882,0.7567042,0.30244696,0.77755296,0.70150995,0.7700609,0.47633857,Stable
0.30763733,0.5916389,0.48092872,0.7674619,0.478835,0.4578304,0.72905016,0.8543813,0.6875118,0.351238,0.7483379,0.7901439,0.7716276,0.2740114,0.7783487,0.69216603,0.7720264,0.47189415,Stable
0.30647528,0.59091026,0.4785405,0.7658724,0.47558397,0.45598406,0.73903215,0.86581075,0.6778466,0.34825534,0.74776334,0.77590096,0.77219296,0.25797462,0.77624726,0.69820833,0.76847625,0.4707864,Stable
0.30648708,0.5908771,0.47848114,0.76587486,0.47556517,0.45605612,0.73902047,0.86579674,0.677753,0.34830046,0.74774545,0.7759936,0.7721871,0.25758263,0.7763874,0.6982479,0.7685665,0.47079176,Stable
0.30764067,0.5891284,0.4792505,0.765645,0.47475553,0.45752424,0.72744435,0.84483325,0.67755604,0.35011274,0.74824834,0.7926402,0.7725096,0.26481313,0.7780343,0.7003798,0.7705988,0.47000512,Stable
0.31199723,0.58860815,0.47801578,0.76359236,0.4747272,0.45211682,0.74025124,0.85146683,0.68214315,0.34224612,0.7520201,0.7785593,0.765851,0.28157935,0.7762472,0.6894371,0.77379465,0.46529445,Stable
0.31172922,0.5902778,0.47691974,0.76035714,0.48104614,0.45101482,0.73415256,0.84185475,0.6907634,0.33853495,0.750543,0.7712383,0.7627434,0.2804392,0.7766751,0.69002056,0.77508986,0.46521956,Stable
0.30879003,0.58682775,0.47369358,0.7574155,0.479419,0.4489473,0.7281928,0.8448409,0.67587245,0.34121245,0.7554483,0.7664391,0.76702255,0.26643497,0.77469796,0.69383496,0.77299213,0.47038326,Stable
0.3088487,0.58681834,0.47377855,0.75742024,0.47935325,0.448977,0.7281575,0.84486765,0.67583644,0.34131342,0.7555046,0.7664277,0.7670263,0.26644093,0.77462566,0.6937853,0.7729435,0.470356,Stable
0.31265152,0.58727217,0.4786608,0.74897707,0.48007798,0.4404908,0.73472285,0.83978236,0.6780662,0.33615094,0.7488642,0.76013637,0.7604914,0.27579457,0.7764884,0.6885159,0.7719366,0.46361768,Stable
0.31240588,0.57955575,0.47634077,0.7480389,0.4810718,0.4393075,0.7391435,0.84228504,0.6833388,0.3317709,0.74646395,0.75497663,0.7548566,0.27649552,0.7789156,0.6819601,0.772349,0.45619282,Stable
0.3135881,0.575261,0.47319907,0.7440294,0.47680622,0.43327054,0.7228471,0.82563114,0.6782787,0.32926628,0.7508273,0.7646257,0.7690902,0.2625308,0.77141917,0.67835164,0.76773924,0.45122024,Stable
0.31631717,0.5685365,0.47552976,0.74041927,0.47657865,0.4274598,0.735959,0.8307342,0.68225193,0.32506052,0.7481424,0.737786,0.7707226,0.2535969,0.776772,0.6683697,0.77021194,0.4517753,Stable
0.31637344,0.56857157,0.4757093,0.7403637,0.47664952,0.42750594,0.7359432,0.8307557,0.6821283,0.3251331,0.7482412,0.737853,0.7705647,0.2535158,0.7766883,0.66829145,0.7701162,0.45163363,Stable
0.31684873,0.56723475,0.47113246,0.735115,0.47424537,0.42507395,0.7270924,0.82021606,0.6844196,0.32666832,0.7429968,0.74394214,0.7584025,0.2673967,0.7732579,0.6666131,0.76594305,0.45041645,Stable
0.31560376,0.5681375,0.4722204,0.7321042,0.4756435,0.41817987,0.73233,0.8190496,0.69550264,0.31862313,0.74412835,0.7500631,0.7565672,0.26570085,0.7706826,0.66455215,0.76475537,0.4484571,Stable
0.3155364,0.56530833,0.4715109,0.7308287,0.47306594,0.41545507,0.737278,0.8230993,0.6896512,0.31788367,0.74881935,0.74233145,0.75913286,0.26510844,0.77637756,0.66210455,0.7699903,0.4472942,Stable
0.3188399,0.5625858,0.47133464,0.7316766,0.47440982,0.41644377,0.73720646,0.82060754,0.69243526,0.314865,0.7471265,0.7485596,0.76210874,0.24884681,0.77378666,0.66734785,0.7693402,0.4479756,Stable
0.31859112,0.5629301,0.47136617,0.7317257,0.47465235,0.4163456,0.73716784,0.8206103,0.6926129,0.3147958,0.74713194,0.7485289,0.7618952,0.24904035,0.7738575,0.66751355,0.76935077,0.4479633,Stable
0.31779563,0.5622237,0.4786751,0.7282435,0.47837257,0.41643357,0.7265188,0.81342596,0.69131225,0.31636754,0.7482302,0.7530238,0.7597651,0.25351295,0.77486515,0.67677665,0.7719769,0.45159408,Stable
0.3185444,0.56305003,0.47820455,0.72308254,0.47442538,0.41244158,0.73068535,0.81238335,0.68235517,0.31923223,0.74918807,0.74404997,0.74633497,0.27013895,0.77787036,0.66471165,0.77410644,0.44978794,Stable
0.31835267,0.5605147,0.48460674,0.7173747,0.47790036,0.41439092,0.7366314,0.80452484,0.67686856,0.3193325,0.73932016,0.7386637,0.75368,0.25897917,0.77734745,0.6558854,0.7729963,0.44046086,Stable
0.3165055,0.5597006,0.48498046,0.7186116,0.4774199,0.412137,0.7328671,0.79916614,0.67950696,0.3159263,0.7452593,0.7400765,0.7455927,0.27268338,0.77679205,0.656943,0.77478,0.4388634,Stable
0.3165189,0.55969965,0.4850769,0.71856874,0.4773241,0.41218495,0.73298544,0.7992662,0.67945504,0.3160252,0.7452918,0.74013495,0.7457819,0.27238727,0.7767563,0.65677035,0.7746819,0.43880257,Stable
0.31308246,0.556305,0.48115298,0.7165036,0.47661972,0.4106098,0.73193014,0.7913172,0.6834116,0.3141049,0.74332017,0.72860116,0.7333038,0.2888497,0.7764795,0.6496495,0.7709581,0.4360466,Stable
0.3167586,0.5508187,0.4793458,0.70608497,0.480437,0.4029222,0.7181158,0.7876439,0.69677615,0.30871326,0.7451885,0.72257155,0.7362442,0.2778703,0.77663606,0.6506733,0.7739371,0.437255,Stable
0.31997734,0.54538333,0.4806138,0.70066327,0.48135793,0.40044674,0.7229365,0.7784263,0.68267,0.30955136,0.74230325,0.7314257,0.7325989,0.29157743,0.7751589,0.64916253,0.7727365,0.43398392,Stable
0.31704634,0.54007566,0.48028785,0.69991034,0.4827996,0.40098685,0.73263514,0.78067845,0.6848671,0.3155919,0.7459218,0.7218183,0.73265046,0.28604236,0.7798369,0.6490514,0.7792859,0.43561655,Stable
0.31704286,0.5400845,0.48026007,0.699923,0.4828015,0.40098557,0.73271936,0.78067034,0.6851752,0.31552434,0.74574935,0.7217448,0.7323911,0.2862751,0.77985644,0.6490623,0.77926207,0.43565664,Stable
0.31753516,0.53197014,0.47660208,0.69510925,0.4821747,0.4020171,0.73223704,0.7793883,0.6707586,0.32711715,0.75264823,0.71435153,0.7310428,0.29525456,0.7760071,0.64758885,0.77875197,0.43692932,Stable
0.31827334,0.5260905,0.47315595,0.6935016,0.48166475,0.39707017,0.7309515,0.7793858,0.67200077,0.32324564,0.7452673,0.73740137,0.7347755,0.29459703,0.7758883,0.64577466,0.7789539,0.43605626,Stable
0.31598437,0.525589,0.47300336,0.69082916,0.48464942,0.39246964,0.72806513,0.77664727,0.67723775,0.32244545,0.744601,0.74178475,0.72736156,0.2923568,0.77528036,0.6469713,0.77870315,0.43594265,Stable
0.322674,0.5215354,0.47664678,0.6878475,0.48649642,0.39031494,0.73221993,0.77613676,0.6842999,0.31998563,0.7477507,0.73372483,0.7349393,0.2950228,0.7773127,0.64239055,0.78572124,0.43471318,Stable
0.32266176,0.52153677,0.47664902,0.68786186,0.48653445,0.39040324,0.73223734,0.77615976,0.6840594,0.3201189,0.7477398,0.7336917,0.734849,0.29517567,0.7772903,0.64239955,0.7856668,0.4347707,Stable
0.3262733,0.52157366,0.47512922,0.68287516,0.48238158,0.39398736,0.7193033,0.7620175,0.68126965,0.32044238,0.7515596,0.73064256,0.74082243,0.29176953,0.7729227,0.6430563,0.7810631,0.43749273,Stable
0.32862395,0.51596874,0.4794583,0.6809653,0.48544693,0.38494095,0.72325367,0.75949407,0.6778409,0.30751497,0.75159496,0.7148715,0.7422373,0.29044643,0.7791168,0.6420659,0.78603333,0.43292892,Stable
0.3281505,0.51184124,0.4778207,0.6771965,0.48310038,0.3806643,0.7187885,0.7472507,0.6669378,0.3042915,0.75237197,0.71724236,0.7433955,0.2707335,0.77483624,0.633557,0.78068256,0.42803904,Stable
0.32817346,0.5104938,0.47571635,0.67055225,0.4854656,0.37940466,0.7176106,0.7503376,0.67965424,0.3017498,0.7486265,0.715192,0.74455273,0.26614395,0.7772369,0.6383846,0.78499264,0.42958486,Stable
0.32819813,0.5104902,0.47573787,0.6705456,0.48545644,0.37941563,0.7178352,0.75028384,0.6797046,0.30172625,0.74865127,0.71504307,0.7445213,0.26621008,0.77730966,0.6383574,0.7850186,0.42961746,Stable
0.3303222,0.5113934,0.47924733,0.6775516,0.48328656,0.3802023,0.71955,0.7469791,0.6749592,0.30060497,0.7557961,0.71473664,0.74175036,0.26163387,0.78033805,0.6375532,0.78366685,0.42711532,Stable
0.33559734,0.5123819,0.47930405,0.67826414,0.48369092,0.37904906,0.7178251,0.74588174,0.672645,0.30124754,0.7517412,0.7293293,0.7420268,0.26170242,0.7763979,0.64018583,0.77862465,0.4281128,Stable
0.33291247,0.5134163,0.48526025,0.67640555,0.48381346,0.37786183,0.7302661,0.74449676,0.6698388,0.30133313,0.7523064,0.7236428,0.7415778,0.2746864,0.77716124,0.6387456,0.7809331,0.4217583,Stable
0.33243152,0.51402056,0.4826717,0.67004895,0.47986412,0.37811828,0.7281675,0.732207,0.66794944,0.30286604,0.7543051,0.71374315,0.74570787,0.27404243,0.77964896,0.6352305,0.779756,0.4179675,Stable
0.3324454,0.5140213,0.4826702,0.67001575,0.4798535,0.3781041,0.7280563,0.7320887,0.6678425,0.30282158,0.754274,0.71375436,0.7455777,0.274179,0.7796563,0.63519543,0.779782,0.41796064,Stable
0.33815002,0.5139691,0.48401508,0.67352223,0.4800418,0.37557697,0.7228016,0.7222043,0.6704192,0.30137587,0.7530636,0.7181376,0.7426523,0.2765314,0.7769946,0.63422155,0.77666676,0.41567874,Stable
0.34125292,0.51808625,0.47740826,0.66896075,0.4768862,0.37896654,0.70545787,0.7213744,0.6694976,0.3019414,0.7457043,0.70681137,0.74852705,0.2660214,0.7779683,0.62655544,0.7742269,0.4141872,Stable
0.34432754,0.5223586,0.4724815,0.67099375,0.47778326,0.37965304,0.7000495,0.7275769,0.66180134,0.30231428,0.65523213,0.79810476,0.7363324,0.27294052,0.7732777,0.64079696,0.76881135,0.4224506,Stable
0.34434986,0.52575207,0.48162884,0.6704435,0.48057777,0.37804136,0.705441,0.7317618,0.6675627,0.2998894,0.74574625,0.7055051,0.7461466,0.26275817,0.7776732,0.6302017,0.77129745,0.41639584,Stable
0.34434193,0.5258289,0.48165077,0.6705047,0.48049784,0.3780272,0.70552015,0.7318729,0.6681111,0.2998013,0.7457885,0.7054414,0.7464551,0.26251915,0.777696,0.6301353,0.7713105,0.4163673,Stable
0.3471049,0.529819,0.47814572,0.6702015,0.48629138,0.37563783,0.69600147,0.74108744,0.6693218,0.30151197,0.6479616,0.79359984,0.7450192,0.25928387,0.77597964,0.6406914,0.7695272,0.42451006,Stable
0.34970325,0.53855157,0.48462495,0.6703361,0.48839784,0.37772644,0.7270464,0.71517897,0.67476404,0.30128586,0.6494674,0.7897961,0.7467345,0.27002978,0.7827892,0.6367751,0.7780986,0.42398748,Stable
0.35782838,0.54689866,0.48376057,0.6745404,0.49293673,0.3798948,0.7100402,0.7252635,0.66568995,0.30221397,0.65093875,0.7981407,0.73787606,0.27449992,0.7809304,0.64072746,0.7776453,0.42750058,Stable
0.3685118,0.5597085,0.487105,0.6746657,0.49228406,0.37985265,0.7257172,0.7181767,0.6617396,0.3047079,0.65730584,0.7975759,0.7354077,0.2937625,0.7794048,0.6356758,0.7755703,0.4304999,Stable
0.368543,0.55973047,0.48700523,0.6744791,0.49224314,0.37997064,0.7258377,0.7178215,0.6618329,0.30477676,0.6572932,0.7974975,0.73536247,0.2934765,0.77963984,0.6354526,0.77581465,0.4305019,Stable
0.36246702,0.5633602,0.48817426,0.67621744,0.49209523,0.37871242,0.7160432,0.7212001,0.6647026,0.29775962,0.65193814,0.80000985,0.7337403,0.29491663,0.78080666,0.64002067,0.77666223,0.43231338,Stable
0.36269444,0.572405,0.4886206,0.6849561,0.49281892,0.37713048,0.72056216,0.7269792,0.6750199,0.29687196,0.66187423,0.8228874,0.73845744,0.2736482,0.7803848,0.65226555,0.7783722,0.43793207,Stable
0.3619084,0.57603097,0.49150538,0.68361044,0.4910061,0.37320265,0.71826714,0.72722983,0.67082405,0.28739607,0.72796345,0.7657482,0.49438977,0.2826631,0.77587616,0.6427531,0.7725117,0.4312106,Stable
0.36410552,0.575748,0.4886,0.67930764,0.4887237,0.37424156,0.70828027,0.7251383,0.65491784,0.2859935,0.7008611,0.84293914,0.74279857,0.27073205,0.77498645,0.63958097,0.7718402,0.42945302,Stable
0.3641287,0.5757767,0.48847866,0.6791135,0.48859668,0.37430483,0.7080591,0.7251939,0.65473425,0.28612128,0.70086473,0.8430145,0.7430088,0.27101636,0.7748398,0.6395983,0.7716627,0.4295697,Stable
0.365942,0.57875913,0.4825587,0.67732257,0.48616704,0.37683028,0.7003883,0.72289604,0.6724086,0.28593653,0.7027478,0.8563503,0.74299216,0.27311987,0.77211803,0.64092445,0.7711235,0.43120834,Stable
0.3665021,0.5769267,0.48364812,0.67360663,0.49123096,0.38060614,0.7004509,0.72797745,0.66867626,0.29924613,0.7551312,0.72993624,0.74717546,0.26642096,0.7742623,0.6386833,0.7719203,0.43387944,Stable
0.36854613,0.57784796,0.48672956,0.67559737,0.49066147,0.38425213,0.70056176,0.733725,0.66678774,0.30170834,0.76183367,0.7537729,0.7505216,0.27561003,0.77311313,0.6411617,0.7740892,0.43729395,Stable
0.36921597,0.5755445,0.49255547,0.6764245,0.48771712,0.3832258,0.7205713,0.7418553,0.66065997,0.3015989,0.76080835,0.7491171,0.7501008,0.27353618,0.77583873,0.6406426,0.7805735,0.43062264,Stable
0.36916137,0.5754739,0.4924919,0.676507,0.48766702,0.3831875,0.72054857,0.7418369,0.6605794,0.30159366,0.7607285,0.7489877,0.75019115,0.2735784,0.7757698,0.64071596,0.7804987,0.43062437,Stable
0.36463726,0.566442,0.49280232,0.6783416,0.4894409,0.389566,0.72791594,0.7362642,0.6555058,0.3072149,0.7510389,0.72887766,0.7511541,0.28042442,0.7802713,0.63787633,0.781165,0.43293208,Stable
0.3633448,0.5585191,0.4938857,0.67862266,0.49217734,0.3860044,0.72727984,0.7393545,0.6697113,0.3052961,0.75083244,0.7064476,0.74490476,0.2777512,0.7809081,0.6347552,0.78106105,0.42827642,Stable
0.36261865,0.54355067,0.48836452,0.67074347,0.48896167,0.39393076,0.7235882,0.7318933,0.67368317,0.3083464,0.7507858,0.7163652,0.74850744,0.29071924,0.7775302,0.6291508,0.7765727,0.4291473,Stable
0.35980985,0.5345931,0.48704118,0.66718566,0.49029654,0.39444658,0.7204006,0.7325243,0.67527354,0.30555075,0.75644374,0.7181418,0.7439861,0.280959,0.78449607,0.62560034,0.7825596,0.42824143,Stable
0.35978994,0.5346237,0.48707443,0.6671618,0.49029693,0.39444762,0.72030294,0.732522,0.675274,0.3055508,0.7565012,0.71828043,0.7440158,0.2806593,0.7846853,0.625525,0.7826563,0.42822653,Stable
0.35110933,0.5295384,0.49089515,0.66590583,0.49125534,0.39268756,0.7292037,0.73332447,0.68273234,0.30300984,0.7490972,0.7212955,0.75460666,0.29536927,0.7812481,0.6229894,0.7808823,0.42625797,Stable
0.34925818,0.52581686,0.48850808,0.665574,0.49381357,0.39254782,0.7194005,0.7263814,0.68559927,0.3025463,0.7561595,0.73079824,0.7491488,0.29775155,0.7785858,0.6193383,0.78064144,0.42565593,Stable
0.3501764,0.5221514,0.4908868,0.66151595,0.4919483,0.38953516,0.7220062,0.733245,0.674231,0.30511823,0.7512943,0.72567815,0.74822915,0.2848748,0.778999,0.6168794,0.7785749,0.4225369,Stable
0.3518061,0.5179906,0.4879889,0.6609544,0.49422026,0.38688964,0.71900916,0.73228973,0.6809721,0.3030858,0.7476801,0.7243535,0.74788845,0.28908938,0.7757659,0.61667013,0.776495,0.42229933,Stable
0.35172868,0.5179569,0.48799074,0.6609739,0.4942606,0.38683936,0.7193417,0.73227525,0.68065584,0.3032097,0.7475571,0.72428703,0.7478852,0.28899086,0.7757859,0.61657655,0.7765963,0.42226824,Stable
0.35041365,0.51499045,0.4878611,0.65531546,0.497174,0.37924594,0.71760666,0.72757787,0.6853515,0.30342323,0.7499239,0.72264457,0.746803,0.2933813,0.7811239,0.61380434,0.78440905,0.42385763,Stable
0.3581137,0.5141692,0.48865616,0.65565574,0.49340266,0.37629437,0.70580876,0.7242621,0.68428993,0.3030144,0.75100535,0.72499716,0.7514938,0.29376155,0.78019845,0.6178006,0.78421015,0.42370957,Stable
0.35479897,0.5154952,0.48894352,0.65602016,0.4939282,0.37766618,0.70647264,0.72596014,0.6797745,0.3026232,0.75011176,0.7261287,0.749819,0.2868353,0.78096884,0.61696225,0.7835554,0.4230935,Stable
0.3581154,0.514531,0.4869823,0.65529966,0.49881598,0.37706503,0.70671666,0.73084825,0.6818774,0.3022223,0.75446534,0.7353561,0.74893945,0.29672468,0.78261185,0.61770755,0.78468657,0.4228823,Stable
0.35823214,0.5144622,0.48702702,0.6553234,0.49874294,0.37705645,0.70739114,0.73100173,0.6819114,0.302244,0.7544447,0.7352917,0.7488081,0.29671335,0.78272194,0.6177479,0.784739,0.4228447,Stable
0.3588191,0.51432705,0.48808688,0.65701026,0.498851,0.37759572,0.71874946,0.72775984,0.6878811,0.30486727,0.7528368,0.72774476,0.75263727,0.30095854,0.7828292,0.6206253,0.78367746,0.4280373,Stable
0.3559606,0.5156692,0.48890007,0.6584528,0.49777132,0.37981567,0.6998147,0.72167385,0.6780714,0.31021196,0.75380033,0.73932856,0.7469741,0.2966339,0.77781266,0.6174111,0.78060174,0.4274504,Stable
0.3583659,0.51137847,0.48447213,0.657746,0.49660918,0.38092336,0.69873023,0.72383904,0.6851293,0.3029512,0.75039387,0.7278503,0.7485313,0.28806445,0.7782723,0.61572874,0.781193,0.4235316,Stable
0.35546976,0.5129354,0.4867043,0.6595096,0.49723804,0.37983334,0.70422363,0.725911,0.6901867,0.30825958,0.7521533,0.73238766,0.75147146,0.28935358,0.7721001,0.6199383,0.7764379,0.4252798,Stable
0.35757837,0.51203734,0.48669136,0.6594988,0.4973353,0.37994164,0.70433444,0.7259482,0.6899383,0.3086609,0.7520637,0.7321322,0.7512548,0.28941408,0.7722356,0.6199226,0.77657986,0.42526162,Stable
0.3552512,0.51472217,0.48522764,0.6615188,0.5009407,0.37710625,0.7171394,0.7399324,0.6924955,0.3071971,0.744791,0.73338115,0.7476511,0.2886359,0.77847403,0.62353975,0.7836729,0.42473552,Stable
0.35882318,0.5139891,0.48389232,0.6598702,0.4978568,0.37822634,0.70543,0.7324728,0.68733263,0.31088412,0.7480569,0.73586434,0.7503144,0.29431024,0.7760699,0.62447315,0.78029084,0.42983752,Stable
0.3605729,0.5136677,0.48744565,0.6632096,0.49286002,0.38148308,0.71907914,0.74015355,0.6872324,0.31244388,0.7443812,0.72237134,0.7492591,0.29545593,0.777101,0.620623,0.7775933,0.42505905,Stable
0.3594702,0.51459074,0.4840361,0.66476285,0.4928313,0.3809073,0.71321934,0.74410653,0.68798107,0.3168431,0.7452959,0.72230804,0.7567159,0.29805627,0.77391887,0.6305773,0.77908295,0.42919195,Stable
0.3594607,0.51460236,0.48405963,0.66479665,0.49297738,0.38081473,0.7132509,0.74409723,0.6884959,0.31686676,0.7453816,0.72214997,0.7567682,0.29800177,0.7740747,0.63060737,0.7792634,0.42911947,Stable
0.36224255,0.51381767,0.484794,0.66722363,0.4839532,0.38122725,0.71385074,0.7450835,0.6756103,0.3149063,0.75478834,0.7359361,0.7572083,0.30350444,0.7762538,0.6174987,0.7762898,0.42415565,Stable
0.36455685,0.51587343,0.48884183,0.66913855,0.48910353,0.39025757,0.7107589,0.74789023,0.6867973,0.3163225,0.7494883,0.73298615,0.7489128,0.306039,0.7762488,0.62085533,0.77976966,0.4259554,Stable
0.36427903,0.51793945,0.48698604,0.6729426,0.49262416,0.39103556,0.70550793,0.74748987,0.6829178,0.3352557,0.74595255,0.7332536,0.7507662,0.3132919,0.7741265,0.63421756,0.7796227,0.44113192,Stable
0.36487252,0.5187485,0.4899473,0.6725316,0.4942763,0.38938963,0.712312,0.74463344,0.7090377,0.32705945,0.7470075,0.72246546,0.74528205,0.3077219,0.7785176,0.6322768,0.7803115,0.4373264,Stable
0.36487424,0.51874065,0.48992634,0.67254543,0.4943874,0.38934362,0.71229094,0.74464935,0.70913494,0.32692719,0.7470304,0.72246706,0.7452868,0.3076384,0.7785815,0.6323441,0.7803516,0.4372886,Stable
0.36629114,0.52152073,0.48863417,0.67671776,0.49750683,0.38930377,0.71682566,0.7431145,0.7137909,0.32778147,0.7474229,0.7261748,0.75134254,0.31347877,0.77944875,0.63008726,0.7823236,0.4386898,Stable
0.3664733,0.52331036,0.48824677,0.680434,0.49909705,0.3961291,0.7181169,0.7528536,0.7124108,0.33487126,0.7596168,0.72906363,0.7507684,0.31763458,0.78201765,0.6417303,0.78411114,0.4549414,Stable
0.3663668,0.5254782,0.49035928,0.6823051,0.4970207,0.3972124,0.70912117,0.75096405,0.71244305,0.34341234,0.75784814,0.7390727,0.7527849,0.3289723,0.7807332,0.6416623,0.7848367,0.4578471,Stable
0.3636443,0.525666,0.49370918,0.6844925,0.4971388,0.39787707,0.7350792,0.76656485,0.71801513,0.34391385,0.74766445,0.7512826,0.7534329,0.3242977,0.7785103,0.6597415,0.7832891,0.46514958,Stable
0.36359274,0.52566165,0.49377894,0.68450904,0.49710223,0.3979066,0.7351228,0.76662177,0.71823084,0.34393176,0.7475046,0.7513788,0.75345176,0.32435217,0.77851504,0.65960217,0.7833239,0.46508336,Stable
0.36203408,0.5264132,0.48901546,0.6853401,0.49357724,0.3983134,0.7336106,0.76610816,0.72027254,0.34339148,0.7475359,0.7594153,0.7535445,0.32779887,0.7781443,0.6609018,0.7856092,0.4671381,Stable
0.36343834,0.52592623,0.48839745,0.6885861,0.49569356,0.39926872,0.7372041,0.7765614,0.72184175,0.34386533,0.75387377,0.7442876,0.7564513,0.337825,0.7754922,0.662073,0.78305835,0.46550906,Stable
0.3616854,0.52711,0.48880827,0.6922301,0.50012714,0.4015519,0.74574775,0.78040695,0.72210526,0.33691645,0.75240964,0.74680996,0.7542524,0.31429482,0.77893484,0.66481555,0.78426826,0.4651355,Stable
0.3606454,0.527916,0.49381077,0.69613284,0.50076663,0.403436,0.74276745,0.7836413,0.71520776,0.3265758,0.74860775,0.7477543,0.7586446,0.29539117,0.7809786,0.667715,0.7859389,0.4629705,Stable
0.36063397,0.5278903,0.49379396,0.6961283,0.50084686,0.40342188,0.74278253,0.7835929,0.71509194,0.32655776,0.74838924,0.7479863,0.758398,0.29544652,0.7809762,0.66775864,0.7859191,0.46309584,Stable
0.3588712,0.527876,0.49744385,0.6982653,0.5039815,0.40726614,0.73961323,0.7856159,0.71742886,0.3303076,0.750298,0.74911255,0.76063174,0.30171978,0.7821469,0.6708753,0.7867466,0.4655535,Stable
0.35928294,0.53169376,0.49336228,0.70080185,0.50363266,0.40810597,0.7406843,0.78756773,0.7188666,0.32563394,0.7456311,0.75681424,0.75268316,0.29847553,0.78140414,0.6840057,0.7863497,0.47448093,Stable
0.35869357,0.5307219,0.49405915,0.70342386,0.50449586,0.40854487,0.7386133,0.7864198,0.7193615,0.32303524,0.74697775,0.76897115,0.752109,0.29256424,0.783918,0.6856048,0.786234,0.47599792,Stable
0.3597506,0.53160274,0.49172074,0.70361894,0.5014131,0.40876716,0.73307574,0.7872573,0.7171089,0.32503507,0.7501349,0.7734455,0.7545962,0.29254153,0.7827179,0.6888315,0.784358,0.4767661,Stable
0.35973638,0.5315976,0.49169978,0.7036936,0.5015408,0.40872842,0.7329137,0.7873286,0.7172586,0.3257158,0.7501201,0.7736206,0.754651,0.29264623,0.78279966,0.68890667,0.7843766,0.47690007,Stable
0.35793993,0.53517467,0.49638987,0.70779455,0.49857903,0.41449854,0.7371239,0.79489005,0.7152884,0.33025783,0.74871963,0.76033795,0.75286263,0.29178807,0.7842056,0.68816805,0.78568757,0.47675794,Stable
0.36273822,0.5340538,0.49768668,0.70759463,0.49562213,0.41935992,0.7265402,0.7919172,0.6953794,0.33217967,0.74685025,0.7659382,0.7631203,0.28795362,0.786044,0.6906022,0.78380394,0.48151344,Stable
0.36205274,0.5333739,0.49649465,0.70777595,0.48960313,0.41500968,0.73016757,0.7867676,0.6929295,0.33360577,0.74804986,0.78677624,0.76447713,0.29137206,0.7839209,0.68918484,0.7821946,0.4712568,Stable
0.36258477,0.53341067,0.49735186,0.7096392,0.4890871,0.41482604,0.7352009,0.78833526,0.68576324,0.34231064,0.7466528,0.7696108,0.7651138,0.2963233,0.7855836,0.6911125,0.78673714,0.48364466,Stable
0.36257502,0.53344923,0.49720883,0.70968604,0.48900303,0.41479158,0.73504466,0.78845876,0.68574405,0.3423171,0.7466006,0.7697259,0.76511115,0.29619375,0.7857168,0.6913111,0.78673047,0.48366866,Stable
0.36158246,0.53355896,0.499826,0.70833826,0.49334025,0.4118278,0.7360014,0.7962831,0.69693017,0.33961937,0.75030845,0.77726364,0.7545635,0.2890038,0.7860781,0.6895137,0.788285,0.48046774,Stable
0.36134207,0.53559077,0.49502653,0.7047913,0.49138248,0.40486866,0.73257923,0.7887429,0.7007562,0.3398003,0.750378,0.7707307,0.7529824,0.29455775,0.78244686,0.6888627,0.7858495,0.48230892,Stable
0.36207944,0.5306246,0.4939192,0.70067894,0.49054345,0.40137228,0.73685575,0.7859471,0.7065177,0.3316604,0.75137925,0.77039254,0.7564577,0.2978747,0.77960694,0.6798746,0.7860448,0.46902555,Stable
0.36121106,0.52887744,0.4964053,0.6979653,0.4935369,0.4005366,0.7391275,0.786853,0.712839,0.31753868,0.7661609,0.7530365,0.75985587,0.27996218,0.785041,0.673633,0.7880218,0.46512842,Stable
0.36121282,0.5288303,0.49622497,0.6979407,0.4936639,0.40054166,0.7389777,0.7867893,0.7129704,0.31735376,0.7662942,0.7532693,0.7598461,0.27978256,0.78496337,0.6737343,0.7879185,0.4651487,Stable
0.3631699,0.5237353,0.49118066,0.6911421,0.49015817,0.3983764,0.7372624,0.7758028,0.70973605,0.31504536,0.7633537,0.74872416,0.7613213,0.2688405,0.7848823,0.66830957,0.78793526,0.46134648,Stable
0.3642432,0.52322924,0.49215612,0.6844373,0.5006767,0.38828585,0.73022115,0.76416194,0.7178921,0.30368468,0.76453346,0.7571742,0.7504341,0.28423756,0.7820088,0.6632462,0.78793824,0.45734507,Stable
0.36774582,0.51992214,0.493551,0.68033046,0.49975252,0.38070846,0.72724235,0.7601638,0.71564627,0.30408147,0.7416749,0.74190986,0.7548403,0.28617054,0.7857102,0.65779305,0.79072905,0.45401073,Stable
0.3696655,0.5128651,0.49232456,0.67593026,0.49151346,0.3807258,0.7385459,0.7654669,0.72685444,0.29730928,0.75512695,0.7232864,0.7529656,0.29054123,0.7819649,0.648028,0.7860817,0.4420911,Stable
0.36976254,0.5128685,0.49257946,0.6759448,0.4915719,0.38084644,0.7385475,0.7654779,0.7264122,0.29723775,0.7552502,0.7233836,0.75359774,0.29012895,0.78208125,0.64817894,0.7862243,0.4420814,Stable
0.37191087,0.50448596,0.49198383,0.66738546,0.488044,0.36517653,0.7367434,0.7598978,0.7160971,0.2995976,0.7517177,0.7274797,0.7486309,0.29235563,0.78108156,0.6385573,0.7844051,0.4329154,Stable
0.37353414,0.4943332,0.4959575,0.66142184,0.49158043,0.36534533,0.72604483,0.74293983,0.713334,0.28792197,0.7569697,0.72420686,0.7444402,0.28231263,0.7769369,0.6198201,0.78039515,0.4157943,Stable
0.3678981,0.4860892,0.49158403,0.65209174,0.4866526,0.3640206,0.72890633,0.7301394,0.718373,0.27545616,0.75851005,0.7124423,0.7592521,0.21391213,0.77802885,0.6178905,0.77827454,0.40883276,Stable
0.36778957,0.48604894,0.4915217,0.652089,0.48652515,0.36401615,0.72858405,0.7302202,0.71855414,0.27538335,0.7585974,0.7122272,0.75924957,0.21280733,0.77811766,0.6175009,0.7781104,0.4084445,Stable
0.36742705,0.4832614,0.4920377,0.64157104,0.47877678,0.36465186,0.72389865,0.72627825,0.7250699,0.2537644,0.75089806,0.6958989,0.75557035,0.21345732,0.7783157,0.5977116,0.77706814,0.39652142,Stable
0.36934328,0.483324,0.49452496,0.6396593,0.47925457,0.35854518,0.7211455,0.72529495,0.72354674,0.2530209,0.7612178,0.70739985,0.7520176,0.21327329,0.7816908,0.60003006,0.7809943,0.39730653,Stable
0.37297672,0.48324257,0.48859173,0.63420147,0.47732133,0.3583824,0.72127223,0.71813047,0.726993,0.25629202,0.76554936,0.71262836,0.7546098,0.21744196,0.778743,0.5952374,0.7795714,0.39417535,Stable
0.37200698,0.47427917,0.4876791,0.6308254,0.4717313,0.34932512,0.7207164,0.7136644,0.72619194,0.24970399,0.76569337,0.71776694,0.75355256,0.22042298,0.7814595,0.59501606,0.7784433,0.39340776,Stable
0.3720138,0.47432992,0.48771656,0.6308085,0.4717408,0.3495413,0.72088456,0.7140767,0.72619647,0.24950813,0.76586646,0.717791,0.7533905,0.22044241,0.7814143,0.59500575,0.7784106,0.39334464,Stable
0.37200683,0.47402143,0.49012417,0.62720305,0.47164378,0.347184,0.72618145,0.7100208,0.7265987,0.25300074,0.7550277,0.7056064,0.7534179,0.22066991,0.78077424,0.5857708,0.7813088,0.38967937,Stable
0.3765567,0.47291023,0.49245787,0.62810993,0.47810063,0.34320688,0.7297444,0.70649374,0.71311253,0.25525698,0.7598355,0.7068076,0.7551708,0.21578059,0.7819462,0.5921843,0.7776309,0.3885921,Stable
0.37476635,0.47297335,0.49075836,0.62756455,0.48154637,0.34640273,0.7258866,0.70844,0.72429323,0.2334423,0.7598414,0.7154217,0.7546071,0.21659723,0.78043216,0.59200084,0.7763869,0.3854067,Stable
0.37437746,0.47343695,0.49276072,0.6284121,0.48017046,0.34520802,0.72642654,0.7088251,0.7268304,0.2330101,0.7590358,0.71337473,0.7530284,0.21733622,0.7803682,0.58454156,0.7758825,0.38302583,Stable
0.3744408,0.4735379,0.4927851,0.628338,0.48005852,0.34523362,0.72655076,0.7088597,0.7267627,0.23303133,0.7593393,0.7134522,0.7529358,0.21738856,0.780409,0.58451,0.7758478,0.38318253,Stable
0.3727451,0.47388607,0.49263036,0.62656283,0.47995657,0.3487525,0.7194443,0.7110065,0.72444,0.22903419,0.7566408,0.7127313,0.7522492,0.22030929,0.7792165,0.58473986,0.7762932,0.38578498,Stable
0.37116453,0.4764771,0.49485728,0.62728095,0.47492275,0.3558091,0.71685594,0.7135589,0.72158664,0.23067853,0.75673485,0.7171947,0.74914706,0.22173178,0.7713656,0.58520806,0.7681186,0.39094827,Stable
0.3722703,0.4789042,0.4897948,0.6287344,0.4810561,0.35447204,0.71400845,0.7116472,0.7175051,0.24350476,0.7589394,0.73130333,0.7495955,0.22778235,0.77377146,0.5856674,0.76959467,0.3930552,Stable
0.37236297,0.4843977,0.48745987,0.63771194,0.4872733,0.35901242,0.7198789,0.7271251,0.7181777,0.24718115,0.75467575,0.72882503,0.7514715,0.2497924,0.77529085,0.59699166,0.77201504,0.3983844,Stable
0.37250528,0.48454106,0.4875303,0.63766426,0.48719412,0.35892928,0.7198977,0.7271142,0.718291,0.24718218,0.7547718,0.72874665,0.7512343,0.24976586,0.7752468,0.59698844,0.7719753,0.39839733,Stable
0.37355608,0.4853037,0.49406356,0.6408167,0.48678166,0.36165375,0.72137177,0.72278595,0.71873915,0.24709198,0.7515351,0.73425716,0.75304574,0.24691889,0.7754326,0.61406934,0.77493095,0.41051644,Stable
0.37436646,0.4878777,0.48891982,0.6461969,0.49214828,0.36316153,0.71578026,0.7378719,0.7234046,0.25596738,0.74852574,0.7291722,0.73790497,0.28737614,0.7746558,0.6085752,0.7751619,0.40848503,Stable
0.37502152,0.4898462,0.48914894,0.6481534,0.49487942,0.37212735,0.7165698,0.73529315,0.71514505,0.28450254,0.7507876,0.7321631,0.74191356,0.2793763,0.7746818,0.6180887,0.7759292,0.41845852,Stable
0.37452817,0.49326533,0.4928009,0.6566873,0.48830467,0.37624356,0.71316934,0.7377924,0.7162032,0.27259445,0.7465009,0.74179614,0.7483797,0.28531736,0.77509356,0.6215734,0.7749405,0.41661057,Stable
0.3744926,0.49328542,0.4926884,0.6566358,0.48847234,0.37610847,0.713081,0.7378096,0.7160782,0.27263176,0.74651885,0.7418704,0.74844027,0.28523648,0.77503645,0.62165487,0.7749583,0.4165197,Stable
0.37518486,0.49809772,0.4910261,0.66270685,0.48117048,0.38018045,0.7172477,0.7412586,0.7071551,0.27146262,0.747856,0.7384073,0.7518453,0.29331058,0.7760004,0.621618,0.7756056,0.4274453,Stable
0.3784389,0.5052425,0.4876083,0.6618561,0.47607857,0.38298464,0.70430183,0.7453949,0.6963819,0.2855937,0.7538092,0.74545777,0.7538873,0.2841564,0.7738607,0.6208025,0.7726657,0.42827088,Stable
0.37871632,0.51286095,0.48773855,0.66200733,0.46400094,0.38950038,0.69829965,0.74627614,0.6734178,0.26341844,0.74668145,0.74014294,0.5056493,0.21295522,0.7651936,0.61610854,0.76401114,0.41581857,Stable
0.37764215,0.5185915,0.4876119,0.6642499,0.46730787,0.3934251,0.70234007,0.75406504,0.6996776,0.27799588,0.7505321,0.749623,0.5089134,0.23618013,0.76567715,0.6210035,0.76143515,0.4183143,Stable
0.37764788,0.5185765,0.48764428,0.6641571,0.46740624,0.39347845,0.70226693,0.7539899,0.6986184,0.28155166,0.75058746,0.7493949,0.50872564,0.23633516,0.7657893,0.62078875,0.7615199,0.41845834,Stable
0.37495518,0.51727825,0.48599595,0.66738933,0.47330177,0.3964581,0.6956912,0.75160617,0.70239973,0.28494358,0.74530125,0.7617488,0.74397385,0.28592148,0.7702669,0.6245956,0.76627326,0.42968506,Stable
0.37700218,0.51709807,0.48565587,0.674719,0.46979135,0.40038833,0.69357216,0.7594106,0.7086588,0.2861231,0.7408867,0.7649447,0.513409,0.24160281,0.76255906,0.6286602,0.75969434,0.43435812,Stable
0.37596363,0.51884675,0.4911606,0.6797862,0.4651787,0.40535614,0.7020334,0.77337,0.7116182,0.27975428,0.73903847,0.7624597,0.5168894,0.25197655,0.7659546,0.6286013,0.7625441,0.4345189,Stable
0.37848073,0.5234406,0.48894578,0.6825386,0.46813416,0.4054875,0.69875944,0.7649471,0.7030628,0.286254,0.74411815,0.75911355,0.52333975,0.26460114,0.76230776,0.6399368,0.7611588,0.43606508,Stable
0.37848288,0.5234749,0.48895964,0.6825332,0.46819207,0.40575546,0.6988499,0.764976,0.7027941,0.28661638,0.7442353,0.7589457,0.5233804,0.2646932,0.762506,0.6399977,0.76126504,0.43632206,Stable
0.38054416,0.52711916,0.49226484,0.6853262,0.47216153,0.40345877,0.7082553,0.7672366,0.73559874,0.27415454,0.74223554,0.7603065,0.5268799,0.2779596,0.7631607,0.62838054,0.76073736,0.4306545,Stable
0.38094068,0.5286822,0.4849846,0.68851346,0.47126472,0.40913105,0.71501887,0.7751981,0.72794557,0.2805052,0.7496333,0.7618948,0.53291386,0.29286024,0.7692875,0.6412063,0.76856446,0.4346736,Stable
0.38029212,0.5319785,0.49036738,0.6865079,0.46671736,0.40273365,0.7136955,0.781921,0.7433848,0.27211946,0.74645805,0.7561456,0.536343,0.2932485,0.76615536,0.6407492,0.76493424,0.4332626,Stable
0.38273466,0.533703,0.49211532,0.6912078,0.463385,0.40651107,0.71462244,0.7828405,0.7294525,0.27508628,0.7457918,0.75511074,0.52744526,0.29681826,0.7653407,0.6323935,0.76157546,0.4295708,Stable
0.38249037,0.53352046,0.49209148,0.6911356,0.46316046,0.40658075,0.7144624,0.78300834,0.72873974,0.27481788,0.7459874,0.7549369,0.5270454,0.2967323,0.7651564,0.6323347,0.76137775,0.42962027,Stable
0.3792672,0.53738153,0.49495193,0.69565415,0.46627852,0.40186092,0.71654195,0.78353,0.7361643,0.2765423,0.74330753,0.75862503,0.5335008,0.2948531,0.7673408,0.6326818,0.7663586,0.43110085,Stable
0.3794315,0.54081625,0.49727845,0.7007736,0.46884418,0.39800364,0.72116065,0.7808069,0.72184724,0.28600916,0.7434032,0.75018644,0.5324161,0.297965,0.7692599,0.63876957,0.7675458,0.43368357,Stable
0.381472,0.54013306,0.49660563,0.70034456,0.47171158,0.39719945,0.72106475,0.78618306,0.721673,0.29184416,0.7441075,0.7522673,0.53693336,0.29979825,0.76735485,0.64023864,0.7661896,0.43609297,Stable
0.3829287,0.53930736,0.49476826,0.7002241,0.4787776,0.4053707,0.7199782,0.78733456,0.7432382,0.28219673,0.74294746,0.75491446,0.53759015,0.3004398,0.7692293,0.6440808,0.7666327,0.4383285,Stable
0.382757,0.53948355,0.49492761,0.7004742,0.47904512,0.4054076,0.7200966,0.78731525,0.7434634,0.28246439,0.74296606,0.7546219,0.5379652,0.30042905,0.769356,0.64406,0.7667743,0.43823397,Stable
0.38180572,0.5404443,0.49530107,0.70278,0.48236355,0.40492857,0.71604836,0.78584206,0.74297637,0.28900832,0.7418353,0.758057,0.54240084,0.30423284,0.7664861,0.6473211,0.7661842,0.4391086,Stable
0.38118058,0.54132026,0.4926377,0.70268154,0.48333728,0.39659703,0.7173928,0.7804271,0.727908,0.29730445,0.74382615,0.7429495,0.54316807,0.30279547,0.769845,0.6468919,0.7684748,0.4365325,Stable
0.37880084,0.5370599,0.49585724,0.7030489,0.48123273,0.39983118,0.7168343,0.78387046,0.7136537,0.29771334,0.7458116,0.7365798,0.5415847,0.30359244,0.770671,0.65071243,0.76853913,0.43686533,Stable
0.3793852,0.5382494,0.49661458,0.7006562,0.4780115,0.397936,0.7088249,0.7718295,0.69679046,0.29383534,0.7495146,0.7461921,0.5420865,0.30169484,0.76914394,0.6517431,0.768749,0.43363306,Stable
0.37928635,0.5381559,0.4967069,0.70070636,0.47800958,0.39789686,0.7088456,0.77185977,0.6967749,0.2938344,0.74938095,0.7465265,0.54200613,0.30182424,0.76916045,0.6517179,0.7687489,0.43353617,Stable
0.3772642,0.53841454,0.4949611,0.69934416,0.475226,0.39357328,0.69743013,0.7731418,0.69509166,0.295581,0.75596184,0.76354873,0.5408964,0.30452973,0.7688393,0.6552197,0.77578807,0.43800324,Stable
0.37805018,0.5338199,0.49532694,0.6940198,0.469604,0.40321618,0.6965498,0.76992774,0.6859509,0.2850895,0.74959123,0.7691066,0.53774685,0.3023917,0.76741284,0.6493617,0.766675,0.43091077,Stable
0.37659392,0.53310907,0.4929613,0.6927252,0.4664961,0.40541732,0.6960242,0.7650156,0.6783349,0.2977985,0.7506828,0.73342776,0.5150933,0.3131492,0.7679247,0.64884096,0.7663635,0.4440379,Stable
0.3759317,0.53200674,0.49516675,0.6928889,0.4653716,0.40983218,0.70627975,0.7667066,0.6737501,0.29211745,0.7540783,0.72074246,0.51255774,0.3061232,0.7719948,0.65174305,0.7679218,0.44818372,Stable
0.37597996,0.5318376,0.49509054,0.6930069,0.46551389,0.40968585,0.7057457,0.76703376,0.6740298,0.2922113,0.7540774,0.72190356,0.5127851,0.30588856,0.7720806,0.65204436,0.7681502,0.44817102,Stable
0.37525102,0.5320885,0.503762,0.6994922,0.46795362,0.4088804,0.7271055,0.76464725,0.6682795,0.2941431,0.7569353,0.7117536,0.5196711,0.29223722,0.77016944,0.63288724,0.76386154,0.43888712,Stable
0.3753264,0.5346147,0.5069627,0.7024781,0.46722686,0.40596947,0.72858423,0.75987476,0.66272306,0.28595126,0.7585087,0.71207637,0.5165741,0.29279262,0.7672415,0.62797654,0.76175475,0.43332392,Stable
0.37487763,0.53544277,0.5057368,0.70338625,0.47028995,0.40769488,0.724302,0.7613463,0.6704962,0.2987448,0.7605499,0.71304315,0.50642985,0.2968536,0.77238697,0.6316177,0.7656762,0.4381884,Stable
0.37691677,0.53358173,0.50683296,0.7037076,0.4673518,0.40779588,0.72733295,0.757265,0.660547,0.29842234,0.7468757,0.715527,0.5050646,0.29465398,0.7669281,0.62586105,0.7627177,0.43588656,Stable
0.37691817,0.53358996,0.50683665,0.70373845,0.4672421,0.40780625,0.7272269,0.75739276,0.66036755,0.2983845,0.7469587,0.7155119,0.5049864,0.29478192,0.76683867,0.62593114,0.7626342,0.435868,Stable
0.37546727,0.5317978,0.50394285,0.70225924,0.46864304,0.4092893,0.7300019,0.7595653,0.6698124,0.30105752,0.7436544,0.7054657,0.51009196,0.2942823,0.76866835,0.6282296,0.7651057,0.4365347,Stable
0.3785088,0.53007305,0.504678,0.70348394,0.46735713,0.40733787,0.72755426,0.76035666,0.6733272,0.30267757,0.75721973,0.7028539,0.50512105,0.3025561,0.7710516,0.6432384,0.7658272,0.44381857,Stable
0.3781397,0.5304458,0.5060357,0.70351887,0.4651103,0.41070387,0.7249672,0.76622367,0.65748274,0.3152357,0.75028765,0.70205796,0.5034494,0.301239,0.7659647,0.64435977,0.76386034,0.44435048,Stable
0.37938195,0.5325037,0.5088883,0.7023474,0.46920377,0.40953892,0.7248664,0.7656363,0.68098116,0.3087975,0.7482176,0.7058942,0.5233865,0.29920712,0.76977,0.6450935,0.7679526,0.44588488,Stable
0.37943217,0.5324514,0.50898236,0.7023169,0.46918535,0.40963137,0.7248478,0.7656364,0.68094224,0.3088062,0.748196,0.70592445,0.52321374,0.29939118,0.7696394,0.64499176,0.76782846,0.44590437,Stable
0.37956655,0.53407574,0.5055919,0.7031297,0.4676113,0.4020383,0.7215807,0.76066583,0.6761911,0.30837584,0.75289863,0.72264093,0.50597274,0.30474997,0.76989645,0.6414441,0.76972836,0.44412285,Stable
0.37975344,0.5282795,0.49803945,0.6950941,0.47397757,0.39868832,0.7080831,0.7548747,0.68127364,0.31108916,0.74869406,0.71860164,0.49648213,0.31948736,0.7652434,0.63622564,0.7664229,0.44175193,Stable
0.37895736,0.52525985,0.49849507,0.6930264,0.46910307,0.40118062,0.70435095,0.75600666,0.67853594,0.31434655,0.74913776,0.7267035,0.501712,0.31714505,0.76884663,0.62714577,0.76964295,0.43863833,Stable
0.379916,0.5246184,0.49840355,0.6894695,0.47719008,0.3969912,0.71621436,0.74663633,0.68321055,0.3052143,0.74980676,0.7136841,0.51275384,0.32078788,0.771578,0.62563986,0.7686347,0.43897343,Stable
0.37996536,0.5246921,0.49831042,0.6895739,0.47740185,0.39682764,0.7162634,0.74719214,0.68355393,0.30509418,0.7496988,0.71421564,0.5132298,0.3206831,0.7716299,0.6258487,0.76879925,0.43908927,Stable
0.3779794,0.52127266,0.49893707,0.68490946,0.4782121,0.39115036,0.70543575,0.74638164,0.67978406,0.3067411,0.75595367,0.71981514,0.5131924,0.3197491,0.7706338,0.62914526,0.772264,0.44109315,Stable
0.37646052,0.51581556,0.49898487,0.6841011,0.47110415,0.39211017,0.6990749,0.7474514,0.67347586,0.30872154,0.7527766,0.7229079,0.5001062,0.32110572,0.7724477,0.62566507,0.7702005,0.4410869,Stable
0.3751554,0.5160978,0.49826455,0.680434,0.4734311,0.38610286,0.6965755,0.74483943,0.67918766,0.30721474,0.7521145,0.7142546,0.51387846,0.32091027,0.771976,0.62622297,0.7738409,0.4383847,Stable
0.37774414,0.5136409,0.49620005,0.6752631,0.47526783,0.3865677,0.69015336,0.7406262,0.67372936,0.301635,0.7497403,0.7116624,0.7501909,0.2929628,0.76700586,0.6276441,0.76700103,0.4403413,Stable
0.37779447,0.51363397,0.4962235,0.6752045,0.47530854,0.38663363,0.68982255,0.7407187,0.67360604,0.3018263,0.74975765,0.7119142,0.7500171,0.30560523,0.76719034,0.6277463,0.76716745,0.4404907,Stable
0.37534913,0.5061696,0.49212667,0.6699563,0.4758845,0.38297862,0.7020065,0.7231726,0.6915742,0.29609105,0.75268143,0.6914031,0.7516925,0.30303088,0.77545357,0.6137473,0.77223444,0.42455932,Stable
0.37604627,0.4989711,0.491683,0.67041034,0.4774922,0.38403165,0.6965605,0.7379858,0.67588586,0.29812986,0.7511746,0.7104771,0.50843006,0.32930684,0.7704843,0.618136,0.7732161,0.4253034,Stable
0.37682652,0.49505016,0.4913565,0.66578805,0.47673112,0.3794819,0.69664574,0.7259631,0.67997384,0.29231405,0.75183547,0.6827631,0.72617906,0.30286258,0.7718891,0.61640614,0.77461946,0.4301451,Stable
0.37730938,0.4878736,0.49128008,0.6626197,0.47857082,0.37627003,0.69518685,0.72249186,0.6795914,0.29265815,0.7535593,0.68369925,0.7603936,0.29112193,0.7695467,0.6118352,0.773401,0.428902,Stable
0.3771186,0.48853585,0.4912305,0.6625247,0.47866118,0.37623286,0.6952617,0.72256744,0.6796939,0.29249203,0.7534811,0.68380976,0.76010674,0.2913453,0.7694701,0.6120218,0.7733352,0.42880875,Stable
0.37751743,0.48756203,0.49598214,0.66146815,0.47894394,0.37490937,0.69912434,0.7194017,0.69190645,0.29016602,0.7552179,0.68010825,0.77052104,0.276502,0.7738956,0.6077372,0.77765024,0.41830537,Stable
0.3772651,0.48439717,0.49475047,0.65698266,0.48170346,0.37249863,0.69066066,0.72012055,0.6920392,0.2856282,0.751389,0.6857208,0.5118509,0.3242365,0.77363324,0.6099568,0.7793524,0.42613852,Stable
0.3796372,0.4864206,0.49668917,0.6572194,0.48538253,0.37376112,0.6889407,0.7180926,0.69303024,0.27550682,0.7500336,0.6865823,0.71656865,0.30638024,0.7777311,0.60870445,0.77918005,0.41859794,Stable
0.37800252,0.48284552,0.4899629,0.652799,0.485475,0.37032324,0.6952073,0.71703756,0.6921298,0.2774269,0.753056,0.6845373,0.75755686,0.29857972,0.78220695,0.6003406,0.78218615,0.41538495,Stable
0.37802744,0.48279822,0.49004984,0.6528371,0.48540425,0.3703298,0.6953592,0.7169943,0.69210577,0.27746877,0.7530054,0.68460846,0.75729465,0.29862663,0.7820816,0.6003937,0.78210753,0.4154795,Stable
0.37730253,0.48381707,0.48914623,0.6513864,0.48569137,0.3671027,0.6961509,0.71524155,0.6955597,0.2797736,0.752754,0.684071,0.7574396,0.311417,0.78011954,0.5994675,0.77959245,0.41302878,Stable
0.37760982,0.48187718,0.49470943,0.65318847,0.48856175,0.3656445,0.6991848,0.7128286,0.69621485,0.281656,0.7531798,0.6826328,0.75658107,0.30542505,0.78013414,0.6075141,0.7824377,0.41467935,Stable
0.38043842,0.48258495,0.49387342,0.65527236,0.48497579,0.36709413,0.69678414,0.71645254,0.685079,0.27664822,0.75235194,0.68221825,0.7758312,0.24753428,0.77950466,0.5989548,0.7785517,0.41159245,Stable
0.37746057,0.48115778,0.4928618,0.6543498,0.4822392,0.36962637,0.69995034,0.7155007,0.68953717,0.2735688,0.75390244,0.6815683,0.76645803,0.2624455,0.7783457,0.5964943,0.7759565,0.41060993,Stable
0.37748381,0.4811891,0.49286425,0.65434813,0.48222265,0.36960208,0.69993436,0.71553034,0.6895203,0.2735471,0.75389355,0.6815319,0.76641434,0.26236516,0.7783507,0.59646684,0.77596945,0.41061068,Stable
0.37817368,0.48141798,0.49138445,0.65373516,0.48287532,0.3687466,0.6951017,0.7102152,0.6883446,0.27561453,0.752561,0.6841859,0.7678003,0.28127885,0.7774161,0.5951303,0.7766759,0.4107928,Stable
0.37781474,0.483109,0.4918147,0.6546757,0.483622,0.36672863,0.6975552,0.7070719,0.68780994,0.27660018,0.7545918,0.68684936,0.77104795,0.26768142,0.77964437,0.59543,0.7780163,0.4097566,Stable
0.37755725,0.48348853,0.49027357,0.65272295,0.4840643,0.3663416,0.6988841,0.7092714,0.6883683,0.27664542,0.7565428,0.6882466,0.76328534,0.27860707,0.77946633,0.597505,0.7776658,0.40982533,Stable
0.37669465,0.47999054,0.48745543,0.6503126,0.48149514,0.3682241,0.7016127,0.7097448,0.6894364,0.2762764,0.7559537,0.68162966,0.768392,0.26612324,0.7781836,0.60867083,0.77871245,0.4152561,Stable
0.3765899,0.4799714,0.48730502,0.650709,0.4814282,0.36797938,0.7014825,0.7102258,0.68949544,0.27606323,0.75588274,0.6817441,0.76890296,0.26625448,0.77812326,0.6085949,0.77869153,0.41491804,Stable
0.37702364,0.48306686,0.4866339,0.64952743,0.4858284,0.36964405,0.7036921,0.7068719,0.68733686,0.27586088,0.758489,0.66381335,0.75167954,0.28831288,0.77724135,0.59837025,0.77614343,0.40806377,Stable
0.37397385,0.48449755,0.48680586,0.6512941,0.48735696,0.36870086,0.70355153,0.70122087,0.6948323,0.27459276,0.75306773,0.67322075,0.7583891,0.27754015,0.78010416,0.5962665,0.77699745,0.40543145,Stable
0.3758876,0.48445866,0.4852342,0.6514684,0.48409468,0.37031734,0.698471,0.70954174,0.69281,0.27745205,0.7531693,0.67411435,0.7567489,0.2672051,0.78010887,0.59757376,0.7776188,0.4067702,Stable
0.37580025,0.49039707,0.48705643,0.6528652,0.48063308,0.3710003,0.7133531,0.71264446,0.6908549,0.27736124,0.75261295,0.6697936,0.74374974,0.2955166,0.7792938,0.595672,0.7784041,0.4086264,Stable
0.37577945,0.4905042,0.48662996,0.65270436,0.4804718,0.3710376,0.7126624,0.7126769,0.6905582,0.2774667,0.7527742,0.67052877,0.7435931,0.29535317,0.7791199,0.5958297,0.778339,0.408745,Stable
0.37462813,0.4917581,0.4888975,0.6490774,0.48100853,0.37278363,0.71209764,0.71490514,0.6845119,0.28388166,0.75139713,0.66184926,0.7604134,0.2664286,0.7800609,0.595301,0.77996373,0.40806496,Stable
0.37352988,0.49776638,0.4895988,0.6560906,0.48302603,0.37456924,0.7083051,0.7241544,0.67756546,0.29304236,0.75253904,0.67805505,0.7638831,0.26664695,0.778723,0.608783,0.77804995,0.41567403,Stable
0.36769843,0.5003513,0.49090979,0.66026306,0.47306654,0.38058543,0.7124888,0.72655123,0.6758668,0.29861724,0.751284,0.6795961,0.7495453,0.28282207,0.775646,0.6114335,0.7728185,0.41774553,Stable
0.36955592,0.5085715,0.4925997,0.66054654,0.47992748,0.3836171,0.7157109,0.7248471,0.6741805,0.3002683,0.75231284,0.68129224,0.75571454,0.28284252,0.7790252,0.61231714,0.7760002,0.42027068,Stable
0.369448,0.50848365,0.49258238,0.6603819,0.47996077,0.38363093,0.71563244,0.7245969,0.67398953,0.30035964,0.7522863,0.68131274,0.7564942,0.2825068,0.7791223,0.6121794,0.7759964,0.4200836,Stable
0.3714434,0.5107169,0.4912423,0.66059667,0.4817347,0.38556862,0.71695155,0.72516096,0.6714169,0.30216968,0.7518212,0.677832,0.7561542,0.28491935,0.77905315,0.61705583,0.7757503,0.42414308,Stable
0.37445647,0.5182997,0.49335763,0.66580284,0.4779626,0.384428,0.7172315,0.73298395,0.6716,0.30139685,0.7482848,0.6799316,0.7553439,0.2858862,0.7774911,0.6160251,0.77249515,0.42107898,Stable
0.37506598,0.5192188,0.49221432,0.67039484,0.47520292,0.38455194,0.70658195,0.7303087,0.6732604,0.30179593,0.75299835,0.6945753,0.7530916,0.28204617,0.77648246,0.6176374,0.7702264,0.42037863,Stable
0.3721704,0.5208571,0.49450096,0.6758134,0.4766749,0.38853678,0.7193481,0.73035234,0.6768868,0.30614918,0.7502885,0.6938162,0.7543645,0.29491553,0.7795202,0.61779696,0.7734184,0.42600733,Stable
0.37215957,0.52088046,0.49451,0.67577285,0.47659492,0.38842326,0.719387,0.7301835,0.67707527,0.30593732,0.7504882,0.6935657,0.7545459,0.29512557,0.7795397,0.6177859,0.77339166,0.425878,Stable
0.36914083,0.52519715,0.4888783,0.67558527,0.48412538,0.390954,0.7194277,0.7271382,0.6805421,0.314175,0.75796187,0.68906015,0.7601409,0.29372662,0.7821962,0.61885357,0.77664864,0.42829847,Stable
0.36636043,0.5273602,0.49059197,0.6789956,0.48236662,0.39316863,0.7283927,0.72391665,0.6836006,0.31065083,0.762437,0.6786226,0.7624992,0.3009577,0.7799144,0.6195954,0.7738805,0.42706153,Stable
0.36987674,0.52602583,0.49254546,0.6813991,0.4817136,0.39240262,0.7351707,0.72029126,0.6793705,0.30659586,0.7652206,0.67810965,0.78066486,0.255302,0.7810809,0.6198611,0.777297,0.42421597,Stable
0.3728766,0.52440584,0.49632174,0.6830075,0.4808777,0.39230904,0.7343061,0.7273582,0.6825137,0.30502796,0.75744617,0.68801016,0.76834846,0.2998069,0.78486985,0.62244797,0.7795861,0.42552382,Stable
0.37282062,0.5244036,0.49637038,0.6830479,0.4809892,0.39240167,0.73433125,0.72730803,0.68261707,0.3048982,0.7574312,0.68788826,0.7684063,0.29982197,0.78487676,0.6224763,0.7796285,0.42549762,Stable
0.37246212,0.5185867,0.4911376,0.6848495,0.48333627,0.3910042,0.7348721,0.7275104,0.6920599,0.3054293,0.76004124,0.69330955,0.7669966,0.30143434,0.78136635,0.62013334,0.77618563,0.42510706,Stable
0.36990422,0.5272835,0.49557596,0.68346095,0.48502666,0.39072976,0.73134744,0.7282175,0.6946565,0.30763623,0.76398957,0.69214815,0.76751035,0.30399555,0.78171563,0.6235004,0.7767401,0.426092,Stable
0.36768472,0.5258157,0.4908813,0.6793573,0.48619506,0.38864145,0.7300274,0.72119755,0.69320905,0.31077212,0.7640997,0.69825476,0.77297723,0.29981595,0.78648806,0.6183474,0.782141,0.41790077,Stable
0.36366105,0.5253235,0.48950407,0.67818445,0.48861337,0.38824046,0.7285025,0.7243235,0.6911746,0.30478188,0.7622964,0.69435686,0.770754,0.299653,0.78251255,0.62676966,0.78129685,0.4251468,Stable
0.36369812,0.5253047,0.48949492,0.67829525,0.48854774,0.3882398,0.72864735,0.72490704,0.6911244,0.3048066,0.7624638,0.694304,0.7708212,0.2997526,0.78260314,0.6267455,0.7812911,0.4251612,Stable
0.36580598,0.52394706,0.48824498,0.6754405,0.48799723,0.38397974,0.72238487,0.72605956,0.6922616,0.3041451,0.7629876,0.69627184,0.76914525,0.2918517,0.7868711,0.6207838,0.7830085,0.42466104,Stable
0.36652577,0.5158814,0.49086386,0.6787827,0.49161702,0.38144407,0.7297289,0.7220089,0.69871587,0.30047023,0.7696737,0.69348466,0.76738596,0.30663446,0.79051244,0.6194289,0.78552854,0.42570472,Stable
0.3666502,0.51636696,0.49277538,0.67508805,0.4914404,0.38168666,0.71492857,0.7267913,0.6962166,0.29941958,0.76536953,0.7100122,0.7625588,0.30364692,0.78595805,0.6198044,0.7828058,0.4256323,Stable
0.3688572,0.5147842,0.48923764,0.6744561,0.48982877,0.3829306,0.71238875,0.72933614,0.69453853,0.30057925,0.7605752,0.7099506,0.7578158,0.29851785,0.78418946,0.6202766,0.78103733,0.42598543,Stable
0.36884952,0.51474756,0.4893169,0.67435634,0.4898158,0.3828946,0.71249366,0.72950387,0.69466436,0.30050468,0.76059747,0.7088477,0.7580022,0.29885778,0.78445804,0.6203165,0.7812098,0.42600498,Stable
0.36891353,0.51544607,0.49168214,0.67466825,0.490543,0.3824662,0.7132572,0.7306408,0.687613,0.30402717,0.7606988,0.70936596,0.75758266,0.3070801,0.7860295,0.620668,0.78092384,0.42642948,Stable
0.37209627,0.5144986,0.4916051,0.6739688,0.49122894,0.38235414,0.7093564,0.7325442,0.6898854,0.29882777,0.75951123,0.7085197,0.7567908,0.29369164,0.78484786,0.6202841,0.7803023,0.4244778,Stable
0.36924905,0.51461667,0.49536097,0.6747345,0.48896235,0.37933582,0.7157539,0.7366316,0.694616,0.29328167,0.75870264,0.7119593,0.7564141,0.3002477,0.7837479,0.6184038,0.7758807,0.4168614,Stable
0.37020832,0.5111587,0.48698127,0.6711092,0.48803088,0.38086066,0.718158,0.724628,0.6962147,0.2890797,0.75384045,0.6839893,0.7772145,0.24903607,0.78360504,0.6088228,0.77613497,0.40970445,Stable
0.3702641,0.5111098,0.4868791,0.67125726,0.4879349,0.38085827,0.71810436,0.7245326,0.69608295,0.2892123,0.75365317,0.6844317,0.77737516,0.24872813,0.7835073,0.60886395,0.7760831,0.40971622,Stable
0.37061188,0.5164263,0.4944021,0.6756227,0.488079,0.37921524,0.7136981,0.7315771,0.6946678,0.2892222,0.7534086,0.70013237,0.7772631,0.2451522,0.7814088,0.6123856,0.77332544,0.41153416,Stable
0.36975622,0.5148999,0.48743534,0.67331314,0.48947537,0.38259384,0.7112405,0.72778714,0.69484925,0.2948577,0.7630698,0.70879686,0.7753119,0.24357817,0.7831508,0.6104349,0.7751396,0.41048938,Stable
0.36759472,0.5156815,0.49637836,0.67494154,0.4883318,0.38244623,0.71367466,0.7304827,0.69650614,0.29338437,0.759412,0.70846426,0.7760345,0.23996219,0.7823218,0.6147248,0.7755248,0.41439342,Stable
0.3653991,0.51561946,0.48971802,0.67272496,0.4901567,0.38590726,0.724277,0.72664493,0.695919,0.29132357,0.75463355,0.7015232,0.7723271,0.23895054,0.78243864,0.6181991,0.775821,0.42270678,Stable
0.36535904,0.5156038,0.4897223,0.6726786,0.49020737,0.3859441,0.72432345,0.7264999,0.6959573,0.29119027,0.7546155,0.70165145,0.7722594,0.23880385,0.78248495,0.61819524,0.7752985,0.4177327,Stable
0.36447358,0.5181577,0.49628007,0.6728394,0.49101707,0.38457382,0.7218861,0.7303214,0.69912285,0.29054466,0.75067043,0.7109241,0.77920455,0.24690273,0.7788346,0.61736554,0.77427834,0.4147339,Stable
0.365147,0.5203918,0.4962995,0.6747295,0.48891628,0.38521025,0.7206625,0.73338294,0.6940445,0.28910446,0.7504412,0.7146094,0.7820133,0.24051753,0.7741109,0.6156659,0.7701459,0.412089,Stable
0.36518285,0.52372706,0.49342915,0.6738066,0.48759288,0.38789198,0.72216547,0.7266976,0.6858815,0.29548785,0.7529604,0.70924115,0.78204155,0.2431531,0.77744365,0.6163064,0.773721,0.4135766,Stable
0.36379835,0.5252577,0.4950875,0.67589223,0.48782986,0.3860517,0.7271576,0.72247905,0.68760455,0.2949834,0.74817884,0.7054993,0.782066,0.24815178,0.77535933,0.61474556,0.77027553,0.41152418,Stable
0.3637852,0.5252655,0.495095,0.6757506,0.48785636,0.3860926,0.7267801,0.7216648,0.68751884,0.294984,0.7484977,0.7050745,0.7820561,0.24832593,0.7754345,0.61453605,0.7702838,0.4115358,Stable
0.36774278,0.524551,0.49209493,0.6751312,0.48918554,0.3861036,0.72870064,0.7346651,0.6936978,0.29164216,0.75037,0.70350814,0.7627132,0.2963662,0.7754003,0.6145884,0.7703159,0.4131331,Stable
0.3685894,0.52503383,0.4956214,0.6700274,0.4882446,0.38575122,0.72864354,0.7307746,0.69276035,0.29333493,0.7549906,0.70604366,0.76281214,0.29444566,0.77851814,0.60167944,0.77208346,0.40603137,Stable
0.3674189,0.5257933,0.49687392,0.66862094,0.4886675,0.38596663,0.72609067,0.732011,0.68553376,0.2964176,0.7565579,0.70022726,0.7702961,0.28496042,0.7791053,0.60465807,0.7723795,0.40926087,Stable
0.36332226,0.5193262,0.49368954,0.66750497,0.48748434,0.38129747,0.726727,0.73295355,0.6846597,0.29665,0.75387686,0.7091639,0.76760936,0.27831435,0.779941,0.612609,0.7728027,0.4073161,Stable
0.36349452,0.51941437,0.49377704,0.6676285,0.48768032,0.3811884,0.7266809,0.73317474,0.6847942,0.2966156,0.75406545,0.7094416,0.76772946,0.27836356,0.7799672,0.6125331,0.7728738,0.40733832,Stable
0.3702439,0.5208318,0.49409395,0.6669601,0.48776588,0.3812358,0.7138556,0.72919124,0.6836542,0.29626387,0.7605729,0.71303844,0.7773552,0.22397368,0.77494377,0.61451423,0.77103317,0.40894926,Stable
0.36840326,0.5199036,0.49238318,0.66478735,0.48843917,0.37966186,0.71863735,0.7361724,0.68519986,0.29508466,0.7616748,0.7117011,0.7652639,0.27899438,0.7765013,0.6126092,0.77089727,0.4095907,Stable
0.3678084,0.51873916,0.49456093,0.6669647,0.48919415,0.3798114,0.71482366,0.7400582,0.6881243,0.29447886,0.76189244,0.7209724,0.780971,0.23383091,0.7787811,0.61199147,0.7723963,0.40750656,Stable
0.3702887,0.51790804,0.49651718,0.66510653,0.48891068,0.37806082,0.7303788,0.73799646,0.6942224,0.2935051,0.76264805,0.70838714,0.7674379,0.2857716,0.7820431,0.6080985,0.77429813,0.40216118,Stable
0.3702904,0.5178994,0.496432,0.664953,0.48887897,0.37810776,0.7302623,0.7378634,0.6941453,0.29348642,0.7626535,0.7084111,0.7674844,0.28577852,0.78196204,0.6081585,0.7742301,0.40218803,Stable
0.3645948,0.5162448,0.4954643,0.6612288,0.48992643,0.3781831,0.7232795,0.73541844,0.69883597,0.2792633,0.76365256,0.7165568,0.7685775,0.22385077,0.77754676,0.6023923,0.7744457,0.4000804,Stable
0.36392137,0.5151715,0.4919513,0.6599801,0.49049097,0.37791586,0.7229418,0.7345214,0.68302226,0.29476252,0.7558422,0.719412,0.76808727,0.22135112,0.77810425,0.60308707,0.77411854,0.40335608,Stable
0.3635876,0.5110753,0.4899151,0.6619749,0.48931497,0.38022238,0.72181785,0.7342582,0.6767525,0.29768133,0.75204366,0.72635055,0.7650893,0.20646822,0.7814343,0.6075123,0.7752863,0.40338904,Stable
0.36243814,0.5107585,0.489714,0.66192806,0.48958477,0.37841102,0.71710587,0.7381329,0.67678183,0.29760897,0.7602708,0.72306037,0.77148616,0.21847522,0.7820524,0.61208725,0.77515423,0.40639588,Stable
0.36241072,0.5107744,0.48970175,0.66196936,0.48955077,0.3783006,0.71731555,0.7380282,0.6767568,0.29767668,0.7600559,0.7229707,0.7715892,0.2185393,0.7819245,0.6120389,0.77503455,0.40642986,Stable
0.3587817,0.5103017,0.48853004,0.6614171,0.48898858,0.37779516,0.715491,0.7337203,0.6759826,0.29718602,0.7674875,0.71908295,0.77415746,0.20332366,0.7848012,0.61058396,0.7777293,0.40546644,Stable
0.35830733,0.5106662,0.4939733,0.65977037,0.49007854,0.3780708,0.71490705,0.7243931,0.6802,0.29509804,0.7699885,0.72333616,0.77388996,0.20598964,0.78234816,0.6135655,0.7762291,0.4106546,Stable
0.3589413,0.51440823,0.49226424,0.65893936,0.488554,0.37981945,0.7158545,0.72065365,0.6795485,0.29635555,0.76784647,0.7192855,0.77074975,0.24330436,0.78175974,0.61547786,0.7745149,0.41075945,Stable
0.36076325,0.5159241,0.49354324,0.65731287,0.48870754,0.38082954,0.71067256,0.72053593,0.67773175,0.2975679,0.7688159,0.71850574,0.77019805,0.26421902,0.77895355,0.6196277,0.774385,0.4208541,Stable
0.36077398,0.5156845,0.48984918,0.65989053,0.4887714,0.380827,0.71076417,0.7205328,0.6777109,0.29761767,0.7687545,0.71845484,0.7700715,0.26417458,0.7789249,0.6196921,0.7743504,0.4208541,Stable
0.36471924,0.51727355,0.4915031,0.6613625,0.48807368,0.38074374,0.71793365,0.7227247,0.67654055,0.29866153,0.76810336,0.71008265,0.7681107,0.27477938,0.7815747,0.61857086,0.77425814,0.41343293,Stable
0.3652123,0.517148,0.49362049,0.6634981,0.48917717,0.38280925,0.7234944,0.71509707,0.68227136,0.29872623,0.76689047,0.70412225,0.77070165,0.27762067,0.7832637,0.6086327,0.7758553,0.41155672,Stable
0.36680353,0.5164621,0.49260673,0.6623632,0.49019787,0.38851914,0.7217838,0.7143403,0.6832761,0.29882196,0.76968265,0.69963646,0.7706859,0.28140727,0.7876235,0.60589653,0.7814085,0.41640943,Stable
0.36561793,0.51592577,0.49107325,0.6633573,0.489389,0.38876557,0.7210976,0.7216923,0.68490934,0.29754037,0.7752733,0.7108144,0.77419466,0.25133574,0.7874567,0.6062057,0.78400844,0.4145242,Stable
0.36561793,0.51593554,0.4911366,0.66331565,0.4894151,0.38883042,0.72101676,0.72134006,0.6849617,0.29759592,0.77527606,0.7111461,0.77432287,0.25138137,0.7873962,0.60636634,0.7840144,0.41468105,Stable
0.3657214,0.5161968,0.4899665,0.6610286,0.48967862,0.38374925,0.7225813,0.7259805,0.6885991,0.29599828,0.7666096,0.70844805,0.7704904,0.26827252,0.78772616,0.60600656,0.7860505,0.41173968,Stable
0.3672729,0.515862,0.4922844,0.6640394,0.49259192,0.38660395,0.7239747,0.7286706,0.6864562,0.29623014,0.7683264,0.71177787,0.7746136,0.1829894,0.7841782,0.606938,0.7806081,0.40974542,Stable
0.36846995,0.5175677,0.49218318,0.6645752,0.49185416,0.38652235,0.72028255,0.7229969,0.6828494,0.29600883,0.7742828,0.7077322,0.78045654,0.1858153,0.7836919,0.604454,0.78024256,0.40854916,Stable
0.36905444,0.5170907,0.4925124,0.66443765,0.49083802,0.38765502,0.71966136,0.7308724,0.6822676,0.29725632,0.76869977,0.707838,0.78096986,0.19039679,0.7828712,0.59096843,0.7774075,0.40436566,Stable
0.3690799,0.51705563,0.49262023,0.66444117,0.4908995,0.38761303,0.7198321,0.7308547,0.68234986,0.2972626,0.7688491,0.70752096,0.78098047,0.19039635,0.78272474,0.5908539,0.7771751,0.40410382,Stable
0.36896276,0.5178727,0.49138957,0.66444707,0.48871797,0.38641366,0.72431886,0.7302537,0.68107694,0.2972727,0.7613839,0.7043788,0.7771327,0.20302086,0.7837367,0.5913342,0.77626956,0.39693913,Stable
0.37045938,0.5196618,0.4941761,0.6625822,0.48707414,0.38533044,0.7280439,0.73393345,0.67698705,0.29699713,0.7678511,0.70228994,0.7710352,0.21060228,0.7830243,0.60996944,0.7791335,0.40778884,Stable
0.36797333,0.5185821,0.4928121,0.66396177,0.48633778,0.38195205,0.72101367,0.73651266,0.6724957,0.29737175,0.76596326,0.70071185,0.76953924,0.21093601,0.7838471,0.6088358,0.7796228,0.40598986,Stable
0.36832067,0.51462346,0.49157566,0.6632663,0.4864254,0.38326418,0.7179565,0.73901725,0.6681379,0.29688996,0.76134634,0.7016663,0.76534384,0.21566151,0.7837777,0.6117965,0.77906895,0.40796018,Stable
0.3683171,0.5146302,0.4915715,0.6632502,0.48640406,0.38325748,0.7176589,0.7391056,0.66813946,0.29690322,0.7613906,0.70179194,0.76535153,0.21567118,0.78379774,0.6118269,0.7790908,0.4080037,Stable
0.3673616,0.5150715,0.48996183,0.6642368,0.4876073,0.38180453,0.7161181,0.74272454,0.6706892,0.2967075,0.75926083,0.70937407,0.7676987,0.22135836,0.7834274,0.6123067,0.7791126,0.40713835,Stable
0.36671934,0.513613,0.4911239,0.66385233,0.48853248,0.38141352,0.71832585,0.7414538,0.6687443,0.29833183,0.7570313,0.7177963,0.7663429,0.2311996,0.78136176,0.61286056,0.7790662,0.40832016,Stable
0.3690023,0.51170146,0.49024296,0.6609275,0.490632,0.3790164,0.7170936,0.7412509,0.6717938,0.29750744,0.75033,0.7194533,0.767905,0.22272214,0.78200483,0.6115367,0.7804456,0.40920806,Stable
0.3702302,0.5080652,0.49150783,0.65944695,0.48936903,0.37576482,0.715533,0.74175465,0.66993874,0.29870263,0.747221,0.7193822,0.76348066,0.2350086,0.7787478,0.61299694,0.7783898,0.40678298,Stable
0.37028825,0.50803685,0.491487,0.659402,0.48938972,0.37578166,0.7154183,0.7417166,0.66977537,0.29869097,0.74734557,0.719385,0.76335883,0.23511969,0.77882093,0.6130517,0.77876925,0.40669233,Stable
0.3697331,0.50572157,0.49288198,0.65766525,0.48925996,0.3769583,0.7148913,0.74149215,0.66868794,0.30056837,0.7469709,0.70306814,0.7634849,0.23663203,0.78137255,0.6133019,0.77954996,0.40664113,Stable
0.3695643,0.5082696,0.4910804,0.6593147,0.49002498,0.37834606,0.71106434,0.7390703,0.67527235,0.30256483,0.75127697,0.71738374,0.7651017,0.23454228,0.78710175,0.61544496,0.7841133,0.4090446,Stable
0.37105846,0.50948954,0.49279162,0.66045356,0.49160203,0.37942696,0.71171045,0.7388623,0.67985404,0.30086708,0.759078,0.7065904,0.76610136,0.23346661,0.78910583,0.6117199,0.78436255,0.40845665,Stable
0.3736813,0.51249504,0.49611288,0.6632136,0.4896737,0.38019642,0.7179405,0.7423389,0.6800822,0.29950404,0.7629043,0.6979387,0.76511407,0.23170482,0.78920245,0.6154122,0.78367233,0.40694124,Stable
0.37367874,0.5125214,0.4961316,0.6632101,0.48958558,0.38022113,0.7178657,0.74221814,0.67999166,0.29954177,0.7627496,0.69770664,0.7649889,0.23164907,0.7891408,0.61540806,0.78364134,0.40699252,Stable
0.37269592,0.5138289,0.49316722,0.66309476,0.49081814,0.38581556,0.715201,0.74271846,0.68053985,0.30014503,0.75539184,0.7019721,0.7608766,0.23050043,0.7826709,0.6150452,0.7795154,0.40853366,Stable
0.3742475,0.5173834,0.49436745,0.6634964,0.48991522,0.38856062,0.7118099,0.7419144,0.6821599,0.3026069,0.7653246,0.7026595,0.76065314,0.23203948,0.7822981,0.6135572,0.7791669,0.41060388,Stable
0.37312448,0.5190105,0.49589235,0.6654437,0.4890761,0.39018536,0.7191392,0.7506596,0.6849141,0.30166164,0.75768065,0.6912765,0.7620275,0.23082674,0.78707325,0.6134845,0.782345,0.41002184,Stable
0.3721318,0.52025557,0.49200317,0.6655247,0.4873711,0.3912345,0.72129667,0.7387756,0.68415326,0.30193704,0.75839865,0.69232535,0.761714,0.23221797,0.7891897,0.6138271,0.7821742,0.41052943,Stable
0.37213862,0.5203018,0.4920166,0.6654983,0.48740995,0.3912227,0.72124135,0.73884696,0.6842343,0.3018872,0.7586576,0.6923613,0.76170707,0.23223966,0.78926396,0.6139641,0.7821963,0.41055757,Stable
0.37285587,0.5203451,0.49692878,0.6681235,0.48924303,0.39013976,0.72676086,0.7377157,0.6887289,0.300982,0.75725937,0.696208,0.7635371,0.23385313,0.78891176,0.6132981,0.7832924,0.40687817,Stable
0.37090492,0.5215559,0.49932966,0.6695254,0.49160105,0.3892408,0.7282228,0.7368512,0.6880593,0.30207664,0.76182735,0.69068,0.76415026,0.23845463,0.7886579,0.6136656,0.7831487,0.40529642,Stable
0.37123507,0.52234983,0.5007794,0.6719233,0.4923445,0.3910737,0.733356,0.7310023,0.68817085,0.3035789,0.7642859,0.68801856,0.7659056,0.24416083,0.78908885,0.6120304,0.78281367,0.40507433,Stable
0.37468705,0.5216532,0.49954963,0.66770446,0.49285018,0.39147934,0.7294487,0.7376098,0.6886427,0.3036341,0.7592485,0.69482946,0.76576793,0.23973207,0.7930157,0.602947,0.78419995,0.40629965,Stable
0.37470138,0.52166164,0.4994483,0.6674894,0.4928624,0.3915065,0.7294785,0.7374791,0.6886093,0.30366355,0.7591262,0.6950295,0.76573396,0.23960346,0.79303545,0.6029488,0.78422534,0.40638942,Stable
0.3749305,0.5199192,0.49444434,0.6661137,0.49268883,0.3910112,0.732552,0.7296517,0.69126296,0.3026201,0.7643477,0.69070405,0.76466864,0.23759362,0.78954,0.6076313,0.78231573,0.4080988,Stable
0.3759038,0.5194716,0.49040002,0.6680519,0.49086007,0.39183134,0.72994816,0.73141074,0.6872047,0.30616018,0.7621912,0.69249856,0.7678795,0.2440865,0.78944063,0.6144593,0.7804782,0.410107,Stable
0.3772218,0.52029103,0.4921379,0.67186636,0.4944336,0.39050183,0.7297186,0.7306746,0.6911676,0.30269897,0.76802397,0.68196845,0.7682292,0.24950588,0.792014,0.6135181,0.7812996,0.40920508,Stable
0.3758064,0.51806825,0.49064636,0.67128825,0.4926201,0.38421485,0.7276486,0.7344382,0.6940657,0.30196622,0.7650122,0.68408746,0.7631328,0.25920692,0.7918017,0.6149342,0.780251,0.4094875,Stable
0.37580377,0.51806664,0.49082476,0.6714022,0.49259496,0.38425812,0.7277852,0.734373,0.6939715,0.30199754,0.76502454,0.6840085,0.762764,0.25900427,0.79182357,0.6149899,0.7802343,0.4094462,Stable
0.37695742,0.52097607,0.48892152,0.6661812,0.49199063,0.38485536,0.71787417,0.72485566,0.69417423,0.30208284,0.7696996,0.6945881,0.76626444,0.26329145,0.7882897,0.61533165,0.7794583,0.4120085,Stable
0.3731773,0.5214337,0.4903031,0.6669636,0.49223554,0.3849048,0.7180022,0.72419727,0.6938267,0.30525398,0.7718133,0.7014185,0.77018976,0.25367624,0.7959138,0.61637235,0.7833631,0.41391,Stable
0.3739471,0.5202542,0.48983467,0.6685207,0.4938463,0.3903144,0.7202717,0.72505987,0.6892926,0.30874127,0.7624433,0.703341,0.76564443,0.2566863,0.79131645,0.61913824,0.78019,0.41626996,Stable
0.36877748,0.52507377,0.48682976,0.66751456,0.49282345,0.38128936,0.7146053,0.72618717,0.6927218,0.30602634,0.768111,0.70535207,0.7654874,0.258071,0.7908442,0.61776876,0.7789099,0.4116094,Stable
0.36895,0.5250446,0.48669833,0.6674689,0.49283776,0.38137805,0.71451634,0.72617435,0.6927012,0.30607295,0.76802367,0.70555794,0.76539326,0.25808746,0.7907762,0.6178125,0.77882814,0.4115301,Stable
0.35371804,0.5278048,0.48558336,0.6678452,0.49208963,0.38261756,0.71473044,0.7327632,0.6900503,0.30678946,0.77163905,0.7127893,0.7700995,0.2604243,0.78619164,0.62290037,0.7726563,0.41279066,Stable
0.34798357,0.5323091,0.4842889,0.6761131,0.49495018,0.38524014,0.714663,0.75763226,0.6924224,0.30576473,0.76607126,0.75852746,0.77228785,0.25974002,0.77716565,0.62690175,0.7697216,0.4155252,Stable
0.336594,0.53275067,0.48454124,0.6717345,0.4958442,0.38790578,0.7177701,0.75422144,0.68968457,0.30510622,0.7554528,0.724996,0.7687368,0.25761247,0.7759134,0.6283843,0.7686006,0.41564137,Stable
0.33726835,0.5459086,0.4848666,0.6762123,0.49383587,0.39013553,0.7182212,0.75740325,0.6890459,0.30909944,0.7490027,0.7542386,0.7630063,0.23677419,0.76695704,0.6396016,0.7643954,0.42394114,Stable
0.33731967,0.5459059,0.4851297,0.676404,0.49399918,0.389883,0.71832967,0.7574939,0.6893324,0.30889595,0.7492484,0.7542577,0.7631259,0.23656349,0.767002,0.6395556,0.76435626,0.4238077,Stable
0.3412041,0.5533464,0.4861065,0.67930955,0.49593243,0.39328277,0.7191117,0.7618751,0.688883,0.30462,0.736253,0.7612264,0.76376903,0.25737292,0.7674719,0.6406066,0.7660098,0.42816877,Stable
0.3423497,0.55815154,0.48801792,0.68319356,0.49221373,0.39322776,0.72180176,0.76280236,0.6936519,0.31029487,0.73690176,0.75607586,0.76877975,0.25907326,0.7708189,0.64406824,0.7678579,0.43020678,Stable
0.33920556,0.56217766,0.49003038,0.6935797,0.49313182,0.39484,0.7221541,0.7738833,0.69044995,0.3091751,0.74141514,0.7517811,0.7660688,0.25709915,0.7706275,0.6427612,0.7682853,0.42925346,Stable
0.3417791,0.5684834,0.4880633,0.69129837,0.49254102,0.39456266,0.71958065,0.76714647,0.6928042,0.30798405,0.74036777,0.7475389,0.7696912,0.26122046,0.7717418,0.6442989,0.7684274,0.4323725,Stable
0.34168404,0.5684997,0.48798335,0.6912064,0.4925253,0.39447185,0.7196975,0.76704276,0.69309044,0.30768445,0.7402088,0.74706936,0.7694783,0.2608565,0.7717769,0.64431906,0.7684083,0.43230593,Stable
0.341853,0.56864417,0.48974293,0.6959579,0.49190137,0.39471072,0.71824086,0.76930344,0.69591594,0.30586502,0.74576104,0.74843764,0.76760006,0.25896323,0.76925254,0.6463195,0.76578486,0.43125576,Stable
0.3481692,0.5690223,0.48680973,0.6937024,0.4910991,0.39870328,0.7101259,0.7653216,0.686496,0.3129034,0.74641293,0.75808334,0.76311606,0.26118207,0.77026,0.64510834,0.76561755,0.4315004,Stable
0.34516138,0.57089496,0.48729116,0.6961212,0.49163327,0.39851308,0.7159278,0.7818401,0.68884945,0.31669235,0.73935103,0.7725905,0.7580712,0.2703863,0.76351285,0.6565649,0.7619698,0.4375964,Stable
0.3380602,0.5661624,0.4885244,0.6969017,0.4915994,0.3999349,0.7121491,0.7866546,0.6944565,0.3148831,0.74270105,0.76302695,0.76165766,0.2681833,0.77344394,0.64676136,0.7688305,0.43448263,Stable
0.33822656,0.566165,0.48867774,0.6968826,0.49158427,0.39994594,0.71212167,0.78674674,0.694477,0.3148747,0.7428638,0.7630968,0.7617933,0.26810247,0.77352226,0.6466779,0.76891613,0.43441898,Stable
0.33731174,0.5687283,0.48656815,0.6982782,0.49155104,0.40121454,0.71421045,0.7879366,0.69965374,0.31439936,0.7427234,0.7599856,0.76797414,0.2644977,0.77151483,0.6541116,0.7682569,0.43438905,Stable
0.3355282,0.57089734,0.48887166,0.6991321,0.49062192,0.39972103,0.7163447,0.78605795,0.6877529,0.31446987,0.7493272,0.74945307,0.7679566,0.25765276,0.7779927,0.6482427,0.7726564,0.4314406,Stable
0.33341056,0.5571258,0.48776838,0.6952228,0.49192187,0.40551242,0.71581596,0.78562677,0.68516076,0.31413725,0.7496772,0.7520823,0.7678186,0.26408255,0.7755023,0.65088487,0.77147555,0.43135032,Stable
0.34845155,0.55812895,0.4859626,0.6914324,0.4971615,0.40590852,0.7134911,0.7808784,0.67979527,0.3173759,0.7491366,0.7691933,0.7662975,0.27247047,0.7785194,0.6418574,0.77451634,0.4328992,Stable
0.34856007,0.5581484,0.48585194,0.6915719,0.49711174,0.40585598,0.71309227,0.78101134,0.67975944,0.31738994,0.74899954,0.7695323,0.76631165,0.27241075,0.778149,0.6418898,0.7742586,0.43287605,Stable
0.34253728,0.55259,0.48308152,0.68965787,0.49633488,0.40528175,0.7092368,0.78561294,0.67099094,0.31684208,0.75625247,0.77464867,0.7684543,0.27296397,0.7806961,0.6422746,0.775205,0.43279862,Stable
0.34527692,0.54440826,0.47729477,0.6823312,0.4966004,0.40732503,0.6857834,0.7729437,0.66666687,0.31757814,0.771124,0.7846975,0.76753247,0.2732092,0.7818419,0.6359228,0.7739124,0.43197966,Stable
0.34889996,0.5370302,0.47755116,0.6793282,0.49794078,0.40575165,0.6978504,0.77546036,0.6741192,0.31705475,0.76022875,0.77818716,0.76802695,0.2726347,0.7811884,0.63277066,0.77457297,0.4322765,Stable
0.35066926,0.53017336,0.47849357,0.68425286,0.49978632,0.40802523,0.69722694,0.7806008,0.6719432,0.3195579,0.76922625,0.7849964,0.76597923,0.27042404,0.7830218,0.6353457,0.7749824,0.43357345,Stable
0.35074183,0.5301733,0.4785174,0.68413925,0.49988258,0.40797836,0.6969699,0.78062737,0.6720313,0.31948924,0.76915085,0.78526735,0.7659938,0.27045318,0.78298247,0.6350999,0.77501404,0.4334814,Stable
0.34698838,0.5282166,0.47892773,0.68383026,0.50419676,0.407259,0.69214094,0.7767388,0.6778373,0.32239175,0.76750225,0.76982594,0.76588917,0.26262984,0.78483593,0.64520407,0.7785045,0.4456595,Stable
0.3491194,0.5261393,0.4777872,0.68126225,0.49920326,0.40840882,0.69500506,0.772305,0.67815924,0.32998228,0.767802,0.77739084,0.764579,0.26998055,0.7855129,0.6377038,0.7769837,0.43400818,Stable
0.351667,0.52290595,0.4751082,0.6759068,0.49491113,0.4055376,0.674509,0.76507133,0.6776926,0.3189545,0.7640451,0.77758706,0.7641423,0.25476247,0.7735201,0.6408572,0.77421945,0.43681642,Stable
0.35245842,0.5186796,0.48125145,0.67423785,0.5068493,0.404624,0.6698561,0.75673145,0.6801793,0.31668043,0.7609055,0.76469207,0.760468,0.25160134,0.77849174,0.6330192,0.77311176,0.43497142,Stable
0.35258436,0.5187165,0.48116073,0.6742469,0.5069064,0.4047018,0.6695186,0.75677836,0.68028563,0.31655896,0.7607376,0.764868,0.7604481,0.2515655,0.77837944,0.632971,0.77301645,0.43486345,Stable
0.35678133,0.5126411,0.47896612,0.6746588,0.50602484,0.3997291,0.6750014,0.7621023,0.68435305,0.31366253,0.49411067,0.7484552,0.7534174,0.24927244,0.7775032,0.6320698,0.77157754,0.42937392,Stable
0.35852665,0.510547,0.48117292,0.6756451,0.51354015,0.3986656,0.6759884,0.7610716,0.6918442,0.30825573,0.49023554,0.7461443,0.7518569,0.25472274,0.77972186,0.6324197,0.7740904,0.43015724,Stable
0.36221886,0.51101696,0.4798491,0.6700138,0.51185584,0.40001053,0.6751396,0.760185,0.6920607,0.30442113,0.48256013,0.7481657,0.7695302,0.21456283,0.78059506,0.63245004,0.7765629,0.43501493,Stable
0.36269328,0.5158501,0.48867333,0.6726564,0.5144702,0.3996246,0.6773986,0.7571168,0.6826412,0.3169825,0.48225015,0.74626106,0.7639751,0.22122929,0.78328866,0.6306837,0.77844536,0.43357944,Stable
0.3641529,0.5151285,0.4884945,0.6724343,0.514388,0.4000802,0.67729586,0.7572025,0.6827118,0.3167849,0.48232102,0.7463211,0.76414907,0.22054252,0.7836489,0.6306169,0.7785977,0.43385053,Stable
0.3641466,0.5171161,0.48848844,0.6768776,0.5124979,0.397237,0.68545735,0.75726545,0.68666494,0.31734124,0.49074906,0.7524079,0.75764936,0.24624836,0.78099036,0.6277708,0.77429795,0.42789888,Stable
0.37014562,0.5131084,0.48421213,0.67604154,0.5141891,0.39633417,0.684046,0.76782703,0.69811606,0.31241602,0.49036586,0.7555043,0.7583295,0.24984887,0.77162397,0.62639546,0.769714,0.42743084,Stable
0.3740042,0.5088488,0.48585793,0.67422414,0.5119368,0.39843437,0.6772244,0.7565578,0.677854,0.31998762,0.49200135,0.74406135,0.75517154,0.25209564,0.78307045,0.61853117,0.7765116,0.42547196,Stable
0.37124342,0.5114783,0.48190522,0.671805,0.51377904,0.4002005,0.6710186,0.75581133,0.68045795,0.32122913,0.75330156,0.7676525,0.74944866,0.23716997,0.78082776,0.6206951,0.776482,0.42864114,Stable
0.37122405,0.51147246,0.48190725,0.67178416,0.51377237,0.4001786,0.6710159,0.755833,0.68045974,0.32123083,0.7533304,0.7676947,0.74944663,0.23717374,0.7808141,0.6206508,0.7764671,0.42862767,Stable
0.37292117,0.5134842,0.48438388,0.6765492,0.513485,0.39354455,0.6791401,0.7634946,0.6872675,0.31764266,0.7519505,0.76426476,0.75476015,0.247888,0.7771899,0.6302502,0.7732968,0.42663142,Stable
0.37491435,0.5132853,0.48703486,0.67690885,0.51017904,0.39942837,0.68104833,0.75457036,0.672564,0.32231346,0.756696,0.74905,0.7584212,0.23539627,0.78255355,0.6308245,0.7764965,0.43134296,Stable
0.3804345,0.51359254,0.4857462,0.6783936,0.5086297,0.40191442,0.6827934,0.7669481,0.67153835,0.32170135,0.7526306,0.74601597,0.76255023,0.23704007,0.7850647,0.62996763,0.7770895,0.43345138,Stable
0.38185725,0.51232916,0.48444209,0.68017733,0.5050337,0.40203762,0.68767786,0.76561916,0.671119,0.31997353,0.7588452,0.73932874,0.75663567,0.24995935,0.7848046,0.6198904,0.7741083,0.4331605,Stable
0.38175663,0.51220816,0.48455784,0.6801624,0.5051246,0.40198207,0.68784535,0.76561534,0.6711599,0.31990036,0.7588774,0.7391347,0.7564339,0.24995166,0.7848963,0.6198974,0.77421445,0.43309408,Stable
0.37816894,0.5150956,0.47905195,0.6747856,0.5002269,0.40262637,0.675166,0.7626712,0.67188877,0.32093865,0.75812715,0.7399034,0.74646807,0.25406855,0.7818777,0.6225998,0.7711301,0.43276352,Stable
0.38105583,0.52193165,0.4819129,0.67916715,0.50169766,0.40482748,0.6746802,0.7592517,0.6710662,0.31990498,0.75935006,0.74138945,0.7459394,0.25584418,0.78155655,0.6337495,0.77250195,0.43624708,Stable
0.38286424,0.52352256,0.4790754,0.67675126,0.4990675,0.40355322,0.68088436,0.76204586,0.67177266,0.3180441,0.76005256,0.73989886,0.74409175,0.25567234,0.7802417,0.6369306,0.7716124,0.43744963,Stable
0.38286442,0.5234444,0.4790425,0.6767682,0.49904642,0.40354693,0.68087184,0.76206654,0.6717953,0.3180863,0.76001644,0.7398436,0.7442028,0.25566784,0.7802393,0.6369964,0.7716427,0.43749803,Stable
0.38314807,0.5229582,0.48736614,0.68099755,0.49993467,0.40440655,0.6918833,0.7644917,0.6693365,0.31604043,0.7606101,0.730478,0.7470701,0.25117922,0.7858341,0.6244571,0.7748448,0.43349263,Stable
0.38276714,0.5211422,0.48757762,0.6783211,0.50456274,0.40392146,0.6933095,0.76413727,0.67121327,0.31700483,0.7522856,0.7446983,0.7546517,0.23863511,0.7844379,0.62337524,0.77772176,0.43300027,Stable
0.387158,0.52200055,0.49203998,0.67853236,0.5035461,0.40607628,0.69598234,0.7660923,0.6707519,0.31635633,0.7593138,0.72247565,0.7500577,0.25302622,0.79141784,0.62324756,0.7852079,0.43139607,Stable
0.39169082,0.5207164,0.48806438,0.67328805,0.5046697,0.40405893,0.6845932,0.7585465,0.6704787,0.31672144,0.75623363,0.7224474,0.74822396,0.2557424,0.7867948,0.62112236,0.779322,0.43589395,Stable
0.3915312,0.52083194,0.48799372,0.6733455,0.504435,0.4041153,0.6841974,0.75866526,0.6703782,0.31671852,0.7564652,0.72254646,0.74863356,0.2553863,0.7867774,0.62105846,0.779335,0.43584424,Stable
0.38718855,0.5157728,0.4908207,0.6770126,0.5013595,0.40139112,0.6951007,0.7617253,0.6789779,0.31370294,0.7570831,0.71701354,0.75149786,0.26857376,0.7876017,0.61844707,0.7797629,0.4345625,Stable
0.3866646,0.5116479,0.49058545,0.6733947,0.50394833,0.3971548,0.69587314,0.7592137,0.6846282,0.30874795,0.75500333,0.742097,0.7493893,0.25495532,0.78672045,0.61786413,0.77909106,0.43403268,Stable
0.3860668,0.5122894,0.48954272,0.67238706,0.4992001,0.39854056,0.68776417,0.7589352,0.6726762,0.3149063,0.75454515,0.74299085,0.75229806,0.25515723,0.785684,0.6174304,0.7787521,0.43424663,Stable
0.39045972,0.51350296,0.48993537,0.67220134,0.5021324,0.40020943,0.68879384,0.7596623,0.67496747,0.3167132,0.74944514,0.74868786,0.75021684,0.26972806,0.78353375,0.62817466,0.78101325,0.44019443,Stable
0.38996226,0.51355517,0.49025726,0.67266107,0.5021098,0.39999563,0.6885265,0.75980014,0.6771936,0.31848592,0.74929976,0.7466795,0.75037074,0.26966947,0.7837357,0.62851334,0.7812494,0.44044435,Stable
0.3907277,0.51637685,0.4865325,0.6739306,0.50186914,0.39992914,0.6967711,0.7589961,0.6821453,0.31566978,0.7532143,0.74125737,0.7525728,0.27359456,0.78617585,0.6161428,0.7786986,0.43236482,Stable
0.39295468,0.5162047,0.48888156,0.67380047,0.50056994,0.39819425,0.6932683,0.76149786,0.6777998,0.31593254,0.75073713,0.7280663,0.74832106,0.2712699,0.7860274,0.6143298,0.77912414,0.4295622,Stable
0.39679724,0.5173254,0.48754364,0.67433786,0.50067186,0.3976527,0.68288183,0.7630516,0.6773519,0.31809294,0.7603681,0.7343628,0.738697,0.270968,0.7860901,0.62050134,0.7807828,0.43670118,Stable
0.396656,0.5164356,0.489834,0.67421883,0.49678898,0.39914104,0.6806891,0.7635093,0.67494893,0.31662223,0.75666064,0.742151,0.74995685,0.2683279,0.7830229,0.6183466,0.7768411,0.43538314,Stable
0.39776525,0.5155823,0.48979875,0.67415833,0.49689603,0.39909884,0.68075293,0.76356864,0.67518306,0.31641954,0.75636744,0.74247384,0.75042266,0.26846433,0.783141,0.6183505,0.77700794,0.43526348,Stable
0.40125892,0.51299626,0.4874147,0.6760999,0.49645492,0.39685488,0.680431,0.7553265,0.67661184,0.31560642,0.76260674,0.7384023,0.75175095,0.2708114,0.7817786,0.6109319,0.775521,0.42636514,Stable
0.39880213,0.51178795,0.49065107,0.67970556,0.49912405,0.39455816,0.6911073,0.75564146,0.67851996,0.31316406,0.760679,0.7390408,0.7524175,0.27079147,0.7836207,0.612209,0.7767296,0.42583358,Stable
0.39734888,0.51375407,0.48949885,0.6777829,0.49759233,0.39511406,0.68647474,0.7561733,0.6746833,0.31510156,0.7600944,0.7388174,0.7462536,0.2688335,0.7832402,0.6168649,0.7770566,0.42807436,Stable
0.39578968,0.5169369,0.48841137,0.6764426,0.49786216,0.39541692,0.6785016,0.7542583,0.6752488,0.31441164,0.75986695,0.7436003,0.7466055,0.26858777,0.783021,0.6126738,0.7763617,0.42577803,Stable
0.39587486,0.5168664,0.4884801,0.67641926,0.4978519,0.39550552,0.678401,0.75455827,0.6752106,0.31444454,0.7598085,0.7435132,0.746562,0.2685928,0.7831001,0.6128311,0.7764461,0.42586738,Stable
0.39013773,0.52180725,0.49059087,0.67457664,0.4995587,0.39566585,0.6790246,0.75322986,0.67528856,0.3125884,0.75644684,0.74155235,0.74707735,0.26735133,0.7842878,0.6160409,0.7776483,0.4268996,Stable
0.39124033,0.51638806,0.491664,0.6726645,0.5001292,0.39551792,0.68530214,0.7537209,0.671111,0.3132307,0.7499818,0.7495701,0.75634027,0.25166398,0.78472984,0.61677307,0.7800314,0.42843652,Stable
0.39125335,0.5117458,0.48725885,0.6685482,0.5016484,0.39280495,0.6844448,0.7539298,0.6747887,0.31349874,0.74862313,0.7478615,0.75633067,0.25483587,0.7866244,0.61613727,0.7827984,0.43106264,Stable
0.3937422,0.50824654,0.4879652,0.67155623,0.5057531,0.39393598,0.68273425,0.7556282,0.6792995,0.30708003,0.74886394,0.7524575,0.75802636,0.2709506,0.78468245,0.6167131,0.7793147,0.4293236,Stable
0.393821,0.50848216,0.48772955,0.67151064,0.50583595,0.39382514,0.68239427,0.755723,0.67914593,0.30721825,0.7489048,0.7522979,0.7578144,0.27092364,0.784647,0.61680067,0.7793356,0.42932564,Stable
0.39369822,0.50734246,0.49015963,0.6703336,0.50582314,0.39491162,0.6903447,0.7538895,0.67783356,0.3060308,0.7476291,0.7434505,0.75816476,0.26909268,0.7847786,0.6162675,0.77794,0.42822105,Stable
0.39712727,0.4965832,0.48923168,0.6707233,0.5069585,0.39488256,0.6840107,0.75302637,0.6767222,0.30713856,0.74586284,0.743298,0.7596606,0.26828048,0.78672683,0.6139585,0.7816496,0.42947885,Stable
0.39676958,0.49984986,0.48996323,0.6714816,0.50450385,0.3944404,0.68253267,0.7543148,0.6770706,0.30640793,0.7454507,0.7466941,0.76375145,0.27758825,0.78379047,0.61656344,0.78083265,0.42986757,Stable
0.39460593,0.497779,0.49014947,0.6695827,0.50531155,0.39371428,0.68916315,0.75716394,0.67723006,0.3080805,0.74651855,0.7451424,0.7605426,0.26687402,0.78552055,0.6179348,0.7819562,0.42979527,Stable
0.39448947,0.49790853,0.49016917,0.669621,0.5053061,0.3937683,0.6893415,0.7571737,0.67729247,0.30801827,0.74652594,0.7446352,0.76054835,0.26688907,0.7854996,0.617936,0.7819358,0.42983425,Stable
0.39095622,0.51051766,0.48652136,0.66925544,0.5030785,0.39568776,0.68563414,0.75633925,0.675271,0.30974773,0.7498765,0.7569605,0.7617651,0.2664444,0.78559315,0.6208298,0.7819232,0.42933255,Stable
0.38838825,0.513246,0.49,0.67114586,0.50363505,0.39527938,0.68428254,0.75413096,0.6788787,0.30907398,0.7520716,0.7560607,0.76413655,0.26969516,0.7855513,0.6253026,0.78224826,0.4298198,Stable
0.38678396,0.51410615,0.48799536,0.66851795,0.5019195,0.39688036,0.67779326,0.75186914,0.67542475,0.3090847,0.76234317,0.7491924,0.75762314,0.27218515,0.7876072,0.6159793,0.7816926,0.42921472,Stable
0.3850881,0.51246023,0.491297,0.6702294,0.49879718,0.3973546,0.6815653,0.74919266,0.6777829,0.30827856,0.7615654,0.746626,0.7594192,0.26613733,0.78615665,0.61164033,0.7817855,0.4249512,Stable
0.38507652,0.51250136,0.491258,0.6700721,0.4987582,0.39738482,0.6812536,0.74907124,0.6777873,0.3084099,0.7614149,0.746865,0.7593781,0.26607972,0.78601474,0.6115242,0.7816906,0.42502755,Stable
0.3851889,0.5151447,0.4880168,0.6722085,0.49768966,0.3989384,0.6898718,0.7516129,0.6739542,0.30783904,0.7626492,0.7494167,0.76050436,0.26600128,0.7855867,0.6149802,0.78019154,0.42727408,Stable
0.3833598,0.514323,0.48966843,0.67623484,0.497455,0.39955446,0.6950803,0.75085425,0.67238486,0.31122282,0.75547004,0.7503559,0.7632734,0.2654683,0.78724754,0.6157176,0.7810327,0.42678744,Stable
0.37923026,0.51193607,0.49005648,0.6730827,0.50289845,0.39791244,0.6798439,0.74772334,0.67364115,0.30951738,0.75913167,0.75446665,0.7656131,0.25058773,0.78415936,0.6197446,0.7800697,0.42900583,Stable
0.3824079,0.49978507,0.48801166,0.6694729,0.5039718,0.3963362,0.6797159,0.74377906,0.67740667,0.30626464,0.7589073,0.75183916,0.763261,0.25083506,0.7844934,0.6140963,0.7805008,0.42761654,Stable
0.3826514,0.5005003,0.48807663,0.66939366,0.503999,0.39634782,0.6797558,0.74372405,0.6773815,0.30624682,0.7590005,0.75164056,0.7632766,0.25085273,0.78439206,0.6142874,0.7803999,0.42767042,Stable
0.3777928,0.50051606,0.4893305,0.66798615,0.5013821,0.39584503,0.6915578,0.7495546,0.672568,0.30561692,0.7607702,0.7482633,0.7643688,0.25099823,0.7850021,0.6165818,0.7810115,0.42910534,Stable
0.38029048,0.4997896,0.48744798,0.67033714,0.50574243,0.39453012,0.6901514,0.74747515,0.67724,0.30680275,0.7467713,0.75310796,0.7642062,0.24899225,0.78576344,0.61639416,0.7809508,0.4271159,Stable
0.37744647,0.49634546,0.48667473,0.6691961,0.50229955,0.39772707,0.6985986,0.7503449,0.67092526,0.31352967,0.7591051,0.7404424,0.7635047,0.25228935,0.7857493,0.6199794,0.780389,0.42984164,Stable
0.37863433,0.5008316,0.4882307,0.6709191,0.50320053,0.39649612,0.7007483,0.7514462,0.6707312,0.31211683,0.7571117,0.74113965,0.7609979,0.26724076,0.78676385,0.61614436,0.78007627,0.42754692,Stable
0.3784982,0.5008209,0.4882517,0.6708998,0.5032289,0.3964818,0.7005824,0.7513288,0.6708862,0.3121578,0.7568046,0.74121165,0.7609887,0.26733327,0.7868358,0.6161491,0.7801529,0.42755264,Stable
0.3755781,0.50555295,0.48802793,0.6733498,0.49865437,0.3974439,0.7040514,0.7537529,0.6743533,0.3140012,0.76542085,0.741351,0.7612902,0.26589987,0.78954,0.6203025,0.7846104,0.4289919,Stable
0.37694722,0.5132385,0.48869234,0.6753552,0.4973218,0.3967834,0.6964673,0.75542897,0.6804302,0.31229305,0.768479,0.7404295,0.7602248,0.26606667,0.79014605,0.6187475,0.7840132,0.4270181,Stable
0.375776,0.5169962,0.4934135,0.6768923,0.49337125,0.4004106,0.70636237,0.75358504,0.6767551,0.31189102,0.7708046,0.7274519,0.76167154,0.25154155,0.78696984,0.6178132,0.7807317,0.42535555,Stable
0.37650228,0.5180582,0.49266776,0.6781528,0.491585,0.4006383,0.7064917,0.74564123,0.67545235,0.31402448,0.76255405,0.7151778,0.756644,0.26392615,0.7850398,0.614287,0.77821463,0.4242234,Stable
0.37638062,0.5184194,0.49270925,0.6782131,0.49161896,0.40064335,0.706717,0.74566334,0.67542475,0.31410915,0.7624547,0.7148747,0.7566534,0.26395667,0.78497744,0.61452806,0.77815855,0.42427725,Stable
0.37487447,0.52129257,0.49432105,0.6800434,0.49499795,0.40661776,0.6974248,0.7500745,0.67606753,0.3152754,0.7607999,0.7291213,0.76002944,0.26616448,0.7890916,0.61744636,0.7805866,0.42656347,Stable
0.37777054,0.51847994,0.49034736,0.6806995,0.49555692,0.40738326,0.7149048,0.75489295,0.67657804,0.31453532,0.7545016,0.7209508,0.75727504,0.26593736,0.7854039,0.6147278,0.77897185,0.42492545,Stable
0.3760653,0.5209135,0.48974574,0.67828196,0.4939718,0.40264916,0.6988411,0.75713384,0.6745719,0.31709427,0.7580496,0.7317922,0.75677514,0.26844954,0.7861922,0.6146066,0.77963877,0.42483184,Stable
0.37965155,0.5163116,0.49266598,0.67753047,0.49466014,0.400316,0.71838903,0.75306606,0.677325,0.31370398,0.7523059,0.7235133,0.7567491,0.26573884,0.7854849,0.61116034,0.7777051,0.41617662,Stable
0.37969574,0.51634645,0.4927776,0.6774819,0.49466106,0.40034077,0.7177326,0.75328493,0.67720723,0.31375265,0.75185573,0.7238924,0.7565641,0.26567155,0.78505564,0.6113072,0.777507,0.41642904,Stable
0.37842178,0.52061665,0.4940037,0.67830396,0.4968449,0.40200496,0.71508306,0.75212234,0.6769299,0.3138932,0.76159614,0.7223744,0.7570011,0.2642634,0.78495896,0.6097256,0.77764475,0.41670653,Stable
0.3784072,0.5190606,0.49382183,0.67818207,0.49360105,0.40232274,0.716922,0.75289667,0.67893934,0.31157368,0.76146024,0.7218239,0.7591529,0.25315088,0.78583765,0.6065792,0.7780451,0.42339438,Stable
0.3772627,0.51948416,0.49001712,0.6745548,0.49501714,0.404594,0.70785546,0.7415041,0.6736066,0.3144299,0.7622236,0.7102686,0.75628734,0.26596844,0.7844569,0.6062878,0.77490115,0.42686778,Stable
0.37993377,0.5182759,0.49112523,0.6760928,0.49621972,0.40117854,0.72035134,0.7520425,0.6761774,0.31200513,0.75548786,0.7100289,0.75279856,0.26579136,0.78329206,0.6040104,0.77394456,0.41988832,Stable
0.37992284,0.5181948,0.49124187,0.6760367,0.49628574,0.40119237,0.72057384,0.752038,0.67628443,0.31187832,0.75542605,0.70995605,0.752819,0.2657315,0.78329885,0.60406256,0.7739326,0.41994184,Stable
0.38099426,0.5159605,0.49274594,0.67754453,0.49687096,0.40178224,0.7251875,0.7539444,0.6744873,0.3126325,0.75994074,0.70708865,0.7515205,0.26716202,0.78377366,0.60470676,0.77399814,0.4205703,Stable
0.37795067,0.51988375,0.49394497,0.67517936,0.4979865,0.4041131,0.7169592,0.75142694,0.67467165,0.3140662,0.76146865,0.70682496,0.7540152,0.26705185,0.7829239,0.6060158,0.7746844,0.43030939,Stable
0.37368605,0.51804566,0.49220878,0.67505693,0.50104654,0.4022561,0.7188057,0.7526969,0.6757941,0.30855083,0.76332426,0.704456,0.754866,0.26809973,0.7856583,0.60752106,0.7755115,0.4305055,Stable
0.3741653,0.52168244,0.49403703,0.67550004,0.5015392,0.4026091,0.7172529,0.7521715,0.67469394,0.31010777,0.7575456,0.7107822,0.75618994,0.26852793,0.7849715,0.6077529,0.77560806,0.42967793,Stable
0.37407908,0.521907,0.4940251,0.67554176,0.50159955,0.40264177,0.71721447,0.75209796,0.6744138,0.31021345,0.7577841,0.7107079,0.75618833,0.2685948,0.78498745,0.6077634,0.7755914,0.4296802,Stable
0.3725365,0.51980644,0.4953041,0.67471474,0.4953158,0.40571624,0.706887,0.7483367,0.67386883,0.3150838,0.7613997,0.72068477,0.752443,0.26836684,0.78424895,0.60402644,0.7740597,0.4282667,Stable
0.3753522,0.517061,0.49242824,0.6766567,0.498093,0.4027803,0.71186924,0.7501032,0.67887855,0.30939168,0.7609613,0.7226604,0.7492255,0.26903653,0.7847599,0.5921923,0.77204585,0.4190428,Stable
0.3774135,0.51407766,0.49096483,0.6746663,0.49611706,0.4000815,0.72048116,0.7521286,0.68085855,0.30323765,0.75762767,0.72212285,0.7520179,0.2678432,0.7853934,0.58888596,0.7736068,0.4133862,Stable
0.3768588,0.5151715,0.49124926,0.6749336,0.4971819,0.39885354,0.7228593,0.7556929,0.6873533,0.30195653,0.76095617,0.70924485,0.7494737,0.27119046,0.7847764,0.58995676,0.77432215,0.4152033,Stable
0.37684867,0.5150384,0.49116182,0.67499083,0.4971509,0.39890987,0.7226459,0.7556383,0.6873139,0.30193335,0.7609637,0.70931786,0.74961054,0.27121982,0.78472066,0.58984375,0.7742788,0.41506737,Stable
0.3793195,0.5122137,0.48924583,0.67603314,0.49811006,0.39886028,0.7224638,0.7697462,0.6832503,0.3040431,0.7598545,0.7165944,0.7434711,0.27630988,0.78346986,0.6024965,0.77445805,0.4253262,Stable
0.3760317,0.512779,0.4907806,0.6786379,0.5001098,0.39825246,0.71156067,0.75990164,0.68795645,0.3054247,0.7515599,0.72312045,0.7500071,0.27047676,0.78517145,0.6081543,0.7775382,0.4269063,Stable
0.3748306,0.5153785,0.4872458,0.6786225,0.5014686,0.39725828,0.702383,0.76205504,0.69496626,0.30423874,0.7587743,0.72248214,0.7596201,0.2682111,0.7864493,0.61175567,0.7799221,0.42906684,Stable
0.37430486,0.5140893,0.48394033,0.6760608,0.4972989,0.3988747,0.69902915,0.7689039,0.68097323,0.30988616,0.76646304,0.7395675,0.7612058,0.2692984,0.7856521,0.61426,0.78016007,0.42948827,Stable
0.374374,0.5139042,0.48393297,0.6759037,0.49727064,0.39897585,0.69901395,0.7687971,0.6802113,0.31064266,0.76772225,0.7359761,0.76062393,0.27001715,0.7856187,0.6141481,0.7800939,0.42949793,Stable
0.37603724,0.5131385,0.48526675,0.67846847,0.4992095,0.3992388,0.71213734,0.7746617,0.6891014,0.30760384,0.75249815,0.7177488,0.7625061,0.26755804,0.7855569,0.61616445,0.77898824,0.42960867,Stable
0.37502366,0.51510036,0.48941666,0.67878526,0.49972504,0.4005983,0.7083918,0.7794405,0.68560505,0.30500975,0.7635617,0.71703887,0.75190103,0.27167967,0.7874922,0.6174345,0.7807955,0.43090189,Stable
0.37699485,0.5137561,0.48897386,0.680333,0.49437892,0.4020613,0.71715796,0.77823377,0.67452264,0.31113297,0.7665255,0.712917,0.749587,0.2628669,0.7889757,0.61202085,0.78070116,0.42848718,Stable
0.3758868,0.51815194,0.49242038,0.68145657,0.4997148,0.4011738,0.7218188,0.7756885,0.6823497,0.3058978,0.7614767,0.71174157,0.7475219,0.26929533,0.7850916,0.6117614,0.77583617,0.427948,Stable
0.37597114,0.5180435,0.49239656,0.6815014,0.4997949,0.40110633,0.7217817,0.7758583,0.68274117,0.30557847,0.76139355,0.71224,0.74752134,0.26916072,0.7850825,0.61197937,0.77596295,0.42799675,Stable
0.37460274,0.5196389,0.4942109,0.6805274,0.50035685,0.4025755,0.73173016,0.77515435,0.67981446,0.3094378,0.75468576,0.71387887,0.7457403,0.26594892,0.785783,0.61847985,0.77722687,0.42964953,Stable
0.3772672,0.52010256,0.49368793,0.6838789,0.49995232,0.40197402,0.7341099,0.775718,0.67748475,0.31250536,0.73340815,0.72002006,0.75039136,0.2701599,0.78629845,0.6145383,0.7789564,0.4289027,Stable
0.3753544,0.5212162,0.49794817,0.68468183,0.4970197,0.4029228,0.7388617,0.77626073,0.67493623,0.31565958,0.73867285,0.71567935,0.75123835,0.26797396,0.7864489,0.6171074,0.7809452,0.43120667,Stable
0.37573633,0.5244752,0.49581522,0.68183225,0.49506077,0.40277988,0.7256796,0.77337193,0.67348975,0.317995,0.52377903,0.73741066,0.7506859,0.26995912,0.7822015,0.61626035,0.77856034,0.43035477,Stable
0.37571412,0.5244691,0.49596632,0.681803,0.49516326,0.4027768,0.72569966,0.7733652,0.6735414,0.3179572,0.5240003,0.7374816,0.75077486,0.26987284,0.7822678,0.6161115,0.77859485,0.43024236,Stable
0.37632394,0.526335,0.49375653,0.6829545,0.49272284,0.4055218,0.72359174,0.7743355,0.6720884,0.3194314,0.657518,0.745706,0.74783057,0.27121523,0.7804951,0.61822146,0.7773716,0.43184528,Stable
0.3725873,0.52156746,0.49230337,0.680155,0.49188948,0.40758264,0.7207965,0.7750045,0.6717967,0.31947708,0.50877047,0.74476147,0.7515267,0.27175665,0.7767514,0.6304631,0.77510166,0.4367598,Stable
0.37441343,0.5265759,0.49760458,0.6799323,0.4957677,0.40323114,0.731231,0.7776014,0.674561,0.3191949,0.4987023,0.74743533,0.7499317,0.26911876,0.77969456,0.61957455,0.77624506,0.4319254,Stable
0.3744871,0.5260898,0.49502784,0.6818762,0.4938768,0.4056474,0.7379286,0.7800398,0.6716572,0.31708795,0.50581884,0.74606085,0.75117826,0.26863125,0.7769537,0.61664855,0.773462,0.4331728,Stable
0.37445804,0.52608895,0.49506825,0.68189704,0.49381956,0.4056594,0.7379984,0.779999,0.67156756,0.31704685,0.5057521,0.74606603,0.7541771,0.25781155,0.7769438,0.6166465,0.7734372,0.43312213,Stable
0.37319332,0.5266589,0.49505746,0.6810354,0.49477658,0.40378165,0.7391116,0.77958107,0.67512715,0.31531,0.5075962,0.7517992,0.75030124,0.25934094,0.776989,0.61700445,0.7738786,0.43041247,Stable
0.37089846,0.52438843,0.49503505,0.6797711,0.4977102,0.40147728,0.7360646,0.7791779,0.6784977,0.31156462,0.498172,0.75718546,0.7553016,0.25284505,0.7780458,0.6141714,0.77413535,0.4261753,Stable
0.37418804,0.5216063,0.4953365,0.6774864,0.49529132,0.4027735,0.7255014,0.7708242,0.6717336,0.31621036,0.49924156,0.760196,0.745249,0.26230294,0.7797847,0.6100323,0.77432746,0.4273259,Stable
0.37451738,0.5189874,0.4932571,0.677541,0.49327132,0.40147883,0.7239868,0.770149,0.67503303,0.312433,0.48199177,0.7378707,0.76059544,0.26279384,0.7776189,0.6092837,0.7719588,0.4198143,Stable
0.37453026,0.5186124,0.49329072,0.6775186,0.4933396,0.40140516,0.7239704,0.77018654,0.6750425,0.31241006,0.4818097,0.73790383,0.7606075,0.26273113,0.77759767,0.60928726,0.77188295,0.41981268,Stable
0.3714244,0.5194791,0.49239957,0.6787479,0.49419364,0.40125746,0.7346396,0.7672355,0.66727567,0.31589872,0.48484886,0.7454228,0.7469698,0.25525317,0.7816445,0.60792845,0.7728378,0.4156364,Stable
0.37503374,0.5132919,0.49256107,0.67792237,0.49454927,0.40193912,0.72732544,0.7570702,0.66801,0.31422573,0.7525654,0.7159469,0.7484605,0.25584513,0.78288764,0.6036383,0.7737298,0.41664255,Stable
0.37605506,0.5124204,0.49217913,0.6776233,0.49412984,0.40172625,0.7385653,0.7665914,0.662004,0.31584585,0.4827639,0.74368525,0.7500987,0.24695599,0.7832427,0.5956322,0.77323174,0.4151311,Stable
0.37530404,0.51431364,0.4860996,0.6723427,0.49632034,0.39721894,0.70349306,0.7576709,0.66841257,0.31309772,0.49639207,0.76057214,0.7568561,0.24134122,0.7809457,0.6121845,0.77561927,0.4169,Stable
0.37530184,0.51430583,0.48603052,0.67234576,0.49639186,0.39718366,0.7035062,0.75776476,0.6685691,0.31304163,0.49626708,0.7605599,0.75694627,0.24124607,0.78095734,0.61217976,0.7756883,0.41695496,Stable
0.37523362,0.5081421,0.487579,0.6631198,0.49448103,0.3979462,0.70316625,0.760134,0.661756,0.3125534,0.47744632,0.7371864,0.7561257,0.24645823,0.77979064,0.5919574,0.77220714,0.40960336,Stable
0.3748973,0.5122131,0.49204147,0.66669047,0.4926582,0.3968869,0.7311467,0.751285,0.6700341,0.30929893,0.7559118,0.7182317,0.7501024,0.23925734,0.78040314,0.59085,0.7721591,0.4083678,Stable
0.3747378,0.51184475,0.4943913,0.6642065,0.49415678,0.39574218,0.7380364,0.7544049,0.67662096,0.30454755,0.4855984,0.7377274,0.75751054,0.25034612,0.7806797,0.5903709,0.77130747,0.40615508,Stable
0.37634704,0.5122234,0.49499905,0.6636712,0.49224228,0.39778084,0.73817647,0.76288813,0.67167616,0.30942982,0.48520494,0.73871416,0.75508875,0.24985397,0.7818507,0.5894364,0.772953,0.40851423,Stable
0.37632084,0.5122483,0.4950486,0.6635883,0.4921847,0.39780456,0.73823357,0.7628896,0.67152447,0.30945298,0.48515713,0.7386157,0.75479066,0.24938896,0.7818403,0.58924776,0.7729316,0.4083781,Stable
0.37401265,0.515699,0.492676,0.6642168,0.49589574,0.39748675,0.7329854,0.7611208,0.66984737,0.31529853,0.48855886,0.74326754,0.7574544,0.25287303,0.7827338,0.59595364,0.7744288,0.4125355,Stable
0.37231988,0.51415473,0.4920019,0.66339606,0.49551627,0.39781886,0.73428226,0.76355594,0.67397946,0.30966485,0.48464152,0.7418748,0.76095736,0.2355862,0.77915907,0.5964846,0.77287686,0.41416737,Stable
0.37163073,0.51992583,0.4971758,0.6636622,0.49438223,0.398877,0.7375533,0.76278675,0.6695174,0.31064093,0.5196166,0.7589814,0.7568183,0.23527907,0.7797313,0.5940982,0.7722303,0.40830013,Stable
0.369941,0.52102035,0.49446464,0.66543937,0.49487573,0.40054724,0.73497975,0.76355135,0.6716179,0.30878744,0.5185978,0.7608298,0.75685924,0.25490832,0.7769468,0.59650993,0.77000064,0.40964958,Stable
0.36999354,0.5211749,0.49452233,0.6654793,0.4949072,0.40048108,0.73498744,0.763638,0.6717071,0.30875015,0.518784,0.7607868,0.756891,0.25489032,0.77696955,0.596646,0.76999545,0.40967295,Stable
0.367741,0.5202744,0.49129796,0.66452706,0.49291116,0.4019345,0.679866,0.75405014,0.671065,0.31105205,0.5159775,0.76175666,0.7598046,0.25804448,0.7749015,0.6039128,0.7709367,0.41665062,Stable
0.3680277,0.5241021,0.49018502,0.66180444,0.49175546,0.40309566,0.6708944,0.74821913,0.6646779,0.3156105,0.5165943,0.7622556,0.75673956,0.2509614,0.7741481,0.60143244,0.7693931,0.41414624,Stable
0.36918885,0.5189676,0.49352953,0.66394067,0.4913313,0.40350842,0.7382006,0.7649552,0.663429,0.31362346,0.52170235,0.7568009,0.7541045,0.26038516,0.7765381,0.594231,0.7694692,0.40898502,Stable
0.36320764,0.51645255,0.49365723,0.6639906,0.4922344,0.4025819,0.70181715,0.7451126,0.669532,0.31013572,0.48728055,0.7380666,0.7607209,0.2465065,0.7780146,0.5908483,0.7704441,0.40702614,Stable
0.36326274,0.51648533,0.4935066,0.6639969,0.49214238,0.40266854,0.7014691,0.74510825,0.66907287,0.31032774,0.48724768,0.73790705,0.76008594,0.24653313,0.77788234,0.5905664,0.7701086,0.40678686,Stable
0.36606783,0.5195473,0.49338433,0.6621035,0.49318218,0.39902863,0.7219343,0.751654,0.67285365,0.3026855,0.48879418,0.7380538,0.75786734,0.24029076,0.77906626,0.59260106,0.7709181,0.4056545,Stable
0.36277938,0.5177594,0.49291563,0.66056556,0.49161643,0.40034485,0.67579126,0.7514467,0.6773181,0.3044077,0.49226117,0.742609,0.75618637,0.24524085,0.7775129,0.6003579,0.77024734,0.41215286,Stable
0.36691076,0.5165452,0.49247414,0.66095614,0.49092135,0.3997705,0.71455115,0.75667894,0.6740815,0.30903715,0.47238398,0.7278845,0.75753725,0.2556405,0.7747359,0.59894204,0.7686288,0.41303298,Stable
0.3673643,0.51474696,0.49396333,0.66115797,0.48812303,0.39976832,0.7117748,0.7565865,0.6727648,0.31110126,0.4836318,0.7359785,0.7579125,0.25403327,0.77491295,0.5963388,0.76581085,0.4103161,Stable
0.3673957,0.5147785,0.4940163,0.66114616,0.48806387,0.39973304,0.7118816,0.7565335,0.6722132,0.311199,0.48359996,0.7359575,0.7577208,0.25422215,0.77493227,0.5964383,0.7658396,0.410364,Stable
0.36297512,0.51517725,0.49238154,0.663648,0.49205112,0.3954975,0.7164469,0.7512655,0.67175883,0.3064593,0.756533,0.7188222,0.746786,0.26522642,0.77759093,0.60234046,0.7686887,0.4093327,Stable
0.36473954,0.5145042,0.49121714,0.6610202,0.4931936,0.394312,0.7052521,0.7551662,0.66788065,0.3114404,0.7540965,0.73112833,0.7553474,0.2555622,0.7773498,0.6031905,0.7715849,0.411384,Stable
0.36455178,0.51485014,0.48890126,0.66477996,0.49183667,0.39438498,0.711501,0.7545201,0.6680116,0.30935434,0.7556412,0.73238844,0.75308144,0.25704882,0.7787544,0.6108093,0.77428883,0.41309652,Stable
0.3664567,0.515314,0.491153,0.66694474,0.49076158,0.3954737,0.7200501,0.75527805,0.6720898,0.31000173,0.74668187,0.73485863,0.7647362,0.24874811,0.7783427,0.6136245,0.7747953,0.4155198,Stable
0.36633965,0.51536584,0.4912691,0.66687316,0.490792,0.3954544,0.72022074,0.7552315,0.67210853,0.30996355,0.74693793,0.73523897,0.7649452,0.24869272,0.77855885,0.6133565,0.7748431,0.4153684,Stable
0.36348295,0.51523036,0.49488235,0.6647135,0.48867092,0.39743134,0.7207527,0.7535805,0.66947424,0.31266057,0.75641173,0.7387854,0.7632126,0.24716756,0.78002226,0.6053028,0.77255154,0.41422686,Stable
0.36510146,0.5161371,0.49273667,0.66357315,0.48838502,0.39790267,0.7202116,0.75203013,0.67305416,0.310279,0.7494497,0.7272791,0.7554877,0.2607236,0.777472,0.5977142,0.76984906,0.41157755,Stable
0.3655774,0.5154244,0.49719533,0.66171753,0.48867044,0.39650664,0.72127926,0.742331,0.6682367,0.3110979,0.73753947,0.7282912,0.75633633,0.26209807,0.7795238,0.5964742,0.7720218,0.4083458,Stable
0.3651694,0.51488507,0.49697357,0.6642268,0.49011445,0.3959427,0.71992326,0.7418016,0.6649678,0.31276512,0.7571691,0.7253134,0.75518787,0.2536291,0.7797053,0.59662014,0.7725096,0.4106285,Stable
0.3650154,0.5152972,0.49706015,0.6643104,0.49020582,0.3959213,0.720005,0.74178743,0.6652161,0.31260717,0.7572021,0.7253467,0.7553915,0.2535879,0.7797756,0.59677434,0.77256763,0.4105484,Stable
0.36241913,0.5182564,0.49791366,0.66513664,0.4891723,0.3974267,0.7233671,0.739733,0.66407275,0.3137471,0.7567462,0.72387165,0.752227,0.2609643,0.7819334,0.59875625,0.77325296,0.4118083,Stable
0.36250135,0.52042186,0.49728128,0.6653023,0.48936185,0.39954162,0.7148026,0.7388998,0.66879475,0.31324315,0.75705194,0.71389985,0.7555158,0.24786058,0.7780294,0.60176164,0.7709433,0.4142871,Stable
0.36337972,0.5191908,0.49610242,0.66412556,0.48940867,0.39778662,0.71861094,0.73945296,0.66540736,0.3139429,0.75319993,0.71935403,0.7507386,0.25650734,0.77588916,0.60584867,0.76952875,0.41558933,Stable
0.36639088,0.51801986,0.49531078,0.6669928,0.49264985,0.39610118,0.70740235,0.7465155,0.669469,0.30939284,0.75575364,0.7307358,0.7531909,0.25720745,0.77533853,0.61026186,0.77143234,0.4155931,Stable
0.366441,0.51804096,0.4952677,0.667027,0.49254036,0.3961277,0.70734876,0.74651283,0.6694092,0.30938298,0.7557036,0.73095053,0.753191,0.25722486,0.7752837,0.61023927,0.7713908,0.41554666,Stable
0.3674472,0.5161958,0.49739408,0.6632148,0.49217153,0.39384276,0.70179296,0.7488785,0.6666905,0.31268454,0.7611012,0.73396444,0.75442284,0.25879303,0.7742171,0.60744596,0.7707071,0.41620308,Stable
0.3667664,0.51610994,0.496207,0.66319937,0.4956507,0.39098257,0.70766187,0.74764746,0.66568804,0.31155482,0.7536687,0.7324182,0.75277966,0.24880324,0.77463377,0.6133674,0.7718227,0.41496253,Stable
0.36459875,0.5175951,0.49668616,0.6645955,0.49546528,0.39213404,0.7090242,0.7459843,0.6723639,0.3089847,0.7580831,0.7263183,0.762542,0.25376847,0.7723644,0.61225545,0.77048296,0.41557837,Stable
0.36641937,0.51616484,0.4940418,0.6650014,0.4929515,0.39267266,0.7099492,0.74952453,0.67306703,0.31046328,0.7576234,0.732629,0.762151,0.25472507,0.775707,0.6029459,0.77178097,0.41259354,Stable
0.36631483,0.51617,0.49401432,0.665013,0.49298197,0.39266694,0.70995945,0.74951136,0.67301196,0.3103944,0.7574854,0.73275256,0.7620301,0.25482106,0.77566624,0.60298395,0.77174157,0.412577,Stable
0.36693153,0.5154371,0.49695653,0.66276443,0.49301153,0.39298436,0.7014889,0.74406946,0.6713753,0.311203,0.7582227,0.73569274,0.7602817,0.25584537,0.7790854,0.6030811,0.774933,0.4133186,Stable
0.36513764,0.5185272,0.49541828,0.66563165,0.49146247,0.39412484,0.7078997,0.7471018,0.67337286,0.3105874,0.75657696,0.7374035,0.75445986,0.2564999,0.7773997,0.6131079,0.7759046,0.4142174,Stable
0.36054072,0.5223508,0.49419355,0.665362,0.4921864,0.3956799,0.69685596,0.75165147,0.67255414,0.30978274,0.76006067,0.7348108,0.7595696,0.25461775,0.776595,0.6159617,0.77401054,0.41720375,Stable
0.36200485,0.5245102,0.4999879,0.6621244,0.49335885,0.39416718,0.7072598,0.75143427,0.6705724,0.31030443,0.7647877,0.7279295,0.75409836,0.26929098,0.7772588,0.603964,0.7721125,0.41226536,Stable
0.36202008,0.5245167,0.49999845,0.6621418,0.49335998,0.39416468,0.70734704,0.75136995,0.6705766,0.3102702,0.7647772,0.7277682,0.75408286,0.26933154,0.777272,0.6039338,0.7721049,0.41225642,Stable
0.3630782,0.5235706,0.4972644,0.6640877,0.49104497,0.39575344,0.70137966,0.7527772,0.6704383,0.31141472,0.76596034,0.72915506,0.7543707,0.25821173,0.77598065,0.60664064,0.77010584,0.4135251,Stable
0.36102748,0.52262723,0.4984758,0.66198325,0.4928562,0.3942606,0.7052226,0.751696,0.6698505,0.31119752,0.76639456,0.73209655,0.7524745,0.26927477,0.7779653,0.60026705,0.7732146,0.4138608,Stable
0.3629051,0.52301943,0.5019717,0.66133773,0.49240467,0.39509103,0.70646495,0.748548,0.6757898,0.30895993,0.7717633,0.73819757,0.7571857,0.26935074,0.78221935,0.5975621,0.7751441,0.41319093,Stable
0.36303613,0.52107394,0.5052501,0.66218114,0.49468645,0.39547193,0.71523786,0.75530446,0.6702863,0.31162566,0.76390934,0.736238,0.758151,0.27118662,0.7804866,0.6049461,0.7735537,0.41473156,Stable
0.36300856,0.52087486,0.5052047,0.66218555,0.49475,0.39541876,0.7152633,0.7553405,0.670365,0.31163973,0.764037,0.73603344,0.75826764,0.27125096,0.7805614,0.60492986,0.7736041,0.4146783,Stable
0.36336124,0.5211419,0.5032542,0.6641642,0.49381134,0.39348918,0.7157058,0.7474729,0.675574,0.31085044,0.759953,0.7296855,0.7551873,0.26977047,0.78184694,0.604016,0.7747723,0.41015565,Stable
0.360985,0.5222001,0.5000502,0.6619471,0.4922592,0.3948223,0.70735687,0.7634954,0.66882604,0.3150642,0.7574874,0.73436207,0.7596459,0.2596797,0.78193164,0.60850704,0.7749772,0.4178759,Stable
0.36418316,0.5220548,0.49716574,0.66073185,0.49201065,0.39552268,0.7127166,0.76110214,0.67203116,0.3141911,0.75132126,0.7562911,0.7576739,0.25863796,0.7769996,0.6138805,0.774191,0.4197758,Stable
0.3613565,0.5211463,0.49870333,0.65969443,0.49068666,0.39631057,0.7045082,0.75529754,0.66978383,0.3141572,0.7616409,0.7606224,0.7562973,0.25901735,0.7776148,0.6095557,0.7744598,0.4153487,Stable
0.36132938,0.5210403,0.49868712,0.65966976,0.4906656,0.3963183,0.7040204,0.7553527,0.6696477,0.31416085,0.76152587,0.76051754,0.7560899,0.25913548,0.7775511,0.6097113,0.77442336,0.41548008,Stable
0.36304766,0.52611625,0.4973719,0.6610422,0.49339384,0.39583415,0.6990777,0.74677056,0.6697898,0.31191176,0.7618853,0.7677712,0.75971437,0.27157253,0.7816938,0.60980767,0.78072685,0.4159164,Stable
0.36671466,0.52707016,0.50237596,0.6605354,0.49277756,0.3967111,0.6962439,0.745888,0.67493105,0.3112292,0.765418,0.77016866,0.7571633,0.2690094,0.78074944,0.6056073,0.77859753,0.4137553,Stable
0.36563462,0.5312439,0.50199914,0.66104835,0.49225748,0.3954701,0.69078964,0.74752367,0.673522,0.31095123,0.77118015,0.7799098,0.7582203,0.25618124,0.7744678,0.6092973,0.7732911,0.41257417,Stable
0.36586577,0.5333103,0.49980018,0.664547,0.49163902,0.39718482,0.6949031,0.7540419,0.6735832,0.31089914,0.770826,0.7858634,0.7531558,0.2719236,0.7761793,0.6111625,0.7753899,0.41525054,Stable
0.36586913,0.5332819,0.49993825,0.6645534,0.49172616,0.3969675,0.6951443,0.754255,0.67415214,0.3105349,0.77081245,0.78604925,0.7534442,0.2717894,0.77629465,0.6111345,0.7754946,0.41508636,Stable
0.3662368,0.5346689,0.49784312,0.6687252,0.49373996,0.39833343,0.6899044,0.75733423,0.6774425,0.30860794,0.7750764,0.78899115,0.75788105,0.2574552,0.7736801,0.6095298,0.774204,0.41389585,Stable
0.36366913,0.5360806,0.50121,0.669099,0.49632618,0.39818066,0.69981575,0.7639684,0.6773106,0.3051818,0.7710159,0.7738783,0.7537923,0.2557207,0.7766743,0.60931885,0.775686,0.41081032,Stable
0.36275384,0.53689617,0.50034547,0.67096657,0.4961968,0.39790556,0.71410817,0.7567424,0.67820776,0.30613005,0.7604091,0.75986433,0.7521145,0.2682952,0.7756803,0.6085611,0.77511847,0.4130944,Stable
0.36639166,0.537644,0.50069356,0.6713027,0.49824223,0.39816147,0.7209934,0.75927854,0.6796116,0.30687204,0.7664914,0.75566906,0.760189,0.25241703,0.7749457,0.6053147,0.7737503,0.41219103,Stable
0.36617345,0.5381157,0.50053716,0.67130435,0.49826893,0.39816695,0.7208869,0.7589469,0.67960876,0.30687907,0.7664945,0.7561028,0.7601232,0.25242287,0.7750382,0.6052699,0.7738423,0.41203937,Stable
0.36912572,0.5359007,0.49679,0.66495824,0.4960533,0.39919016,0.7047533,0.7426211,0.6817831,0.30638728,0.7724244,0.7706313,0.76210374,0.25238127,0.77763146,0.5995439,0.7763281,0.41054532,Stable
0.36599737,0.5354235,0.49826312,0.6673615,0.4972615,0.3953627,0.7110877,0.741564,0.6821412,0.30412453,0.7647208,0.7589853,0.7595736,0.26579484,0.77957314,0.6075264,0.77768457,0.40895244,Stable
0.36229452,0.53208554,0.49779817,0.6678908,0.49522957,0.39637208,0.71919125,0.7404763,0.6812601,0.30452636,0.7702776,0.7544846,0.7581586,0.26605618,0.7792584,0.60649157,0.77469224,0.4098967,Stable
0.3585808,0.52863413,0.49402362,0.66625726,0.49532124,0.39468217,0.71554613,0.73400253,0.68040645,0.30582803,0.76912683,0.74215525,0.7538094,0.26890847,0.78027815,0.59586436,0.77250755,0.4091358,Stable
0.3587368,0.5286622,0.49383578,0.66632164,0.49539444,0.39457256,0.7154498,0.7340441,0.6804476,0.30574772,0.7690195,0.7424494,0.7537551,0.2688897,0.78028435,0.5956668,0.7725288,0.40914628,Stable
0.3612597,0.5273512,0.49213254,0.66645753,0.49772328,0.39412436,0.7160276,0.7382089,0.68192637,0.3042133,0.755089,0.75463265,0.76039565,0.25368965,0.7809802,0.5958272,0.7738647,0.4064635,Stable
0.36362118,0.5283185,0.49350488,0.663043,0.49842638,0.39529178,0.7084495,0.7413552,0.675905,0.30933154,0.75687146,0.7559413,0.7615368,0.25721252,0.78327006,0.6039252,0.77549714,0.41328737,Stable
0.3627541,0.5285047,0.49401158,0.6635487,0.49880677,0.3933713,0.70674086,0.74051464,0.6787703,0.30966702,0.7636694,0.7525873,0.76088566,0.26642367,0.78136885,0.6031006,0.7770774,0.41227496,Stable
0.36173767,0.5292334,0.49434635,0.6665536,0.4981901,0.39215,0.71696806,0.7384302,0.6732859,0.31296906,0.7550993,0.74563646,0.764018,0.25339,0.78363717,0.6050006,0.7768631,0.40990734,Stable
0.3616523,0.52925503,0.4942964,0.6665508,0.4981998,0.39216596,0.71696854,0.7384302,0.6762392,0.3114696,0.7551795,0.74594754,0.7640059,0.25332588,0.7837615,0.60488284,0.77693033,0.40992236,Stable
0.36165425,0.5294982,0.4948045,0.665345,0.49742958,0.392313,0.7078314,0.7357247,0.6805918,0.30766907,0.76945627,0.7446884,0.7633153,0.2527435,0.7835335,0.6063548,0.77852386,0.41035324,Stable
0.36162084,0.52993023,0.49777526,0.66488147,0.4960998,0.39337194,0.71635675,0.73703384,0.68150824,0.30744666,0.77443016,0.7495253,0.76297975,0.25308678,0.7819184,0.60015774,0.77498746,0.4092115,Stable
0.36711463,0.53043664,0.49833605,0.6634931,0.4952215,0.3939081,0.71980655,0.7353008,0.6793756,0.30860132,0.773559,0.75157756,0.7631073,0.25467408,0.7824987,0.6050354,0.77818346,0.41279766,Stable
0.3685525,0.53619826,0.4979682,0.66230786,0.49483538,0.39523637,0.7191845,0.7367107,0.67169046,0.3141728,0.7629706,0.7578051,0.753633,0.25910112,0.77828777,0.6085044,0.7753285,0.41743326,Stable
0.36799693,0.5362915,0.49790782,0.6623727,0.4948219,0.39524326,0.719097,0.7367779,0.6716598,0.31416875,0.76297915,0.7582714,0.7536959,0.25907692,0.7782589,0.60844266,0.7753552,0.41748536,Stable
0.36594412,0.5359376,0.49585515,0.6635206,0.49282205,0.39218378,0.70171034,0.72281003,0.67416966,0.3119631,0.76224315,0.7617872,0.76142645,0.25564608,0.7773363,0.6065875,0.77417266,0.41451532,Stable
0.36392558,0.534474,0.4955855,0.6643365,0.49280974,0.3922823,0.70621556,0.7297942,0.67846006,0.30439126,0.7679824,0.74852556,0.7625911,0.25446302,0.7769603,0.60211205,0.7727691,0.4102727,Stable
0.3667935,0.5348275,0.4992658,0.66130435,0.49434012,0.3935593,0.70698094,0.7145841,0.6832913,0.30627155,0.77102077,0.7375773,0.76230425,0.2656982,0.78037333,0.6024871,0.77649915,0.40910602,Stable
0.36502886,0.529398,0.49654728,0.65841496,0.4945825,0.39018056,0.702327,0.7217774,0.66849226,0.31077337,0.76754415,0.74669576,0.7531581,0.2713357,0.7823051,0.593566,0.7738147,0.40451556,Stable
0.36507612,0.52937996,0.49645847,0.65844536,0.49456167,0.39018008,0.70205855,0.72196937,0.66824734,0.3107888,0.76757324,0.7470287,0.75316024,0.27138662,0.7822821,0.5935223,0.77378005,0.40450606,Stable
0.36771113,0.528777,0.49736792,0.65426874,0.4951889,0.39064437,0.70066684,0.72246087,0.67392206,0.31087098,0.761587,0.7428639,0.7605395,0.25372902,0.7847204,0.59167266,0.77579206,0.39927098,Stable
0.36629662,0.5229455,0.49574715,0.65429556,0.49782127,0.39161596,0.7036726,0.7246744,0.67374337,0.30815604,0.75427127,0.75040615,0.76141644,0.24117094,0.7859573,0.5966691,0.77884984,0.40572345,Stable
0.36717603,0.51613605,0.4944491,0.64924425,0.49613628,0.3878926,0.699167,0.72997093,0.6651518,0.30557722,0.7561176,0.7489797,0.7528676,0.2565897,0.78577197,0.59668875,0.7783648,0.40689135,Stable
0.36665496,0.5139711,0.49367166,0.6488741,0.5000814,0.382398,0.7018007,0.7272303,0.6719992,0.3018244,0.75842226,0.7417888,0.765381,0.25404018,0.78748393,0.59709144,0.7816197,0.4068882,Stable
0.36659038,0.51404214,0.493602,0.6488578,0.50002587,0.38244867,0.70127577,0.7274345,0.6719991,0.30186057,0.75833434,0.7420857,0.7655325,0.2539917,0.7875044,0.5969404,0.781636,0.40678024,Stable
0.3688708,0.5086024,0.49159402,0.6444825,0.503075,0.3805767,0.6974792,0.7296599,0.6741261,0.29977882,0.7595699,0.74386764,0.76153433,0.25509316,0.7912582,0.59490734,0.78324056,0.40845525,Stable
0.3698799,0.50446355,0.4931496,0.6441109,0.501871,0.37988436,0.6965615,0.72966933,0.675832,0.30122888,0.756144,0.7466786,0.76443017,0.24159358,0.78924364,0.5991689,0.7831418,0.41250473,Stable
0.36848372,0.5039555,0.4919034,0.64542794,0.504289,0.38049555,0.6966474,0.729588,0.6767897,0.30189395,0.7575941,0.74647784,0.7631532,0.2531435,0.79144526,0.5972657,0.7851176,0.4090715,Stable
0.36797285,0.509251,0.49253258,0.6447945,0.5033408,0.38167462,0.7003462,0.72445977,0.67419493,0.30808857,0.7558795,0.736196,0.76378673,0.25695527,0.7913953,0.60368586,0.78554,0.41417563,Stable
0.36830828,0.5087845,0.49276254,0.64466536,0.5035331,0.38178897,0.70015216,0.72474504,0.6747725,0.30809757,0.7557106,0.7362623,0.76384974,0.2568707,0.7915475,0.6036289,0.7857127,0.41399968,Stable
0.36792526,0.51266104,0.49649164,0.6444188,0.50400555,0.3832268,0.7082598,0.7226236,0.67588425,0.30710697,0.7598233,0.7299324,0.7634109,0.25292343,0.7971787,0.59485656,0.7864381,0.41117692,Stable
0.36581644,0.5188287,0.49411544,0.6446379,0.4999071,0.38416034,0.6962086,0.7301016,0.67275995,0.30498418,0.75546336,0.74121326,0.7644118,0.2426247,0.7879488,0.593592,0.7805361,0.4095938,Stable
0.36415207,0.5256377,0.49757552,0.65872645,0.49905595,0.3859597,0.70355177,0.7412846,0.68051594,0.30634713,0.76375616,0.7396929,0.7638693,0.25645998,0.7917988,0.5935821,0.7828791,0.40567654,Stable
0.3673528,0.5297121,0.4975217,0.65181756,0.49695954,0.39121184,0.7110764,0.7266791,0.6772725,0.3085082,0.7636196,0.7545563,0.7558891,0.26987857,0.7891339,0.5900381,0.7810344,0.40611267,Stable
0.36733848,0.5296838,0.49750552,0.65186656,0.49690485,0.39124155,0.7110781,0.72670734,0.67725253,0.30852634,0.7636532,0.7547187,0.7559378,0.26985347,0.7892062,0.59001106,0.7810855,0.40608674,Stable
0.36513385,0.5335334,0.5024257,0.66164136,0.49727756,0.39205402,0.70891345,0.723941,0.6745121,0.30811328,0.7689082,0.74739695,0.7556838,0.26352632,0.7876844,0.59421766,0.7781295,0.40753362,Stable
0.36515874,0.533734,0.5053191,0.66153383,0.5005063,0.39452943,0.71257824,0.73354757,0.67676246,0.30481207,0.7643935,0.74234414,0.7531001,0.26147977,0.78482336,0.5944083,0.7799171,0.4071352,Stable
0.36289173,0.5382469,0.50452256,0.6641028,0.4989087,0.39371976,0.71093607,0.73645985,0.67595714,0.30314958,0.75991267,0.7467345,0.7544751,0.2589302,0.7844991,0.60419774,0.77876985,0.40817976,Stable
0.36272556,0.5401574,0.50115746,0.66478103,0.49851245,0.39432704,0.7034142,0.7393539,0.6746716,0.3065989,0.7620275,0.74771965,0.755376,0.270231,0.78187096,0.60477954,0.7776098,0.40728486,Stable
0.36286673,0.54013926,0.50104773,0.6647959,0.4984758,0.39426702,0.70330495,0.73929906,0.6746904,0.3064581,0.7620802,0.7474138,0.7554035,0.2702715,0.78184384,0.60483885,0.7776186,0.40723932,Stable
0.364339,0.53948164,0.50464237,0.6645911,0.4995571,0.39476824,0.7181239,0.7386061,0.678306,0.30969757,0.7649011,0.7474491,0.7547214,0.27029988,0.7845592,0.60501015,0.77921695,0.40817487,Stable
0.3635859,0.5382998,0.50664216,0.66565084,0.4995072,0.39513028,0.71035993,0.74067205,0.68033993,0.30585963,0.7657138,0.7427034,0.753268,0.27003264,0.78369904,0.6035416,0.7771928,0.40674025,Stable
0.3685034,0.53415656,0.4995131,0.65967077,0.49876618,0.3980705,0.712885,0.7392466,0.6760804,0.31093398,0.7652767,0.74051344,0.75242084,0.27206075,0.7860098,0.6001996,0.7774257,0.40955085,Stable
0.36420986,0.5342585,0.49761665,0.65812564,0.4967699,0.39807308,0.70910186,0.738187,0.6723847,0.3147724,0.75592726,0.7454302,0.74770087,0.27480012,0.7858218,0.6004197,0.775428,0.40974945,Stable
0.3641798,0.53422976,0.49753946,0.65796155,0.4967401,0.39817822,0.7090305,0.7379586,0.67211574,0.31487787,0.75581926,0.74558634,0.7475928,0.27481294,0.7858604,0.6001088,0.7754206,0.40962607,Stable
0.359372,0.5328196,0.49906775,0.65967584,0.49987411,0.39673638,0.7043192,0.7354665,0.6731631,0.3142881,0.7615368,0.7360616,0.74835765,0.27423525,0.78431296,0.59219587,0.77476496,0.40887344,Stable
0.36088514,0.532535,0.4983877,0.6602012,0.5005508,0.398522,0.7097325,0.7471144,0.6758768,0.31508657,0.7556197,0.7545158,0.7546279,0.27227616,0.7812354,0.60430324,0.773914,0.4127034,Stable
0.3618121,0.53581303,0.4968447,0.6631477,0.4991362,0.40168655,0.71931076,0.7416686,0.6800318,0.3133921,0.7630798,0.7465143,0.7560972,0.27018574,0.7824576,0.6062567,0.77446264,0.41216713,Stable
0.36197948,0.5383191,0.4962915,0.66461843,0.49861035,0.401782,0.71400326,0.7465986,0.6748807,0.3149949,0.76123565,0.7477312,0.751055,0.27305216,0.78093636,0.60049427,0.77433604,0.41476306,Stable
0.36187214,0.53821874,0.49635446,0.6645523,0.49869937,0.4018548,0.7140812,0.74660176,0.67487687,0.31499505,0.7614747,0.7477311,0.7511282,0.27306616,0.78102934,0.60046315,0.7743735,0.4148185,Stable
0.3618971,0.53790873,0.49596936,0.6696252,0.49845678,0.40118188,0.7171835,0.7505468,0.6871698,0.30893192,0.76584953,0.7538787,0.76052904,0.26608333,0.78438556,0.60423034,0.77927625,0.41117415,Stable
0.35916635,0.5380182,0.49652064,0.6641698,0.49793524,0.40171462,0.70134246,0.7516303,0.6724812,0.3133978,0.75294626,0.74238265,0.7572531,0.26273024,0.7816951,0.59351146,0.7747366,0.40495038,Stable
0.35706872,0.53786457,0.49709672,0.66403925,0.4978989,0.40215355,0.6733017,0.7481866,0.6720904,0.31488413,0.7506429,0.7464711,0.748348,0.27396873,0.77957577,0.6013226,0.77215457,0.4095522,Stable
0.35735726,0.5385673,0.49331427,0.66470706,0.498074,0.40081427,0.6913511,0.7551087,0.6727394,0.31621486,0.7522383,0.7541861,0.75273556,0.2713522,0.78278375,0.6000731,0.7749089,0.40925655,Stable
0.3573395,0.5385042,0.49324912,0.6647718,0.4978549,0.40087184,0.69136655,0.75510025,0.672836,0.31617022,0.75228614,0.7542108,0.7528138,0.27135155,0.7827827,0.5999871,0.774927,0.40915185,Stable
0.3566352,0.53862774,0.4928741,0.6803875,0.49724203,0.4026304,0.6788726,0.74168843,0.6740978,0.3129484,0.7618277,0.74429476,0.7505301,0.2680785,0.7851302,0.5939292,0.7761104,0.40375692,Stable
0.35632432,0.53782225,0.49592608,0.6691358,0.49511525,0.40198356,0.70278424,0.7553607,0.6760429,0.30898446,0.7547993,0.76609266,0.75844514,0.2620849,0.7806647,0.5906755,0.77048767,0.40036222,Stable
0.35940802,0.53991306,0.50192195,0.6655541,0.49557734,0.40110287,0.7108144,0.7581848,0.6780125,0.30900532,0.7516293,0.7667701,0.76124644,0.26266652,0.78201973,0.5944085,0.77228355,0.40468416,Stable
0.36132738,0.53773665,0.5012708,0.66736937,0.4967516,0.40171748,0.7039163,0.7588079,0.67437285,0.30861667,0.7638079,0.7668509,0.74778914,0.2682539,0.7812535,0.5944717,0.77055836,0.40359747,Stable
0.3613122,0.5377213,0.50119245,0.6674863,0.4967626,0.40172267,0.7041802,0.7588024,0.6743635,0.30864623,0.76373184,0.76665545,0.74781156,0.26817346,0.7813717,0.5943298,0.7706442,0.40345013,Stable
0.36062095,0.53771776,0.4995122,0.6793188,0.4966206,0.40002292,0.6996825,0.7572154,0.67566586,0.31237018,0.75313103,0.76611084,0.75277317,0.2658014,0.78054446,0.59525263,0.7722213,0.40451488,Stable
0.35950527,0.54172474,0.5002078,0.6787716,0.49367905,0.40208596,0.7076194,0.759283,0.67165583,0.31302616,0.76323575,0.7580132,0.74853694,0.26987737,0.7809509,0.59406847,0.7723433,0.4066589,Stable
0.35956848,0.54517496,0.49843204,0.66808355,0.49396083,0.4007308,0.65318507,0.7333238,0.67355293,0.30431074,0.751238,0.7503531,0.75126386,0.2694667,0.7806283,0.59258664,0.7713084,0.39794323,Stable
0.35684833,0.5478641,0.5003139,0.6705868,0.4934238,0.4022085,0.66923416,0.74187154,0.6742101,0.30650276,0.7682943,0.7645432,0.7529718,0.2723009,0.7806989,0.608001,0.772285,0.4075563,Stable
0.3568828,0.5475836,0.5002741,0.6708611,0.49344414,0.4021315,0.6684446,0.74191844,0.6742575,0.306507,0.7686018,0.7642007,0.7529472,0.27221867,0.7806558,0.6081586,0.7721943,0.40746483,Stable
0.36403427,0.5458624,0.5025223,0.6816508,0.4940716,0.40112862,0.67702234,0.74608934,0.67673457,0.30443674,0.76963365,0.77079475,0.75480366,0.26932395,0.78098667,0.6030121,0.7730435,0.40831584,Stable
0.36373755,0.5480035,0.49896187,0.68171024,0.49443468,0.3998314,0.67748654,0.7471391,0.67213106,0.31430084,0.55455726,0.77588165,0.74535537,0.26638916,0.780251,0.60889953,0.77322364,0.40906784,Stable
0.36297923,0.5504787,0.49845076,0.68421054,0.49268103,0.3989188,0.6914154,0.75262964,0.6727551,0.304945,0.68830174,0.75683224,0.74669784,0.25029385,0.7818739,0.60997945,0.77333844,0.40812147,Stable
0.36102027,0.55193615,0.49852392,0.6820241,0.49206945,0.40054625,0.67905825,0.74428415,0.6730107,0.30505228,0.7141397,0.7554726,0.74114317,0.2654823,0.7804579,0.6083492,0.77264214,0.40925407,Stable
0.36102706,0.5519514,0.498523,0.6820645,0.49207717,0.40057763,0.6789781,0.74437594,0.6729924,0.3050552,0.7141294,0.75549793,0.7411122,0.26546413,0.78044033,0.60840976,0.77263355,0.40927768,Stable
0.36073756,0.55152345,0.49798092,0.68453044,0.49065027,0.4007191,0.6843209,0.74855965,0.6724199,0.30875355,0.68103194,0.75755686,0.7447814,0.2651286,0.7810713,0.60882044,0.7730069,0.4078653,Stable
0.36173308,0.5507237,0.5024874,0.6847353,0.48979864,0.40075165,0.718574,0.7524249,0.67291534,0.3112309,0.75347865,0.7519872,0.74907947,0.2645964,0.77830315,0.61113644,0.77226603,0.41101873,Stable
0.36180443,0.5482198,0.49922678,0.6827817,0.4877966,0.40001613,0.7141449,0.7514049,0.6691026,0.3077222,0.70762175,0.74932575,0.7512785,0.254723,0.7776102,0.6146847,0.76750743,0.410156,Stable
0.36012542,0.5447587,0.49511084,0.68053097,0.486499,0.4014865,0.71249527,0.75030124,0.66401786,0.31057334,0.71490014,0.7304954,0.7444431,0.2516226,0.77899194,0.606799,0.76909184,0.4072659,Stable
0.3601809,0.5448011,0.4952122,0.680541,0.4866197,0.401483,0.71245027,0.75040865,0.6640945,0.31041867,0.71457,0.73054373,0.7444054,0.2516845,0.77900827,0.60673046,0.7690636,0.40724236,Stable
0.36185068,0.5423629,0.49636394,0.6663252,0.48835415,0.39965805,0.7132621,0.7403921,0.66124743,0.3105699,0.75713843,0.7378005,0.74066377,0.25407684,0.7787068,0.60491776,0.7653267,0.40813372,Stable
0.36429727,0.5379507,0.49910313,0.66605103,0.48842034,0.39868435,0.7122612,0.7389622,0.6613177,0.31098002,0.7534553,0.7351765,0.74537754,0.2507969,0.77509946,0.6075325,0.76478004,0.41016898,Stable
0.3639618,0.5368271,0.49925655,0.6640756,0.491646,0.39728445,0.7128948,0.73834527,0.6751152,0.3020205,0.75531745,0.739918,0.7534949,0.25255314,0.7778136,0.60961545,0.7711283,0.40812188,Stable
0.36074433,0.5307993,0.4982053,0.6622771,0.4916966,0.39574778,0.7142223,0.74269533,0.6771176,0.30261752,0.75372684,0.74227965,0.75758386,0.25561213,0.7845761,0.5936324,0.7769884,0.40060005,Stable
0.36067212,0.530868,0.49821806,0.6622164,0.4917581,0.39579624,0.71416676,0.74261945,0.6772007,0.30249107,0.75365305,0.7422917,0.75795126,0.25584534,0.78471273,0.5938386,0.7770929,0.40088043,Stable
0.35774168,0.5313724,0.49840054,0.662123,0.49260458,0.39349705,0.7136383,0.74336755,0.6757845,0.30200386,0.7535874,0.73718905,0.75211185,0.25472257,0.78453153,0.59410155,0.7756109,0.4009182,Stable
0.35977218,0.5287354,0.49844486,0.66044736,0.49130982,0.39389294,0.71557635,0.7336673,0.673265,0.3036281,0.7564956,0.7245211,0.7476131,0.25262368,0.78572387,0.5915348,0.7762622,0.39972037,Stable
0.35720533,0.52811104,0.49814674,0.66190773,0.49404472,0.3936026,0.71507114,0.7338194,0.67102635,0.304673,0.7543997,0.73012066,0.7431519,0.2526042,0.7816812,0.58980954,0.77228105,0.39402342,Stable
0.3572334,0.528099,0.49808165,0.6619884,0.49398944,0.3935623,0.7149026,0.73381656,0.6710712,0.3047109,0.7544102,0.7302322,0.74309087,0.25265306,0.78165317,0.5898369,0.7721952,0.3940763,Stable
0.35937104,0.52648735,0.49612948,0.66227454,0.49263847,0.39050242,0.7128879,0.7337829,0.6724107,0.30421385,0.753066,0.72959775,0.7439109,0.2521708,0.778553,0.5869846,0.7685623,0.38964984,Stable
0.35874686,0.52406645,0.4966801,0.66074294,0.4923753,0.39154705,0.7143645,0.7357273,0.67580676,0.30158293,0.7562138,0.73086303,0.75911295,0.23938283,0.7810985,0.59238136,0.77229345,0.39108133,Stable
0.35745317,0.5227131,0.49867123,0.65974903,0.4944998,0.38937685,0.71374,0.735427,0.6750879,0.302522,0.75733197,0.7284002,0.75846386,0.2512098,0.7823786,0.5933299,0.774912,0.39399892,Stable
0.35797703,0.5222359,0.49775445,0.6612336,0.4953389,0.39345658,0.70853555,0.73364484,0.67332304,0.30400297,0.7566546,0.729906,0.76451874,0.23701492,0.7820322,0.5962758,0.777569,0.40338433,Stable
0.35798043,0.5221628,0.4977237,0.6612268,0.49529088,0.39339396,0.70839,0.7336308,0.6734494,0.30391216,0.756751,0.73019147,0.76464415,0.23695916,0.7819569,0.5962229,0.7775921,0.40332347,Stable
0.35759908,0.52142113,0.497244,0.6625254,0.49510154,0.39133057,0.7157829,0.73320246,0.6732888,0.30382955,0.7578563,0.72662777,0.7622243,0.23755625,0.7842299,0.59561133,0.7740668,0.39456576,Stable
0.3580173,0.5221861,0.49748665,0.6635524,0.49532205,0.39295995,0.7114713,0.73570037,0.6734454,0.30192465,0.7585773,0.7253095,0.7595062,0.23736942,0.78153366,0.5941683,0.7717878,0.39448065,Stable
0.35937616,0.5234597,0.49688062,0.6637125,0.49417517,0.39409053,0.7179904,0.7359299,0.6722605,0.30415732,0.76248646,0.72354215,0.75878567,0.23792347,0.78538746,0.5929674,0.7733891,0.39392143,Stable
0.35941952,0.523569,0.49677205,0.6637318,0.4942389,0.39393625,0.7179181,0.73588294,0.6723491,0.30418813,0.7622623,0.72321314,0.7584414,0.23814183,0.78530085,0.5928857,0.7733741,0.39387238,Stable
0.35942075,0.52357525,0.49677727,0.66373277,0.4942382,0.39393649,0.71792454,0.7358855,0.67234915,0.3041883,0.76226544,0.7232098,0.7584411,0.23814206,0.7853026,0.59288335,0.773374,0.3938721,Stable
0.3587843,0.5266734,0.49683183,0.6629596,0.49225816,0.39487427,0.71605915,0.73394513,0.67545545,0.3011719,0.76496905,0.71705866,0.76056504,0.23585686,0.78389966,0.59086466,0.7741301,0.40192682,Stable
0.3618215,0.5273177,0.4982363,0.66272736,0.49457058,0.39533564,0.71079445,0.7347137,0.6786233,0.3001346,0.7630095,0.7187381,0.76072353,0.2362079,0.7869012,0.5935961,0.7770908,0.40257376,Stable
0.36298594,0.528529,0.4982586,0.6671497,0.49529767,0.39377305,0.71269596,0.73603916,0.67668504,0.30103898,0.76595205,0.7179484,0.7590586,0.236179,0.7844254,0.59594005,0.7766514,0.40463123,Stable
0.36365706,0.5273892,0.49934494,0.66520005,0.49533284,0.39613485,0.7131371,0.7366407,0.676989,0.30358884,0.7641599,0.72405195,0.76291436,0.23594773,0.7849915,0.59613425,0.7778043,0.40487644,Stable
0.36363435,0.52736485,0.49942893,0.6650934,0.4952849,0.3961131,0.71315074,0.7365885,0.6769879,0.30361626,0.76411647,0.7240789,0.76285356,0.23598586,0.7849505,0.59598124,0.7777798,0.40483022,Stable
0.3625095,0.5248394,0.49907768,0.6620009,0.4945632,0.39545426,0.70998764,0.7341437,0.67689514,0.30593017,0.76001114,0.7169328,0.7629913,0.23403755,0.7811743,0.6051783,0.7770623,0.40702194,Stable
0.3679365,0.5231812,0.49884543,0.6635823,0.4971978,0.39337808,0.7079141,0.7335019,0.6732216,0.3075913,0.76158905,0.71477187,0.7570281,0.2649902,0.7823453,0.60494614,0.77984494,0.41064808,Stable
0.3690251,0.51960695,0.49892384,0.6635669,0.49665695,0.3928284,0.70374465,0.73817366,0.676547,0.30120975,0.7613015,0.71858495,0.75312376,0.23789537,0.78090954,0.6087271,0.77890724,0.41376978,Stable
0.36597657,0.51620865,0.50159,0.6640533,0.4954556,0.3899232,0.70737886,0.74078536,0.67296165,0.30470222,0.75376004,0.72861546,0.7516805,0.25066143,0.78341615,0.61345154,0.7798822,0.41515487,Stable
0.36609194,0.51613355,0.5014592,0.6640917,0.4954806,0.38977692,0.70749253,0.74068534,0.6730516,0.30466586,0.75368345,0.7282528,0.752084,0.2505672,0.78344107,0.61332893,0.7799132,0.41511747,Stable
0.36622995,0.5116254,0.5030022,0.66372836,0.4972889,0.3870641,0.7097963,0.7396239,0.6718472,0.30351654,0.75749457,0.7261717,0.75906706,0.23801169,0.7894851,0.61201626,0.78486294,0.41265357,Stable
0.3670935,0.5073391,0.5054508,0.66190624,0.49399304,0.38626242,0.71615565,0.7379433,0.6747726,0.30352688,0.7732806,0.7146575,0.76041526,0.23715286,0.7920293,0.60881406,0.785722,0.40967077,Stable
0.37360913,0.5044679,0.50010276,0.6597176,0.49458516,0.3833921,0.7076018,0.7355262,0.6685883,0.30450547,0.7569016,0.71858853,0.7501917,0.24102217,0.7903954,0.6118494,0.7842035,0.40947628,Stable
0.37367925,0.49973854,0.49905813,0.66126055,0.49333796,0.3844043,0.7041187,0.7378661,0.6669759,0.3026949,0.7548561,0.7175333,0.7461566,0.24477771,0.78853273,0.61154056,0.78318447,0.41471958,Stable
0.37367427,0.49976283,0.49893782,0.6613308,0.49335885,0.38450778,0.70377755,0.7379756,0.66699547,0.30270064,0.7549559,0.7179989,0.7463867,0.24458346,0.78846574,0.61176914,0.7832898,0.4150228,Stable
0.37257457,0.494047,0.50008583,0.66472226,0.49578056,0.38254797,0.6996287,0.73472255,0.66939294,0.30345273,0.7576271,0.7063739,0.7411097,0.2465205,0.78571665,0.6071888,0.7841014,0.41455722,Stable
0.37324688,0.48882437,0.50084436,0.6577089,0.49796784,0.3827575,0.70669806,0.73131293,0.6684923,0.3007238,0.75890934,0.7012986,0.75399226,0.23617737,0.7880904,0.6083924,0.784409,0.41317165,Stable
0.3728231,0.49100184,0.5012726,0.6568274,0.5001267,0.38079047,0.7102109,0.7321202,0.66741675,0.2993675,0.7546991,0.70506763,0.7509923,0.23594347,0.7882148,0.6076659,0.78449935,0.41271004,Stable
0.37302232,0.48535246,0.502383,0.65475065,0.4990366,0.37854308,0.70174253,0.72459126,0.6738925,0.29959592,0.7584469,0.7196541,0.7562115,0.22430885,0.7944101,0.5998769,0.78943294,0.40753636,Stable
0.37301296,0.4855588,0.50248003,0.6548102,0.4990893,0.37858197,0.7016153,0.72468877,0.6737915,0.29949415,0.75854826,0.7197367,0.7558553,0.22397976,0.7944318,0.60005724,0.7894429,0.40765136,Stable
0.37320125,0.4871148,0.5022067,0.65525335,0.49959195,0.37865353,0.70265764,0.72738665,0.6739224,0.29691795,0.75834864,0.7190865,0.75131404,0.22470313,0.791932,0.6010097,0.7879436,0.40704358,Stable
0.37402293,0.4938868,0.50136465,0.6604946,0.50100386,0.37890023,0.712058,0.73211706,0.67268336,0.29677165,0.7568989,0.70566267,0.7400054,0.23723009,0.79058754,0.60639215,0.7834319,0.4055032,Stable
0.37304145,0.48821387,0.5035666,0.65704346,0.49482927,0.38220927,0.706788,0.7257291,0.6605935,0.30378887,0.75572866,0.7003629,0.7455353,0.2261891,0.788623,0.5997579,0.7825348,0.399551,Stable
0.37407786,0.4925729,0.5030483,0.65990496,0.49091038,0.383924,0.69845057,0.73208517,0.65593505,0.30294037,0.7579353,0.7144405,0.7511233,0.21642911,0.7871916,0.6070432,0.77854097,0.40936118,Stable
0.37401503,0.49259537,0.5032047,0.6598969,0.49090344,0.38392586,0.69868934,0.7320592,0.6558799,0.3029603,0.75831926,0.71419895,0.75090647,0.21649039,0.78879416,0.6028242,0.77855027,0.4093667,Stable
0.3718148,0.49912518,0.5079846,0.6584557,0.49358043,0.38461277,0.70187736,0.7321427,0.660987,0.30012822,0.756204,0.7250993,0.7592182,0.20962009,0.7914324,0.6034504,0.78246707,0.4001977,Stable
0.37204903,0.50725055,0.5033429,0.66347325,0.49429178,0.39579952,0.6963862,0.7345482,0.6535615,0.29830354,0.7536008,0.71697253,0.75115055,0.21054745,0.78132915,0.60231996,0.77297944,0.40433437,Stable
0.37200996,0.50820696,0.5022241,0.6684672,0.49755543,0.3974063,0.7027143,0.73199797,0.65418535,0.296452,0.751352,0.71259713,0.7448425,0.21255109,0.7801447,0.60653037,0.7725177,0.40589577,Stable
0.3718961,0.51325333,0.50220835,0.66763496,0.49306864,0.39679536,0.70917696,0.7329104,0.6537363,0.2953645,0.75462234,0.7157204,0.7563233,0.19614963,0.7820606,0.60937047,0.77447605,0.40586087,Stable
0.3718859,0.5130225,0.5022079,0.6676092,0.4930076,0.39675948,0.70919555,0.7328066,0.6539581,0.29522783,0.754687,0.7154918,0.75660026,0.19592747,0.78208196,0.60921836,0.7744293,0.40573746,Stable
0.3723408,0.51223505,0.50349224,0.6665101,0.4932464,0.39869484,0.6970601,0.7262199,0.6495467,0.30128965,0.7581348,0.6965425,0.74891895,0.20574048,0.7845702,0.60299563,0.7731352,0.39454633,Stable
0.37199044,0.51618737,0.5007948,0.67260814,0.4893993,0.3987103,0.69883406,0.7240057,0.65013856,0.2989923,0.75602573,0.6971456,0.7547912,0.19925806,0.7859945,0.6050955,0.77577555,0.3954061,Stable
0.37310684,0.5181212,0.49826938,0.67092794,0.49040228,0.39988026,0.69666874,0.72671497,0.6494473,0.30051765,0.75029343,0.7049193,0.75617933,0.20013623,0.78263843,0.6042804,0.77304685,0.39701295,Stable
0.37219882,0.52036583,0.501222,0.6710984,0.49127507,0.39806974,0.6990968,0.7303855,0.6494965,0.2940209,0.75937885,0.71062464,0.75816286,0.1985012,0.7847254,0.60511297,0.7749995,0.3959291,Stable
0.37237918,0.5201798,0.5010885,0.67106503,0.49127898,0.39803752,0.698843,0.7303629,0.64944327,0.294048,0.7593841,0.71059334,0.75841284,0.19830565,0.7846925,0.6051912,0.7750553,0.39614707,Stable
0.3712514,0.5210613,0.5006764,0.667433,0.4913516,0.39582023,0.6937431,0.7316715,0.6487551,0.2967475,0.7598392,0.7090053,0.7451879,0.20993128,0.7851354,0.6058087,0.7745644,0.4023243,Stable
0.37036842,0.517393,0.50499505,0.66802835,0.49268588,0.389996,0.70902,0.72714823,0.6577985,0.29416215,0.74938834,0.7049241,0.7551125,0.1998437,0.7890696,0.6045686,0.7791308,0.39469993,Stable
0.37301755,0.51040375,0.5040593,0.66506135,0.4965783,0.39613816,0.7030904,0.72878355,0.65642506,0.29286397,0.749269,0.7103903,0.75856584,0.19848111,0.7892956,0.6041156,0.78002876,0.39747345,Stable
0.37158424,0.5083937,0.50395024,0.6657697,0.4946605,0.3948934,0.7194481,0.7291554,0.64952195,0.2953085,0.7548562,0.70130694,0.74715126,0.22356361,0.78498673,0.6012799,0.7750105,0.40235096,Stable
0.37168524,0.5083103,0.50405705,0.6659016,0.49473736,0.39482933,0.71966565,0.7292708,0.6495608,0.2952801,0.75526786,0.7004708,0.74713826,0.22364923,0.78518695,0.60107815,0.77495563,0.39639002,Stable
0.37350148,0.5059496,0.5029117,0.66330343,0.49603927,0.3940977,0.7226326,0.7327236,0.66010845,0.28384805,0.75563496,0.7036986,0.75360036,0.21110076,0.78784573,0.59619427,0.7779108,0.39304134,Stable
0.37357068,0.5039471,0.50403863,0.66094077,0.49640548,0.38166577,0.7115001,0.7267678,0.66558564,0.28244704,0.7559147,0.6926831,0.74889416,0.2113167,0.78932035,0.5970567,0.7790188,0.3924876,Stable
0.3740958,0.49909365,0.5079119,0.66053534,0.49782854,0.37986788,0.72593325,0.7273047,0.67062473,0.28299397,0.757899,0.6968267,0.75318134,0.20565568,0.79073346,0.59858197,0.7831956,0.3929605,Stable
0.37121266,0.49658582,0.50131506,0.6616602,0.49518523,0.3801818,0.71916693,0.72395676,0.66175556,0.28398073,0.7613415,0.69964236,0.75721943,0.20092419,0.7899174,0.5980132,0.7790878,0.3970043,Stable
0.37118518,0.49662775,0.50124085,0.66169715,0.49512917,0.38015363,0.7191565,0.72393936,0.66180897,0.2839855,0.7613466,0.6999006,0.75707954,0.20106521,0.7899863,0.5980059,0.7790904,0.39695245,Stable
0.37270588,0.48955208,0.5050589,0.6602193,0.49616322,0.37766597,0.7219,0.7214455,0.6701956,0.27861437,0.7609727,0.699764,0.7550392,0.20876002,0.79048413,0.6003956,0.78405374,0.3959334,Stable
0.37463063,0.48499367,0.50234795,0.65979326,0.49628937,0.37667185,0.7113485,0.7167827,0.6677232,0.27945104,0.756837,0.6987855,0.75686896,0.20101157,0.78893363,0.59994936,0.78417885,0.3960992,Stable
0.37379205,0.48354477,0.5019103,0.6591917,0.49810117,0.38085264,0.710943,0.71166635,0.66569996,0.28201747,0.7602944,0.702464,0.75232744,0.20477514,0.79048,0.5995803,0.7848095,0.3956291,Stable
0.37548214,0.4866421,0.5032571,0.6596217,0.49514994,0.37767655,0.71662545,0.71310246,0.6690111,0.28082982,0.76009166,0.6980542,0.7565837,0.20013496,0.78964555,0.6013546,0.78355926,0.39681277,Stable
0.3755103,0.48662817,0.50333077,0.65977687,0.4951733,0.37764952,0.7169556,0.71309924,0.6690411,0.28080776,0.76010674,0.69806933,0.75654554,0.2001259,0.78983665,0.6012577,0.78362656,0.39667723,Stable
0.3751348,0.4871465,0.50313044,0.65695286,0.49563515,0.37862724,0.714432,0.71168303,0.6697006,0.28030357,0.7600941,0.7008872,0.7579167,0.19928508,0.78892684,0.59974176,0.78361046,0.396783,Stable
0.37399268,0.48841286,0.503961,0.65562654,0.49474308,0.3792523,0.71570796,0.7108294,0.6649846,0.28074807,0.7578572,0.69662064,0.75496954,0.2005085,0.79221046,0.5995741,0.781975,0.3987382,Stable
0.3733468,0.49105424,0.5016009,0.65595376,0.4939165,0.3796345,0.7115365,0.71483314,0.661581,0.28198856,0.7572314,0.7076796,0.757079,0.20181951,0.790499,0.60053176,0.7814154,0.40135777,Stable
0.37022817,0.49298513,0.5040828,0.65441483,0.49703273,0.37904912,0.71680903,0.714076,0.6593886,0.281902,0.7562906,0.7133085,0.7580547,0.20131183,0.79024017,0.6013801,0.7821511,0.39360338,Stable
0.37044787,0.49255726,0.50406134,0.6543857,0.49693447,0.37905306,0.7169726,0.7140374,0.6592967,0.28197545,0.75644064,0.71299124,0.75805354,0.20132363,0.79039884,0.6012472,0.7822666,0.39361688,Stable
0.37276563,0.49152967,0.504542,0.6549874,0.49642152,0.37907106,0.71897954,0.7163688,0.66434383,0.28076357,0.7555661,0.7141015,0.76034844,0.19742744,0.7882128,0.5986998,0.7839467,0.39289233,Stable
0.37430736,0.4984735,0.50403935,0.6559509,0.49645886,0.38448858,0.7182159,0.713859,0.6615032,0.28176805,0.755957,0.71069133,0.7600324,0.19900328,0.7901195,0.59602237,0.78236765,0.3882632,Stable
0.37456107,0.5022353,0.50623727,0.65447354,0.49528527,0.3828126,0.71694493,0.7114966,0.66109115,0.2818997,0.75269884,0.7135314,0.759992,0.19945404,0.78881955,0.59506375,0.78442067,0.39052778,Stable
0.37543344,0.5015749,0.5077845,0.654243,0.49386883,0.38260505,0.7232202,0.71327865,0.664948,0.27954483,0.756951,0.7010378,0.7609286,0.1969293,0.7914258,0.58534193,0.7818961,0.38878474,Stable
0.37542832,0.5015335,0.50786996,0.6542122,0.49390322,0.3826179,0.72357094,0.71357,0.6651664,0.2794725,0.75692666,0.70124125,0.7611488,0.19676295,0.7914636,0.5854493,0.78195345,0.38883877,Stable
0.37391418,0.50357664,0.5035517,0.65238285,0.4923197,0.38516653,0.71495384,0.70827574,0.6546395,0.28280994,0.75987947,0.67711353,0.7455331,0.20855795,0.79010814,0.5946517,0.77897877,0.39124936,Stable
0.37536496,0.4902478,0.5047148,0.6510881,0.4963884,0.3786801,0.7173344,0.70677567,0.65422493,0.28107876,0.76161456,0.6846409,0.744245,0.21097575,0.7877953,0.5958622,0.7788164,0.38987705,Stable
0.37619346,0.48642272,0.50180167,0.6519972,0.49726522,0.37265748,0.7114501,0.7039408,0.6638396,0.27557856,0.7610616,0.6892948,0.74645615,0.21308772,0.78743446,0.59722704,0.78014815,0.38993645,Stable
0.37725434,0.48655236,0.5023695,0.6474671,0.49803314,0.36974937,0.7016367,0.7129368,0.6585938,0.27721563,0.75674033,0.70574176,0.7436213,0.20412067,0.78569984,0.5975576,0.7821541,0.39331028,Stable
0.3770926,0.48655984,0.5022916,0.64743805,0.49800456,0.36976606,0.7013755,0.71306705,0.6584989,0.27725378,0.7566805,0.7056954,0.74359983,0.20412633,0.7855817,0.59757006,0.78201836,0.39330813,Stable
0.37460637,0.4839506,0.5041987,0.6451944,0.50255096,0.36943865,0.71272886,0.7120348,0.66907996,0.27356726,0.7564242,0.7024473,0.7493739,0.20115581,0.78564113,0.59788764,0.78137463,0.39053762,Stable
0.37210363,0.4820834,0.4976327,0.63957167,0.4981963,0.36764395,0.6894039,0.711277,0.6543797,0.27793807,0.754626,0.7029714,0.7482374,0.20877758,0.7847729,0.59570855,0.778701,0.39120978,Stable
0.37098825,0.47767922,0.49593353,0.6385212,0.50171363,0.36331064,0.68875384,0.72003806,0.65517604,0.26990086,0.7562286,0.70616716,0.7475094,0.20559287,0.7823669,0.59216416,0.7761842,0.38710603,Stable
0.3743498,0.473481,0.4958614,0.640972,0.50456077,0.3605553,0.6926961,0.7204281,0.6593778,0.26161033,0.7559082,0.71111906,0.748578,0.2029144,0.7878663,0.58716416,0.7783581,0.3754681,Stable
0.37438744,0.4733363,0.49598044,0.6409769,0.504485,0.36056834,0.6927313,0.7205364,0.6594509,0.26174974,0.7580206,0.7051679,0.74859226,0.2028933,0.7879002,0.58708614,0.7783593,0.37550473,Stable
0.37084755,0.47458315,0.49567223,0.63998264,0.50051534,0.35823774,0.66795003,0.71598935,0.65210694,0.27079245,0.756883,0.70593995,0.7444732,0.20666173,0.78525466,0.5722088,0.77175117,0.37080607,Stable
0.36919856,0.46800268,0.4928226,0.6359492,0.5017885,0.3537041,0.68552744,0.698086,0.65904766,0.26181328,0.7540201,0.7022717,0.74888885,0.20263468,0.7877675,0.56764066,0.7731457,0.3638053,Stable
0.37451023,0.46123526,0.49741,0.63791883,0.5003384,0.34941417,0.69564056,0.6964377,0.66708934,0.2586751,0.7551025,0.6952831,0.7545044,0.20014821,0.7870796,0.5621326,0.7753018,0.35447758,Stable
0.37275523,0.46568155,0.494296,0.6414356,0.49946588,0.3535363,0.6877999,0.6995353,0.6559129,0.26545137,0.75518966,0.702345,0.7470617,0.2058852,0.7864418,0.56217825,0.7719487,0.36206132,Stable
0.3727433,0.46572253,0.49435872,0.64141953,0.49951145,0.35350105,0.68774784,0.6994871,0.6559484,0.2654204,0.7551565,0.7023473,0.74707454,0.20584725,0.7864013,0.5621885,0.77193063,0.3619551,Stable
0.3719829,0.46942776,0.4971357,0.6416943,0.5034499,0.35221645,0.6902944,0.7069895,0.6632359,0.2598625,0.75907755,0.7008027,0.7504214,0.20606272,0.7883804,0.5618007,0.772758,0.35960984,Stable
0.37108326,0.47200382,0.4972434,0.6424201,0.50152445,0.35673043,0.69686115,0.7004781,0.659464,0.2618648,0.75576746,0.7114823,0.7495543,0.20115016,0.79011744,0.5619055,0.77527606,0.35639518,Stable
0.3725229,0.47540197,0.501015,0.64657265,0.5019797,0.36368772,0.69540536,0.717674,0.66131246,0.26999038,0.759725,0.70617837,0.7573363,0.20255755,0.79020643,0.57595956,0.77805203,0.3731715,Stable
0.37364787,0.48773795,0.5056553,0.6505803,0.49999234,0.3690492,0.6966183,0.721503,0.66160655,0.27771837,0.7521285,0.7155975,0.75126594,0.20470259,0.79143417,0.57963324,0.7823366,0.37656313,Stable
0.37365055,0.48772633,0.5056682,0.6506063,0.50000304,0.36905026,0.6966522,0.72152275,0.66153026,0.2777341,0.7521345,0.7156233,0.751254,0.20473973,0.7914424,0.5796497,0.7823209,0.37655482,Stable
0.37471586,0.4895173,0.50807595,0.65448844,0.4968856,0.37732178,0.7164761,0.7220718,0.66908205,0.28207394,0.7627885,0.71762955,0.7541441,0.21225062,0.79381007,0.58628845,0.7831867,0.38948357,Stable
0.37368208,0.49838835,0.5001635,0.65807855,0.49388307,0.37970135,0.69358534,0.73394203,0.66647756,0.28389513,0.751668,0.71908224,0.7507944,0.21538918,0.7912788,0.5992438,0.7828742,0.39282998,Stable
0.3748896,0.50733596,0.50243515,0.66276157,0.49568617,0.39015597,0.688841,0.74043775,0.6704806,0.2910931,0.7516899,0.72569907,0.75414276,0.21816784,0.7899629,0.6009465,0.7813336,0.39639682,Stable
0.3729779,0.51244915,0.5012536,0.6700218,0.4958669,0.39241397,0.69095147,0.7308655,0.66401917,0.29728392,0.75288856,0.7166194,0.7495505,0.22397757,0.7891176,0.6065333,0.77896494,0.40321887,Stable
0.373059,0.512387,0.50116277,0.670197,0.495699,0.39230883,0.6910445,0.7308311,0.6642163,0.2971929,0.75294316,0.71635604,0.7493131,0.22416411,0.78910446,0.6064754,0.7789544,0.40317556,Stable
0.37485966,0.5156304,0.5006055,0.66886485,0.4927505,0.3950621,0.6836967,0.732955,0.66228485,0.29963744,0.7501566,0.72739047,0.7489517,0.23220699,0.7861613,0.60663337,0.77689856,0.40695125,Stable
0.37378246,0.5169491,0.49935323,0.6731462,0.4934817,0.39745176,0.6926696,0.74221635,0.66253114,0.30218184,0.7592313,0.73487973,0.74070305,0.23698251,0.78247255,0.6152135,0.7763648,0.40857285,Stable
0.37337393,0.5165037,0.49976736,0.6729047,0.49556813,0.39836976,0.6761145,0.74020976,0.6669786,0.30298313,0.756147,0.73669946,0.74947226,0.23708472,0.7842467,0.616411,0.77776784,0.4128511,Stable
0.37574992,0.51540077,0.4990989,0.6726996,0.49422047,0.4010664,0.66275716,0.7390747,0.6648492,0.30414099,0.7561786,0.72562194,0.74906564,0.24592924,0.781711,0.6144525,0.7739619,0.41379195,Stable
0.37584707,0.5155735,0.49912593,0.67254853,0.49428087,0.40095323,0.66273314,0.73915446,0.6648116,0.30419213,0.7562224,0.7255001,0.7490488,0.24609607,0.7823088,0.6085384,0.77391934,0.41366243,Stable
0.37526008,0.51055264,0.5001119,0.67179173,0.4952082,0.40126115,0.67338276,0.733359,0.66497874,0.3045982,0.7588707,0.71565855,0.7473568,0.24541658,0.7826917,0.6165445,0.77651966,0.41352743,Stable
0.37433243,0.5023213,0.50544,0.6715781,0.49556074,0.39988893,0.6667595,0.7294201,0.6604169,0.30943906,0.75659025,0.71653473,0.747478,0.24649465,0.7879292,0.6039691,0.77896225,0.41157365,Stable
0.37498933,0.49627396,0.5038593,0.6697961,0.4943142,0.39419192,0.67635745,0.73695487,0.66707826,0.30773312,0.75130403,0.72082365,0.7587294,0.2510647,0.78417075,0.612111,0.779783,0.4128166,Stable
0.37203667,0.49797925,0.49702844,0.6640668,0.4964183,0.39231297,0.66429806,0.73457,0.6661885,0.31005222,0.7541982,0.7268626,0.75993174,0.25012296,0.78429145,0.61185014,0.7815722,0.41190696,Stable
0.37195486,0.49789935,0.49706566,0.6640892,0.49635673,0.392305,0.6644367,0.7344568,0.66630715,0.3101182,0.754439,0.72654504,0.75980186,0.2501959,0.7842335,0.61200535,0.7814766,0.41182742,Stable
0.37380123,0.49707517,0.49941644,0.6650295,0.5048932,0.3889949,0.681826,0.7354529,0.6733583,0.30242223,0.7548971,0.739671,0.7684312,0.23989272,0.7825712,0.6118048,0.78295445,0.41333887,Stable
0.37307245,0.49265057,0.49633682,0.6650061,0.5040382,0.38747025,0.665724,0.7328396,0.66882265,0.30706227,0.75420904,0.73599786,0.7624892,0.24925894,0.78361624,0.6150148,0.7828922,0.41555148,Stable
0.37389112,0.4851339,0.4990842,0.6639128,0.507386,0.386296,0.6699188,0.7331278,0.6712142,0.30659163,0.7452273,0.7408983,0.7623746,0.2538994,0.7834927,0.61463284,0.78396696,0.41629466,Stable
0.3752753,0.48243377,0.50081193,0.6647547,0.5058546,0.3905108,0.68122745,0.73978204,0.6729889,0.30792657,0.74787307,0.7259521,0.7634737,0.26514262,0.7822602,0.61374015,0.7828965,0.42395246,Stable
0.3754452,0.48232684,0.5008054,0.6647011,0.50584626,0.3905997,0.6813993,0.73980635,0.6729066,0.30792844,0.7477834,0.7262675,0.76347655,0.2650956,0.78214383,0.61374104,0.78287214,0.42402875,Stable
0.37898254,0.4851328,0.50225556,0.6640198,0.5059468,0.39169103,0.68538946,0.7397469,0.6684494,0.3097369,0.7526585,0.7179663,0.766706,0.27109092,0.7860044,0.6112146,0.784186,0.4223935,Stable
0.38396502,0.48189864,0.5062613,0.66407126,0.5056187,0.39206642,0.68553936,0.7371371,0.66449636,0.30728358,0.7526132,0.7205741,0.76125014,0.30250007,0.78413296,0.6119914,0.7814746,0.42374992,Stable
0.3780303,0.48002428,0.50865847,0.66594,0.50666827,0.39184332,0.68432415,0.7366146,0.6712254,0.30145025,0.7515795,0.7184032,0.7588371,0.3070615,0.78393114,0.61346364,0.7809918,0.42150348,Stable
0.3786893,0.4816135,0.50937927,0.6700513,0.5084948,0.39414096,0.6648932,0.7351627,0.67579716,0.29615557,0.75196373,0.7197997,0.77716434,0.22520101,0.7865016,0.6127981,0.7804445,0.41636258,Stable
0.3786322,0.48161015,0.50941306,0.670076,0.50860035,0.39404166,0.66493994,0.73495543,0.6760473,0.29616368,0.7519366,0.7198555,0.77713084,0.22491114,0.78660387,0.6126873,0.78054583,0.41631854,Stable
0.3840155,0.4771735,0.5094763,0.67237246,0.49847874,0.39616057,0.68593395,0.7444984,0.6661414,0.30337113,0.7682118,0.68917793,0.7714424,0.22447968,0.78780746,0.6086543,0.78046125,0.41964623,Stable
0.3819782,0.47762734,0.5114573,0.67949986,0.49881738,0.3971797,0.69222987,0.7436406,0.66846865,0.3021534,0.7565937,0.7172327,0.7715255,0.22449705,0.78487337,0.6145818,0.7755455,0.41439593,Stable
0.37423813,0.4819135,0.51004934,0.6796762,0.4996371,0.3964332,0.70769095,0.7439476,0.6705793,0.30943632,0.7621393,0.71366614,0.7716837,0.22857139,0.7863475,0.6151634,0.77795786,0.4124831,Stable
0.37920845,0.48005828,0.5114885,0.6816835,0.5003816,0.39932495,0.69218206,0.74313325,0.67533654,0.3016495,0.75562453,0.7208645,0.7636463,0.23172241,0.78754467,0.6141421,0.7810577,0.41839284,Stable
0.37923783,0.48013318,0.51128316,0.68163246,0.50029004,0.3994796,0.6923777,0.7431314,0.6751229,0.3019352,0.75558174,0.7209763,0.76357853,0.23170558,0.787502,0.61423135,0.78096616,0.41862553,Stable
0.37379503,0.495749,0.51044846,0.67930806,0.50158006,0.40290344,0.6866874,0.7456999,0.67038274,0.30637598,0.751546,0.71930444,0.76554203,0.23542808,0.78724074,0.6162316,0.7821113,0.41881484,Stable
0.38348445,0.4912257,0.5077382,0.6791794,0.5002859,0.40582567,0.6779193,0.74466676,0.6690991,0.30874804,0.756041,0.70318264,0.76572275,0.23212644,0.78529143,0.6140871,0.77959645,0.41916627,Stable
0.3913723,0.48617336,0.51062787,0.679738,0.50155616,0.40699458,0.6918392,0.74754477,0.66871595,0.31428778,0.7581606,0.70569944,0.768732,0.23855446,0.7880396,0.62009764,0.7832789,0.43186826,Stable
0.38973793,0.49069485,0.5125569,0.6808442,0.4994036,0.40567517,0.6982216,0.7469365,0.66984725,0.31372324,0.7555863,0.70737785,0.77224195,0.24312934,0.7906472,0.61875033,0.78433514,0.42723632,Stable
0.3897736,0.49094808,0.51260483,0.6809373,0.49938446,0.40584803,0.69795465,0.74683726,0.6695144,0.31403756,0.75537026,0.70738614,0.7720008,0.2432366,0.79053473,0.6186845,0.78422844,0.42731914,Stable
0.39111358,0.4940095,0.50910413,0.6836855,0.49623615,0.40775836,0.6902241,0.74399996,0.67202866,0.31285918,0.75624245,0.69669926,0.7720653,0.24263965,0.7904903,0.6155565,0.7856883,0.42728287,Stable
0.3838385,0.50154805,0.5045271,0.6857106,0.49803716,0.41152355,0.6895,0.7449031,0.67442226,0.30879706,0.7525203,0.7045733,0.7665738,0.26544386,0.7908196,0.62095654,0.78654546,0.42757452,Stable
0.39218104,0.50646335,0.5055027,0.68479764,0.49714106,0.412523,0.6764552,0.74083316,0.6704151,0.31397986,0.75630516,0.6981691,0.76435375,0.26547658,0.79527473,0.6224261,0.78660554,0.4266169,Stable
0.39358696,0.5130382,0.50837094,0.6829506,0.49549365,0.40745848,0.6933321,0.73936737,0.6779016,0.3054587,0.75795573,0.68882865,0.77067757,0.26953587,0.798382,0.6219957,0.79276246,0.42539883,Stable
0.39356637,0.5130105,0.50838673,0.6829173,0.49561775,0.40753874,0.69312394,0.7397701,0.6780049,0.3051836,0.7573612,0.68912745,0.7705953,0.26949453,0.7983184,0.62209195,0.7928238,0.4256519,Stable
0.3956247,0.51526546,0.5063964,0.68443364,0.5033423,0.40595862,0.68734205,0.73834324,0.6813273,0.3072816,0.7560057,0.69263434,0.77397555,0.24858043,0.7984387,0.6209711,0.7917304,0.425052,Stable
0.39717638,0.51359594,0.51045656,0.68372965,0.5031754,0.40908894,0.69934833,0.7321869,0.6793069,0.31060514,0.762078,0.6815607,0.76735014,0.2740732,0.8007886,0.6197718,0.7934278,0.42327973,Stable
0.39965945,0.5149845,0.50993097,0.6827215,0.5056884,0.4101557,0.7104604,0.72811055,0.6783866,0.3118779,0.76071286,0.684903,0.7762181,0.26393992,0.7993535,0.61697483,0.7927269,0.41616568,Stable
0.40069175,0.51514846,0.5087214,0.683316,0.50209177,0.4082302,0.70271087,0.7329267,0.6823548,0.3092441,0.7615931,0.6795914,0.765511,0.28143576,0.79669714,0.6187948,0.7904315,0.41590005,Stable
0.40088826,0.514922,0.5086342,0.6832785,0.50193274,0.4082242,0.7023827,0.7328708,0.6836361,0.30976334,0.76135695,0.6793585,0.76549053,0.2815286,0.79658926,0.61869335,0.79042196,0.415951,Stable
0.4005204,0.5169325,0.5036834,0.68701667,0.5059744,0.4071753,0.71858186,0.7420339,0.6879529,0.3132446,0.76026857,0.6914798,0.7698783,0.2715314,0.8016791,0.6231564,0.79552525,0.42364162,Stable
0.40600026,0.5224755,0.5081658,0.6852028,0.50935805,0.40619335,0.7177999,0.74134374,0.6847889,0.31347862,0.76187885,0.6888215,0.76736444,0.26929405,0.79717654,0.62204134,0.7926773,0.4204138,Stable
0.40601557,0.52208066,0.50893,0.6841439,0.5088033,0.4070394,0.7203981,0.73225564,0.68560636,0.31363142,0.75952744,0.6812688,0.76534,0.26914462,0.7987137,0.6191169,0.791646,0.41515797,Stable
0.406048,0.52266145,0.50819343,0.68605554,0.50921476,0.4070648,0.72029275,0.7331137,0.6976277,0.30741465,0.7569515,0.6811482,0.770314,0.2706393,0.79834056,0.61810434,0.7913791,0.41440547,Stable
0.4059225,0.5231545,0.5081528,0.68599606,0.5091375,0.40678668,0.72013915,0.7329876,0.69763577,0.30744582,0.75706625,0.68091506,0.7703867,0.27058494,0.7984297,0.6181555,0.79135555,0.41425538,Stable
0.40448195,0.5231776,0.5073884,0.68390584,0.5088247,0.4065646,0.7166928,0.7340123,0.6957842,0.30131114,0.75793386,0.6832788,0.7615213,0.2844056,0.8021004,0.6202811,0.7970168,0.42208862,Stable
0.39910066,0.524318,0.5044683,0.6823122,0.50413907,0.40617073,0.7077626,0.7334182,0.6929226,0.30688882,0.7625843,0.7047105,0.760242,0.28568828,0.79810596,0.62059486,0.7937266,0.42503044,Stable
0.3974195,0.5269915,0.5059702,0.6823687,0.50515985,0.4053524,0.6996225,0.7315764,0.6841084,0.3136143,0.7577748,0.71889246,0.7619258,0.2888239,0.79596937,0.6171452,0.7914817,0.42264494,Stable
0.3966943,0.52066195,0.5059639,0.6823685,0.50359297,0.4045827,0.7065851,0.7324134,0.70022553,0.29837814,0.76515955,0.71530056,0.7741612,0.2977473,0.7994205,0.61685395,0.79316044,0.42137846,Stable
0.39671764,0.52061903,0.5060241,0.68235826,0.5034416,0.40456185,0.7065024,0.73260975,0.700099,0.29840603,0.7651815,0.7152855,0.77442265,0.29797605,0.7997216,0.6168604,0.7933458,0.42126828,Stable
0.397348,0.5208258,0.50598335,0.68253106,0.50056154,0.40320897,0.71713936,0.74368453,0.700976,0.30326647,0.75737894,0.7275145,0.7616367,0.2988207,0.79595995,0.61987966,0.7924211,0.42301512,Stable
0.3965963,0.52160585,0.5070457,0.681693,0.50099397,0.40555975,0.71458477,0.7379199,0.6982891,0.3054865,0.76496565,0.7316592,0.7788035,0.29210305,0.79749745,0.6179867,0.7911476,0.41967425,Stable
0.39858454,0.5193836,0.50524414,0.68093795,0.5007193,0.4050891,0.7097281,0.736526,0.7051382,0.2998677,0.75606126,0.7288703,0.77417076,0.29751486,0.7977432,0.6172382,0.79066414,0.42066658,Stable
0.39847243,0.51939785,0.50536966,0.67841125,0.50098264,0.4028878,0.71861243,0.7490396,0.71139646,0.29428893,0.7615477,0.72630966,0.7748227,0.30765587,0.7951727,0.6188433,0.7920016,0.42393896,Stable
0.3989008,0.5196425,0.50518835,0.6781951,0.5008187,0.4028659,0.71866816,0.7492626,0.7116759,0.29429972,0.76125854,0.726962,0.7748951,0.3075664,0.7948519,0.61883485,0.79175967,0.42392728,Stable
0.39858538,0.5203941,0.5075412,0.68012035,0.50056493,0.40150476,0.72111404,0.75160754,0.7008225,0.29848617,0.7528448,0.7339102,0.7780522,0.2878322,0.79337883,0.621122,0.7907145,0.42522383,Stable
0.40336645,0.52230203,0.5055904,0.6799247,0.49982285,0.40112266,0.7159247,0.7570541,0.700607,0.29803213,0.7507681,0.72234005,0.7798965,0.29205835,0.7942555,0.62039083,0.79262376,0.42160374,Stable
0.4034352,0.52349055,0.5077319,0.68065,0.5032723,0.39994878,0.712542,0.75820726,0.69485056,0.29994023,0.751414,0.7219462,0.78084004,0.28487915,0.7997868,0.62510884,0.79479355,0.4226036,Stable
0.4048744,0.5281378,0.5130075,0.6787596,0.50741076,0.4023643,0.72085285,0.7596449,0.6925242,0.30106694,0.75115675,0.71313494,0.7788106,0.25155476,0.7941028,0.6262839,0.79171795,0.4221323,Stable
0.40515876,0.5280642,0.5128391,0.6788127,0.5071299,0.40240443,0.72073454,0.7596227,0.69253075,0.3009947,0.7512518,0.7125052,0.7787723,0.25199214,0.7940117,0.62618196,0.7916144,0.42207503,Stable
0.40415987,0.52887696,0.51367337,0.6843319,0.50544226,0.40337402,0.72997636,0.7560527,0.6887262,0.30000728,0.7539732,0.71823037,0.77947325,0.24458186,0.79694843,0.62484276,0.7927355,0.41734928,Stable
0.4029333,0.5291825,0.5164689,0.68285275,0.5049981,0.40510714,0.7249152,0.7584907,0.6762891,0.30736354,0.75458354,0.7226736,0.7771856,0.24112622,0.79809326,0.6245383,0.79473424,0.41800243,Stable
0.4015016,0.52961785,0.5181151,0.6868216,0.50377846,0.40643078,0.7298603,0.7614002,0.67357504,0.3077351,0.7549181,0.7198558,0.77736014,0.22709636,0.79833245,0.618293,0.7951407,0.4179654,Stable
0.40091443,0.530246,0.5128356,0.6862804,0.500829,0.40640342,0.72499436,0.7716643,0.67482173,0.30535436,0.74922013,0.736938,0.7692725,0.23409358,0.7942018,0.62548405,0.79346514,0.42109257,Stable
0.40091738,0.53027683,0.5128812,0.6862389,0.50081396,0.40637898,0.7249824,0.77230895,0.6748983,0.3054301,0.74891615,0.737442,0.76947653,0.23426764,0.7940039,0.625595,0.7933924,0.42114684,Stable
0.39965254,0.5290841,0.5152581,0.6852595,0.50094116,0.40561813,0.72286195,0.7704085,0.67232645,0.30684108,0.75081605,0.7366322,0.7664525,0.23151278,0.7956834,0.624879,0.79692984,0.4187684,Stable
0.39556348,0.528422,0.51240873,0.68398035,0.499744,0.40685794,0.72473705,0.76872224,0.67307943,0.3065498,0.7522165,0.7191601,0.7679714,0.23380564,0.79490864,0.6273339,0.79585594,0.42335898,Stable
0.3958553,0.52915335,0.51383364,0.6876236,0.5036671,0.40733275,0.72952104,0.7669244,0.6722366,0.30697715,0.753473,0.71523464,0.76908433,0.23350674,0.7945168,0.6296467,0.79415035,0.42337096,Stable
0.39596877,0.5264729,0.5138033,0.68123436,0.50740147,0.40609917,0.7292305,0.77421135,0.6764454,0.30346477,0.74727,0.7346275,0.7719771,0.21965484,0.79531765,0.6279068,0.79319775,0.42617357,Stable
0.39580688,0.5265045,0.51395655,0.6811497,0.50740486,0.4060641,0.7294935,0.7741581,0.676835,0.3032317,0.7473244,0.73441076,0.7713635,0.21852246,0.7954809,0.6279204,0.7933748,0.42608914,Stable
0.39587328,0.5242444,0.5090546,0.67814636,0.5047384,0.40556294,0.72489357,0.77020085,0.6762845,0.30340344,0.7491392,0.72536635,0.77272856,0.21735881,0.7913805,0.6274289,0.79132724,0.4267214,Stable
0.39765558,0.5218452,0.5141479,0.6828043,0.5048362,0.40408215,0.7444426,0.7641048,0.67396,0.30135822,0.75639576,0.7024987,0.7675554,0.22825712,0.7997266,0.6242032,0.79678154,0.4217564,Stable
0.39858627,0.521228,0.50947344,0.6790241,0.5036256,0.40267092,0.7373613,0.76128864,0.6765889,0.30002433,0.7516229,0.7120244,0.7707619,0.23234664,0.79655665,0.6211561,0.7946789,0.41395885,Stable
0.4017886,0.5215435,0.5088354,0.6798959,0.50424147,0.4023034,0.7312199,0.7594516,0.6743635,0.30444765,0.75212157,0.7249288,0.7708129,0.23032162,0.79354215,0.62496763,0.79524744,0.41469583,Stable
0.40130478,0.5212041,0.5087951,0.6799543,0.5042248,0.40228677,0.7314286,0.7593681,0.6741687,0.30453515,0.75214505,0.72455287,0.77086186,0.23062563,0.79345274,0.62495387,0.7951946,0.41471,Stable
0.40086347,0.5228048,0.50712514,0.6809427,0.50600666,0.40213734,0.7309787,0.76042736,0.67725533,0.30026162,0.7546329,0.72435534,0.7745626,0.22304493,0.7954023,0.626708,0.7968027,0.42004496,Stable
0.4014669,0.5202863,0.5064172,0.68161047,0.5042631,0.40141067,0.7408671,0.7603408,0.6743886,0.304583,0.7579293,0.71829486,0.76775014,0.2275612,0.7985288,0.6241801,0.7956867,0.4196726,Stable
0.4011956,0.52032363,0.50703186,0.68048596,0.5032216,0.4028333,0.72341484,0.7546407,0.67607206,0.30309898,0.75432414,0.70235485,0.77011776,0.21606854,0.7968229,0.62604284,0.795689,0.42029855,Stable
0.40214396,0.5182956,0.5086919,0.6786277,0.5020218,0.4031095,0.73682016,0.75035775,0.67242277,0.30590415,0.74897784,0.6998199,0.76524806,0.21548097,0.79790473,0.6193643,0.79807436,0.4129239,Stable
0.40239927,0.5182347,0.5087142,0.6786601,0.5020669,0.40299723,0.7367687,0.75006056,0.672506,0.3057574,0.74889755,0.7000181,0.76546204,0.21527177,0.79793787,0.6193701,0.7981206,0.41296825,Stable
0.40085873,0.51768225,0.507872,0.6809146,0.50129586,0.40221143,0.7420925,0.7604506,0.6721029,0.3045274,0.75075287,0.703977,0.7661953,0.21145909,0.7986037,0.6216394,0.7981465,0.41401666,Stable
0.400553,0.51863956,0.50644934,0.6786922,0.4994455,0.4002348,0.7307451,0.7508793,0.675238,0.30306435,0.7522151,0.711533,0.7659356,0.21452034,0.7986022,0.6230798,0.79592526,0.41359812,Stable
0.39676818,0.5131638,0.5021678,0.6748249,0.501129,0.39711428,0.7310308,0.7502487,0.67572737,0.30242157,0.76043177,0.6909201,0.76644135,0.2177386,0.79763544,0.61588967,0.7954051,0.4106477,Stable
0.39579737,0.5094696,0.5053233,0.67731994,0.50227165,0.39329657,0.7286953,0.74828523,0.679211,0.29928958,0.75103945,0.68970776,0.7659158,0.22958271,0.7987536,0.6183366,0.7959839,0.41072583,Stable
0.39583284,0.50956,0.50534356,0.6773243,0.50216806,0.39324254,0.7290405,0.74819565,0.67912525,0.29924098,0.7511565,0.6895168,0.7658898,0.2297114,0.7987373,0.6182933,0.795901,0.41066784,Stable
0.3945529,0.50390995,0.5033748,0.6767208,0.5056312,0.39229596,0.7337212,0.7563373,0.6778678,0.29749653,0.7536626,0.6896187,0.7677242,0.22800592,0.7961146,0.621966,0.7949052,0.4130373,Stable
0.3941625,0.4999027,0.4958199,0.67429173,0.5050027,0.39110005,0.7264844,0.76048696,0.6806316,0.2979698,0.7677817,0.6756012,0.7713012,0.21663308,0.7973256,0.6244212,0.79639834,0.4215152,Stable
0.3922996,0.4938936,0.49118274,0.67322654,0.5026403,0.38779712,0.72659343,0.7546508,0.6803981,0.29789788,0.75726813,0.690396,0.77125615,0.23106086,0.7952234,0.6258288,0.79533905,0.42017657,Stable
0.3893834,0.49330887,0.49239147,0.6755476,0.49955243,0.3875056,0.72747636,0.74868864,0.6785947,0.29731768,0.7563242,0.68928003,0.77537465,0.22031227,0.79475737,0.62459767,0.7940999,0.41100237,Stable
0.3892727,0.49324256,0.4925213,0.67582,0.4995724,0.38751268,0.7279265,0.7485039,0.678579,0.29731596,0.7565687,0.6895782,0.77553797,0.22101848,0.79468215,0.6245104,0.79400027,0.41105306,Stable
0.39098752,0.49430317,0.4907722,0.6763345,0.50123966,0.38660157,0.7389414,0.7549044,0.6842227,0.2977019,0.752634,0.69497025,0.7716686,0.21586095,0.79298997,0.62465304,0.79245675,0.41092452,Stable
0.38810205,0.4946823,0.49460325,0.67918813,0.4965508,0.3878115,0.73236024,0.75946945,0.6796648,0.29861057,0.7600635,0.68582475,0.7668185,0.22663897,0.78794545,0.62168753,0.7882539,0.4186095,Stable
0.39023846,0.49444827,0.4906904,0.68067694,0.496473,0.38421232,0.7400877,0.75837266,0.6789715,0.29879096,0.7576797,0.67001796,0.7710482,0.21723968,0.78061336,0.620541,0.7822679,0.41624734,Stable
0.38345692,0.4928541,0.48960102,0.6755861,0.4969129,0.38547796,0.74010956,0.75642383,0.675821,0.2987398,0.7597798,0.6641937,0.7661111,0.22539362,0.7819783,0.6114205,0.78205705,0.40767914,Stable
0.38347432,0.4926843,0.48962927,0.6754674,0.49680898,0.38546014,0.74011195,0.7564067,0.6755959,0.29882178,0.7598283,0.6641555,0.76611936,0.22545367,0.7821211,0.61131465,0.78213155,0.4075235,Stable
0.38488576,0.4886285,0.49083826,0.67080617,0.4993176,0.39063638,0.7274448,0.74549127,0.6744501,0.2997808,0.75708383,0.659268,0.7702348,0.22357145,0.777517,0.6068269,0.7802174,0.40645152,Stable
0.3808845,0.48218703,0.48647332,0.66520685,0.50027454,0.3873998,0.7360623,0.74379724,0.6798699,0.29266584,0.76795286,0.63103426,0.7710813,0.23333612,0.7778337,0.6060906,0.77901375,0.40448982,Stable
0.37983847,0.4784913,0.48763677,0.65850943,0.5000992,0.38024396,0.7204269,0.7325129,0.69005,0.28144813,0.7633299,0.6011696,0.77222574,0.2294327,0.78078926,0.5984496,0.77766603,0.39343655,Stable
0.38057637,0.47567055,0.48454165,0.6590457,0.5010356,0.37333497,0.7258843,0.73259616,0.6956012,0.28075272,0.75904405,0.64407706,0.7684514,0.22747605,0.77358234,0.6083472,0.77468264,0.39769077,Stable
0.38077623,0.47577626,0.48458725,0.65911055,0.5011337,0.37336516,0.72605467,0.7325871,0.69591534,0.28049994,0.75892013,0.64439505,0.76832885,0.22759655,0.77365464,0.6084312,0.77471423,0.39783144,Stable
0.38390383,0.47697383,0.48614305,0.65706426,0.50338846,0.37288198,0.7240819,0.7332091,0.6916916,0.28056768,0.7608433,0.6418228,0.75859654,0.22987334,0.7768403,0.6064993,0.7767665,0.39103588,Stable
0.38289142,0.47459373,0.48336935,0.6539329,0.49987692,0.379871,0.7154128,0.7328758,0.6877239,0.28248602,0.7643615,0.6364566,0.7720864,0.22020513,0.7740779,0.60581386,0.7725922,0.39771566,Stable
0.3831601,0.47244495,0.48471627,0.6563143,0.49626812,0.37183118,0.719995,0.7369356,0.6885266,0.2891893,0.7689414,0.62091374,0.7667898,0.22946894,0.77674544,0.60588175,0.7759707,0.39881188,Stable
0.3834606,0.47239876,0.48308462,0.65237415,0.49822924,0.37936148,0.71264493,0.7298071,0.6790125,0.28887066,0.7650694,0.64110935,0.7667014,0.21983854,0.7783579,0.6013571,0.7749696,0.39363977,Stable
0.3834383,0.47246116,0.48306176,0.6522213,0.49822232,0.3793633,0.71258175,0.7298364,0.67900723,0.28891662,0.76532525,0.64026177,0.76674914,0.22005093,0.7782139,0.60124075,0.7749738,0.3938266,Stable
0.38309118,0.4740275,0.4847818,0.6555615,0.4981038,0.37535697,0.7143929,0.72798216,0.68706197,0.27971643,0.76380724,0.64341474,0.7750819,0.23234516,0.77825963,0.6079471,0.7774224,0.39026162,Stable
0.38046825,0.47444996,0.4855488,0.6570174,0.49882132,0.37364286,0.7135884,0.7263273,0.68861306,0.28118175,0.7607933,0.64938515,0.7743846,0.23435709,0.7764877,0.6081724,0.7762773,0.39709735,Stable
0.38140404,0.47477072,0.48538274,0.6557678,0.49939165,0.3769098,0.71703863,0.73247427,0.6811945,0.28037173,0.76402444,0.65709376,0.7667925,0.22895661,0.7749052,0.6029676,0.77624357,0.39110357,Stable
0.37983924,0.47617146,0.48551118,0.65596694,0.5012484,0.37542257,0.7147,0.7336356,0.681288,0.28242087,0.76447606,0.64552826,0.7647065,0.22779295,0.77758443,0.602654,0.7756719,0.39306468,Stable
0.37988722,0.47616833,0.48546657,0.65592617,0.5012263,0.3752402,0.71469134,0.73387766,0.681211,0.2824074,0.7645931,0.64584255,0.7646669,0.22749412,0.7775294,0.6026272,0.775591,0.39299905,Stable
0.38065845,0.47562596,0.4878095,0.6590178,0.49501354,0.36673737,0.71474093,0.7328472,0.6895065,0.2811008,0.76163757,0.6504519,0.7699234,0.22482401,0.7778555,0.60681105,0.77766246,0.39070576,Stable
0.3819657,0.4767233,0.48732436,0.65670687,0.4960562,0.37415427,0.7196367,0.735445,0.6914868,0.28200433,0.7556297,0.65914404,0.7735781,0.23482293,0.78112316,0.60472965,0.7807921,0.3963679,Stable
0.38162595,0.476453,0.48773536,0.6553435,0.49241394,0.366229,0.7136723,0.73050535,0.68904865,0.28090057,0.75364536,0.6626992,0.76599663,0.23200089,0.77641225,0.6041422,0.7775022,0.39021063,Stable
0.38102084,0.47331512,0.4848002,0.64940214,0.49457666,0.36429524,0.71742904,0.7310981,0.69305843,0.27976772,0.7605399,0.65662324,0.7714759,0.21987562,0.77658165,0.6015949,0.7756302,0.38961887,Stable
0.3810389,0.47326645,0.48482403,0.64938784,0.494722,0.3642965,0.7174033,0.73109853,0.6931092,0.27969792,0.76089776,0.6560592,0.7714623,0.2198587,0.77664924,0.6015224,0.7756605,0.3895417,Stable
0.37880784,0.46890196,0.48879576,0.6522602,0.4984911,0.37411165,0.71331465,0.72274065,0.68053764,0.2779314,0.7637636,0.6460593,0.76818824,0.219715,0.78157014,0.5978023,0.77805483,0.38802993,Stable
0.37816498,0.45808822,0.48495203,0.6469848,0.49228853,0.3632141,0.71337223,0.7242348,0.6957931,0.27575293,0.75979793,0.6514828,0.7703244,0.2172747,0.77347314,0.6042415,0.7753641,0.390607,Stable
0.37977248,0.4625779,0.48437107,0.64130217,0.49792475,0.3733667,0.7092897,0.7260358,0.6872748,0.27619687,0.769288,0.6282816,0.7744931,0.22090195,0.7790455,0.5937258,0.7765045,0.38620555,Stable
0.38298798,0.4523731,0.4867308,0.6438911,0.49291515,0.3614051,0.7112884,0.722602,0.6864497,0.2775285,0.76402307,0.6490636,0.76410604,0.2159329,0.7733841,0.60322833,0.77578986,0.3881411,Stable
0.38312435,0.45235586,0.4867036,0.6438,0.4928952,0.36138913,0.7113122,0.7225449,0.6864826,0.2774993,0.76337993,0.649459,0.7640309,0.21595198,0.7732458,0.60347927,0.77566767,0.38825774,Stable
0.3814412,0.4531001,0.48648497,0.64066863,0.4934053,0.35995767,0.7017783,0.7146574,0.68911076,0.2776676,0.7605032,0.6609076,0.7637893,0.2107577,0.772026,0.6042274,0.77594054,0.38998255,Stable
0.38109297,0.45427546,0.48571408,0.6422704,0.49512142,0.3588675,0.6989013,0.71304244,0.68898976,0.27544236,0.759911,0.6594764,0.7675783,0.21868953,0.7717735,0.6036853,0.77425694,0.38832873,Stable
0.3847615,0.4534863,0.4883188,0.6364028,0.49945733,0.3583848,0.70355123,0.71326065,0.6910338,0.27013958,0.7656142,0.6511425,0.7685318,0.22294798,0.7772136,0.5919577,0.7766255,0.38295537,Stable
0.38746983,0.45534587,0.48786914,0.63528824,0.49690506,0.3565809,0.702971,0.7088715,0.6960103,0.25834018,0.7519109,0.6602018,0.77205175,0.21610343,0.7756715,0.59007597,0.7749715,0.37694955,Stable
0.38746747,0.4552941,0.48783228,0.63522017,0.49690697,0.35655147,0.7031536,0.70912194,0.6961585,0.25811076,0.75229543,0.659442,0.7717712,0.21612571,0.7757167,0.590007,0.7748422,0.37691092,Stable
0.38409087,0.4472974,0.4892857,0.6342696,0.49938747,0.35363185,0.7142701,0.71411645,0.6982798,0.25853324,0.75769675,0.6508328,0.77458584,0.21032166,0.77764314,0.58856785,0.7765713,0.37755677,Stable
0.37510812,0.44237006,0.48620468,0.63146174,0.49578342,0.34884244,0.7114719,0.7081107,0.69666904,0.25623944,0.7672536,0.6291218,0.77836126,0.21666145,0.7810054,0.5796331,0.7762274,0.36609873,Stable
0.37003133,0.4424386,0.48751634,0.62773013,0.4985716,0.3447903,0.6963475,0.7010626,0.69430274,0.25226715,0.7513665,0.6725111,0.7588359,0.2087231,0.7779504,0.57818013,0.7773537,0.3648058,Stable
0.37259823,0.4365074,0.4869158,0.6212439,0.49909544,0.34054834,0.6965334,0.6997432,0.69292724,0.24928924,0.7464967,0.67513275,0.7645788,0.20028815,0.7802954,0.57953525,0.78155106,0.36747956,Stable
0.3726048,0.43660566,0.4868883,0.62126315,0.49909794,0.34065938,0.6963167,0.6997112,0.6929297,0.24932264,0.7465608,0.67535853,0.7644143,0.20043248,0.78035843,0.5795808,0.7815484,0.3674793,Stable
0.36707577,0.43473727,0.48862344,0.6181062,0.49859565,0.33949375,0.70015615,0.69778144,0.69627464,0.2468423,0.7535863,0.680977,0.77448344,0.19757864,0.78152984,0.57981515,0.78135,0.36706293,Stable
0.36475515,0.43226165,0.48717904,0.6149249,0.49756855,0.33618265,0.70314825,0.6941544,0.6999051,0.24738815,0.7523758,0.71183556,0.7746978,0.19509189,0.78198814,0.5780314,0.784307,0.36479422,Stable
0.3625828,0.43601212,0.48065025,0.60828334,0.49712843,0.33260563,0.68936014,0.6911566,0.68420357,0.24786651,0.75079453,0.7095005,0.7591171,0.20869127,0.78455937,0.58434784,0.78389704,0.3677708,Stable
0.35959375,0.43527076,0.48664626,0.6047575,0.49470818,0.33446074,0.6864294,0.6933066,0.67024755,0.25695145,0.75901103,0.70624536,0.7558648,0.20953918,0.7805113,0.58362603,0.7827305,0.36892104,Stable
0.35964534,0.43519032,0.48653287,0.60473675,0.4947409,0.33449072,0.6864843,0.6934316,0.67026293,0.25699052,0.75902927,0.70624816,0.75596684,0.20956819,0.780502,0.5836582,0.78269935,0.368855,Stable
0.36232722,0.43646264,0.49060175,0.60865724,0.49442145,0.33862457,0.6803591,0.6913731,0.6718743,0.25459024,0.7497704,0.7128668,0.75375247,0.20281348,0.7807226,0.58606625,0.78292143,0.36866838,Stable
0.3621688,0.4336476,0.49477237,0.61475074,0.49135125,0.33403963,0.69253314,0.701434,0.6727371,0.25525367,0.75619614,0.7222492,0.75608957,0.21037287,0.77661324,0.58932054,0.7795472,0.3722884,Stable
0.36497208,0.44280064,0.49076375,0.6144233,0.49160093,0.34164548,0.69212914,0.7059481,0.67413175,0.25644168,0.75841594,0.72697926,0.7612531,0.20162478,0.77771306,0.58989334,0.7810682,0.3771273,Stable
0.37296185,0.4479633,0.4937874,0.6227753,0.49194854,0.35230917,0.69678223,0.71126866,0.6680205,0.27214205,0.7539971,0.7284898,0.76107305,0.20734778,0.7795236,0.6007967,0.78579783,0.38912958,Stable
0.37298143,0.44801086,0.49370188,0.6227701,0.49186885,0.35224757,0.6966614,0.7112284,0.66770095,0.27228093,0.7540261,0.7284632,0.7610387,0.20755309,0.7795985,0.6007629,0.78581595,0.38903832,Stable
0.36615402,0.4594563,0.49582762,0.629603,0.49401736,0.35552907,0.6856787,0.7191709,0.6722008,0.26387787,0.7556312,0.73241496,0.7610035,0.21399927,0.77933514,0.60058564,0.780859,0.38745475,Stable
0.36731517,0.46485016,0.4921431,0.6401015,0.4963492,0.36007798,0.69295144,0.7263669,0.6697032,0.27451667,0.7566762,0.74040294,0.7603578,0.22794311,0.7858216,0.60451615,0.78538036,0.3918656,Stable
0.37023854,0.4726437,0.4914834,0.6431486,0.4915013,0.36686122,0.6877036,0.7281005,0.6745533,0.28442156,0.75636375,0.74320596,0.7617278,0.23538658,0.7847659,0.6071435,0.7849474,0.40323114,Stable
0.3644308,0.4787546,0.492982,0.65011704,0.492934,0.37149382,0.69543576,0.7351793,0.67848176,0.2917776,0.764472,0.7311419,0.7569953,0.25292635,0.7871987,0.6177484,0.7878872,0.4064805,Stable
0.36445937,0.47882402,0.4930516,0.6500721,0.4929169,0.37157413,0.69542587,0.7352664,0.6785163,0.2917887,0.7645924,0.73121876,0.75703377,0.25297225,0.7873497,0.61780435,0.78803,0.4065592,Stable
0.36649638,0.48508245,0.48792583,0.65964824,0.49287152,0.37568146,0.6894845,0.7489381,0.6743885,0.2950092,0.75326246,0.7474619,0.75331175,0.25717485,0.7871303,0.62436616,0.78858376,0.41074908,Stable
0.37241018,0.4883721,0.4902678,0.6610111,0.49197075,0.3816,0.6996157,0.7514042,0.6751513,0.29905045,0.75123966,0.74370855,0.7596108,0.2547461,0.7840142,0.62945056,0.7854101,0.41224512,Stable
0.37379205,0.4927214,0.4927311,0.6700752,0.49267635,0.38391984,0.6970434,0.74816716,0.6767323,0.2988284,0.75289416,0.76189315,0.7529635,0.25634456,0.7807239,0.6416702,0.7834302,0.42540216,Stable
0.37463444,0.50151247,0.49211782,0.6786341,0.49267372,0.3890221,0.6915228,0.7514507,0.67470473,0.30788198,0.7574322,0.77667135,0.74257326,0.2631538,0.778237,0.6451316,0.7781166,0.42622846,Stable
0.374688,0.5015714,0.49220365,0.67859286,0.49275756,0.3891439,0.69142604,0.7514391,0.67462677,0.3078484,0.75741994,0.7766533,0.74229205,0.26327902,0.77825683,0.6450886,0.77808106,0.42621744,Stable
0.3709478,0.5074291,0.49044144,0.6747675,0.49167213,0.39310858,0.6790055,0.75982094,0.6793007,0.3068118,0.7561745,0.77698153,0.7455329,0.26374042,0.7736971,0.6495594,0.77480525,0.42654634,Stable
0.37037772,0.5139451,0.4879496,0.6816963,0.49284303,0.39344788,0.67813313,0.76140445,0.68799347,0.31058335,0.7600734,0.779175,0.7562765,0.27474383,0.77612066,0.6551722,0.77965754,0.43447363,Stable
0.3683613,0.5151004,0.4925666,0.6807148,0.49678618,0.3928039,0.67848,0.76502573,0.6707567,0.3128982,0.75568384,0.7769983,0.7376976,0.28506586,0.7783689,0.65189475,0.77706707,0.42974144,Stable
0.36831594,0.51506186,0.49249965,0.68067235,0.49679577,0.39278316,0.67871565,0.764913,0.6707704,0.31273678,0.7560205,0.77655643,0.737658,0.28511024,0.77846205,0.6517505,0.77702916,0.42969507,Stable
0.37135053,0.5128676,0.49159095,0.678059,0.496215,0.3929798,0.67490387,0.7623243,0.6732708,0.3074996,0.7563834,0.7614781,0.7381613,0.28202087,0.7767986,0.65220535,0.7776979,0.4311881,Stable
0.3698412,0.5152293,0.49262387,0.67985237,0.49195546,0.39703572,0.6780843,0.7664201,0.67625964,0.32034868,0.7544476,0.7604341,0.7527833,0.28377903,0.7784164,0.6523666,0.7789979,0.43796116,Stable
0.36922103,0.5168769,0.4943593,0.6802253,0.49532723,0.39894682,0.6807221,0.77125925,0.67576814,0.32051307,0.75137913,0.7603997,0.7519281,0.28063965,0.7763519,0.65220773,0.77694887,0.44430694,Stable
0.36730427,0.51619875,0.49235198,0.6791942,0.49613726,0.40123937,0.67011404,0.7682351,0.6745064,0.31706738,0.74339736,0.76372474,0.74511045,0.28444922,0.7712008,0.6528329,0.77188265,0.44607887,Stable
0.36723208,0.5161838,0.49247807,0.6792735,0.49613473,0.40118498,0.67082494,0.76840866,0.6743831,0.31695935,0.7450707,0.7635671,0.7453253,0.28436053,0.77160347,0.65285367,0.7720735,0.44587415,Stable
0.3689381,0.5167695,0.49316964,0.68507445,0.4998455,0.39977273,0.6784812,0.77006215,0.6787717,0.31609747,0.7536763,0.7678591,0.74227166,0.29161152,0.7732,0.6544357,0.774415,0.44562405,Stable
0.3712395,0.52089655,0.4935851,0.6914654,0.4943341,0.40721008,0.67868876,0.77215374,0.6791691,0.32215655,0.75761473,0.77412343,0.74668235,0.28724512,0.77011293,0.6621717,0.76997674,0.4477913,Stable
0.37118107,0.5213032,0.4950796,0.6926738,0.49804866,0.4111888,0.6783745,0.77728724,0.6757939,0.31982142,0.7614636,0.76564455,0.751878,0.29311082,0.7775869,0.65442824,0.77588236,0.44719303,Stable
0.37390968,0.5259251,0.49444443,0.69807625,0.49855894,0.4095633,0.68264693,0.7810285,0.68749607,0.31943822,0.7564329,0.77969694,0.7464354,0.29782447,0.77575815,0.6695754,0.7772836,0.45259377,Stable
0.37401184,0.5257764,0.49436927,0.6979806,0.49855897,0.40954718,0.6826246,0.7810013,0.68759483,0.31938425,0.7563033,0.77990955,0.7465254,0.29774332,0.7758515,0.66950154,0.7773719,0.45254382,Stable
0.3724651,0.52527815,0.49388868,0.7036349,0.4931849,0.41912112,0.680958,0.7896788,0.6761061,0.33467972,0.76562995,0.77443063,0.7483045,0.29724425,0.7767457,0.67066616,0.7772038,0.464094,Stable
0.37323993,0.5276993,0.495172,0.7059323,0.49240106,0.42142305,0.6962124,0.7882604,0.68019503,0.33170176,0.7660324,0.75702083,0.7464193,0.2961746,0.7767789,0.6683916,0.77797544,0.45805097,Stable
0.3739209,0.5277841,0.49303195,0.7047097,0.49342823,0.42267764,0.69492805,0.78690475,0.6741604,0.3342471,0.769627,0.75401366,0.7453608,0.29279718,0.77630615,0.6634944,0.77306265,0.45529264,Stable
0.3730021,0.5280603,0.49291295,0.7098088,0.49439868,0.43364212,0.696443,0.79310393,0.67148876,0.33916432,0.7748575,0.77015615,0.7394554,0.2952149,0.775329,0.6534947,0.7713239,0.4546251,Stable
0.37308115,0.5279467,0.49289843,0.70978975,0.49430484,0.43379924,0.69644463,0.79317176,0.67124623,0.33937263,0.77495384,0.7700182,0.7393422,0.29535347,0.77527845,0.6534096,0.7712545,0.45460793,Stable
0.37634403,0.5314357,0.49654937,0.7182243,0.49866045,0.4347695,0.6995873,0.7981164,0.67381376,0.35401207,0.7717244,0.77494425,0.7531334,0.29278088,0.77568364,0.66164434,0.7709658,0.4534062,Stable
0.37709898,0.5330945,0.4995364,0.72256947,0.5053844,0.43127212,0.7007844,0.8002496,0.6801622,0.34257242,0.768958,0.78037226,0.75224364,0.29074603,0.7751559,0.66853905,0.7743661,0.46073604,Stable
0.37474167,0.5337303,0.5002483,0.7241978,0.5020918,0.4321284,0.70343655,0.8018968,0.67549336,0.34284946,0.7718978,0.78809774,0.7366401,0.29865712,0.7723049,0.67474663,0.7706379,0.47170028,Stable
0.3759238,0.5392467,0.4971523,0.7237538,0.5027865,0.4333143,0.70215833,0.80161494,0.67732227,0.34065783,0.76105165,0.79087794,0.7595696,0.2884917,0.7706985,0.68043303,0.77133745,0.4704803,Stable
0.3758884,0.5392725,0.4972571,0.72378516,0.50271225,0.4333721,0.7022388,0.80166614,0.6774423,0.34058,0.76088995,0.7909848,0.75961137,0.28845018,0.7707758,0.6805595,0.77136004,0.47046754,Stable
0.37270412,0.5348381,0.4993864,0.72358465,0.5021826,0.43412563,0.709272,0.8013104,0.676567,0.33507305,0.75281227,0.79167384,0.7508024,0.2918647,0.7700264,0.6747655,0.76613593,0.46190974,Stable
0.37633058,0.5408095,0.50046206,0.722942,0.5003021,0.435916,0.7179591,0.8007795,0.6757757,0.33661884,0.75935715,0.7729225,0.74763817,0.28964436,0.7746396,0.6732874,0.76811475,0.4620204,Stable
0.37434882,0.5452789,0.500188,0.721774,0.5033671,0.43346798,0.7069425,0.8004379,0.672346,0.33156335,0.75106806,0.76319575,0.72921634,0.2958767,0.7696768,0.671131,0.76636523,0.46676743,Stable
0.37468994,0.5399851,0.49502644,0.71760094,0.5061151,0.43040383,0.6989526,0.7966347,0.6785835,0.3346284,0.7583961,0.7545671,0.74181306,0.29094014,0.77325773,0.6645403,0.77072996,0.45704687,Stable
0.37423176,0.54017156,0.49517226,0.7179605,0.50620437,0.43025053,0.6990963,0.79672426,0.6787328,0.33436668,0.75845563,0.7541604,0.7422402,0.2904998,0.7732071,0.66461307,0.77067083,0.45697457,Stable
0.37399536,0.5368978,0.49536937,0.71565485,0.5016059,0.42991704,0.70160675,0.7928087,0.6772152,0.3340603,0.7583684,0.75105155,0.7440218,0.2844672,0.7738979,0.66584533,0.77205676,0.45752177,Stable
0.37418234,0.53151405,0.49588308,0.71638894,0.49815446,0.4332821,0.68413466,0.78638524,0.6597029,0.3380904,0.75645363,0.75663346,0.72957814,0.29277375,0.7728743,0.67040414,0.7678408,0.45828733,Stable
0.37564147,0.527406,0.49647066,0.71138513,0.4971316,0.43166873,0.6987486,0.78772086,0.65916586,0.3382982,0.7604253,0.7574577,0.7192596,0.2931336,0.77547,0.6721117,0.7708243,0.45858,Stable
0.3747623,0.52778333,0.4933995,0.70985377,0.49651557,0.4291197,0.69886565,0.78086996,0.6646052,0.33121967,0.7550324,0.7436485,0.7296916,0.2792908,0.776879,0.66119844,0.7731203,0.448629,Stable
0.37466487,0.5279053,0.49331278,0.7098516,0.49640596,0.42908055,0.69881356,0.78095126,0.6648011,0.3310721,0.75502247,0.7436585,0.7391131,0.27761,0.77668166,0.6613409,0.77296007,0.4486574,Stable
0.3740699,0.5275082,0.49532124,0.70739836,0.49662763,0.42268094,0.70052814,0.78024685,0.671407,0.3220165,0.7569811,0.7457797,0.7311077,0.27807134,0.780018,0.64954525,0.7740457,0.44182718,Stable
0.3732962,0.52839744,0.49789023,0.71008605,0.49699268,0.41980025,0.7023175,0.78266037,0.67668414,0.32070267,0.75482607,0.74119663,0.7514763,0.257535,0.77896273,0.64767706,0.77255124,0.43982327,Stable
0.37473974,0.52857786,0.4972564,0.70916545,0.4964167,0.42080757,0.7029728,0.78123784,0.674142,0.3206576,0.75532144,0.7434747,0.7554699,0.25405562,0.7797359,0.64767826,0.7733995,0.44285548,Stable
0.37095708,0.53178585,0.49997324,0.71163476,0.49928603,0.41865498,0.70672727,0.7791598,0.6794917,0.31951162,0.7497883,0.75511116,0.75705254,0.25359648,0.77765,0.64807725,0.77201575,0.4355657,Stable
0.37093925,0.5317847,0.49984178,0.71166635,0.49918923,0.418702,0.7064922,0.7791579,0.6793439,0.3196792,0.7497036,0.7552819,0.7569007,0.25382978,0.77737796,0.64804924,0.77180135,0.4356628,Stable
0.36624655,0.5440938,0.5001848,0.7099387,0.497846,0.422592,0.7120251,0.77988595,0.6875392,0.31902367,0.75822103,0.70300007,0.769606,0.24398085,0.7763795,0.64329207,0.7663158,0.4361627,Stable
0.36562902,0.5470538,0.5048044,0.71141857,0.49705097,0.42340228,0.717808,0.7792527,0.67331946,0.32228953,0.7613367,0.7049012,0.7627172,0.24740604,0.7769724,0.6462444,0.76805127,0.437363,Stable
0.37100637,0.5539203,0.5078089,0.70586175,0.50006783,0.42261666,0.71738696,0.76772565,0.67492473,0.32201093,0.76278174,0.71285003,0.7658369,0.24116659,0.780386,0.6321235,0.7715335,0.43171352,Stable
0.3753478,0.5546633,0.509299,0.707724,0.499101,0.42408836,0.72038764,0.7626938,0.6725427,0.32241005,0.75741637,0.724391,0.76730657,0.23446111,0.7764169,0.63868475,0.7692778,0.43360454,Stable
0.37534615,0.55466896,0.5092423,0.7078013,0.4990625,0.42404717,0.72036874,0.7626571,0.672629,0.3224177,0.7575547,0.7243435,0.7673814,0.23456836,0.7763691,0.63870525,0.7693298,0.43359372,Stable
0.37694508,0.55398655,0.5127711,0.7029849,0.50124675,0.42808658,0.7189798,0.7662272,0.67773044,0.3196128,0.763196,0.6977924,0.7651198,0.25148284,0.7758055,0.6409729,0.76922077,0.43515056,Stable
0.37817916,0.55213475,0.51256716,0.703037,0.50188273,0.42899692,0.7191159,0.7728263,0.6711037,0.31738415,0.7184334,0.73859066,0.76192224,0.24960218,0.77840084,0.63953376,0.7674417,0.43709227,Stable
0.38050032,0.5506209,0.5188433,0.7019262,0.4972607,0.42376468,0.74040234,0.7741036,0.6746018,0.32170516,0.7353749,0.730405,0.76056904,0.2645331,0.78213614,0.6254859,0.7703542,0.4337072,Stable
0.38245618,0.54268056,0.51764756,0.6997719,0.50061345,0.4165884,0.7320599,0.77472085,0.6798229,0.31740013,0.76207507,0.71706766,0.76830286,0.25206086,0.7861909,0.63096064,0.77492875,0.4325477,Stable
0.38238323,0.54264253,0.5177066,0.699773,0.5005935,0.41649446,0.73184294,0.7745085,0.67983675,0.31735566,0.762488,0.7164361,0.7682421,0.25209033,0.7860841,0.63093215,0.7747507,0.43254182,Stable
0.39105257,0.53817505,0.5149159,0.69792974,0.50521296,0.41803825,0.73456573,0.770813,0.67425287,0.3222388,0.55066115,0.8281011,0.7629751,0.25528985,0.7868737,0.6245591,0.77512693,0.42976218,Stable
0.3869289,0.5368674,0.51512325,0.6981276,0.5041151,0.41726288,0.73915976,0.76708674,0.6796472,0.31827804,0.5667407,0.81616104,0.746397,0.27188858,0.78170466,0.62695307,0.77511096,0.42939696,Stable
0.38893253,0.5352546,0.5152354,0.69720453,0.5106028,0.41165847,0.734898,0.7698138,0.695949,0.30728674,0.71639884,0.7279459,0.75795305,0.2859673,0.7887142,0.6257168,0.7830671,0.4192024,Stable
0.39052194,0.529514,0.5149953,0.69913644,0.5072505,0.41123414,0.73120946,0.75942206,0.67632294,0.3146961,0.7618088,0.6949162,0.7492596,0.28806943,0.78766835,0.61776793,0.7781698,0.41640085,Stable
0.3905086,0.5295413,0.51500416,0.69914305,0.5072548,0.41118798,0.7311081,0.7594568,0.6763184,0.31469163,0.761865,0.6950008,0.74911666,0.28800577,0.78758526,0.6178304,0.77813196,0.41643494,Stable
0.3893164,0.52592003,0.51708066,0.6980051,0.5091225,0.40794843,0.7177958,0.7591974,0.6786768,0.31074226,0.76256907,0.69865894,0.752798,0.2717287,0.7860478,0.6117817,0.7738659,0.40771192,Stable
0.39167303,0.5237068,0.5149504,0.69256204,0.50777066,0.40973103,0.7246022,0.75850856,0.6828434,0.30997628,0.54818237,0.7955305,0.7538818,0.26889127,0.7865304,0.6129825,0.77384895,0.40956113,Stable
0.39677662,0.52453935,0.5151584,0.687675,0.50742257,0.41054404,0.7178371,0.75103426,0.67404974,0.31645492,0.5494535,0.78948915,0.74695957,0.26876196,0.78720963,0.6104356,0.7724592,0.40790924,Stable
0.39532143,0.52472246,0.51645654,0.68901676,0.50601375,0.4100735,0.7162343,0.7542496,0.6750495,0.31590986,0.77008235,0.67509246,0.76024437,0.26368564,0.7910948,0.59697735,0.77776587,0.404842,Stable
0.39530832,0.5247378,0.5163554,0.6892888,0.5059771,0.41008127,0.7162265,0.7544646,0.67500806,0.3159401,0.7700579,0.6751408,0.7602305,0.26367956,0.79102916,0.59694666,0.77769727,0.40479082,Stable
0.3928185,0.52605605,0.5125211,0.68594074,0.5065273,0.40851292,0.7099345,0.7471019,0.67433923,0.31293124,0.7685921,0.673318,0.7569804,0.27305993,0.7898047,0.6112964,0.77946943,0.41114533,Stable
0.3936871,0.5260947,0.5156554,0.68600464,0.5098574,0.4054614,0.74093384,0.75975704,0.68277895,0.30957285,0.76784325,0.6669409,0.75550216,0.2806209,0.7878189,0.6045413,0.7798021,0.40702927,Stable
0.39421326,0.5265721,0.52020884,0.6871342,0.50899076,0.40657383,0.7390119,0.75834125,0.678609,0.31523764,0.76677483,0.6625062,0.75993097,0.2632642,0.7890598,0.59614164,0.77614516,0.40580714,Stable
0.39447045,0.52621526,0.52395666,0.68844604,0.5045835,0.41095382,0.7510304,0.77583236,0.676389,0.31419057,0.75896496,0.6890527,0.75876015,0.2641061,0.78482306,0.5958129,0.7763976,0.40742463,Stable
0.39451182,0.5262046,0.5240634,0.6885893,0.50467217,0.4108528,0.7511035,0.77516335,0.6764089,0.31416473,0.75896686,0.688939,0.758958,0.26412052,0.7847676,0.59581065,0.7764539,0.40738356,Stable
0.39585513,0.52717346,0.52382636,0.6838128,0.5046767,0.41231662,0.74991894,0.7707256,0.6762583,0.31677362,0.7579288,0.68555474,0.7504532,0.26784518,0.7895364,0.589584,0.77626026,0.4066487,Stable
0.39208686,0.52743506,0.5170977,0.6876873,0.50641644,0.40982518,0.7431185,0.7871937,0.6709076,0.31718096,0.7615285,0.70917547,0.7576221,0.25176,0.78567064,0.59723485,0.7755167,0.4120273,Stable
0.3926232,0.52679443,0.5170684,0.6890893,0.50378704,0.40758926,0.7427892,0.7871784,0.6822994,0.3119978,0.7296934,0.7110095,0.7578849,0.26421043,0.7891209,0.5968331,0.77939725,0.4061955,Stable
0.38261372,0.5300411,0.51412606,0.6887752,0.5044513,0.41124052,0.7304077,0.7835914,0.6789238,0.31253237,0.7611593,0.7128758,0.7554011,0.2621053,0.7851131,0.60344064,0.7762027,0.40955782,Stable
0.38256893,0.53001344,0.5141674,0.68869567,0.5044034,0.41126972,0.73054934,0.7835926,0.67876256,0.3126423,0.7611698,0.71240187,0.75528157,0.2620914,0.78506124,0.60350657,0.7761631,0.40972567,Stable
0.38129088,0.52882457,0.5160681,0.68997324,0.5088633,0.41127437,0.72143626,0.7537794,0.67862886,0.31514633,0.7651186,0.68133175,0.7618638,0.26228926,0.78849685,0.6076791,0.7801645,0.40959916,Stable
0.38626558,0.5282662,0.51780325,0.690217,0.50816333,0.40866828,0.74049664,0.7611042,0.68737876,0.30353177,0.77441925,0.67403054,0.7649507,0.24944505,0.78698516,0.6043066,0.77900714,0.4059994,Stable
0.3836648,0.52779925,0.5134974,0.6907066,0.50527215,0.40796834,0.7287747,0.74189115,0.6823682,0.31152079,0.7758368,0.6706451,0.76096934,0.2891852,0.78941214,0.60699624,0.78305024,0.4083532,Stable
0.3824398,0.5273905,0.51420665,0.68751353,0.50845814,0.4049406,0.7416022,0.7550182,0.67911005,0.30747348,0.76045907,0.6754159,0.7510931,0.2688594,0.7846937,0.60990584,0.7781075,0.40745485,Stable
0.38241458,0.5274203,0.51418555,0.68749,0.5084957,0.4049521,0.74221724,0.75462615,0.6791765,0.30747554,0.7608637,0.67450297,0.75110185,0.26899287,0.7847869,0.6096974,0.77819383,0.40758666,Stable
0.3768284,0.5253234,0.5084953,0.68239546,0.5035551,0.40464997,0.7180768,0.73944736,0.67576045,0.30951867,0.76564264,0.66596293,0.75060713,0.26425117,0.7876204,0.5990275,0.7780682,0.40861842,Stable
0.3761246,0.52709174,0.50371534,0.6834039,0.5010278,0.41149396,0.7204434,0.7439617,0.67467517,0.31111592,0.76544845,0.6798839,0.7548058,0.26671606,0.7870158,0.5994212,0.7788784,0.40854633,Stable
0.37571043,0.5245307,0.50717914,0.6826228,0.49689096,0.39969587,0.7236732,0.7591752,0.66977537,0.30912226,0.76092076,0.69072527,0.7439556,0.26819623,0.7820674,0.6076594,0.7766619,0.40596354,Stable
0.37364447,0.52259827,0.49580133,0.679953,0.49502295,0.40385127,0.69538224,0.75615144,0.673511,0.3111151,0.7572459,0.7055528,0.75871897,0.23322457,0.77733916,0.6194344,0.773864,0.42035645,Stable
0.37367457,0.5226703,0.495743,0.6800648,0.49496168,0.40389368,0.69526577,0.7563073,0.6733341,0.31116492,0.7572471,0.7054938,0.758578,0.23336868,0.77722704,0.619476,0.7736993,0.42033803,Stable
0.371829,0.5196789,0.5013294,0.67513794,0.49497324,0.39824998,0.71149886,0.7466657,0.66975975,0.30738586,0.75798273,0.6866538,0.7600789,0.23039542,0.7760738,0.6114347,0.77035993,0.4083074,Stable
0.3705785,0.5132357,0.4927042,0.6680264,0.4937136,0.39758468,0.7049739,0.7401997,0.6692206,0.30342063,0.7262304,0.71858335,0.7420744,0.23772758,0.7755561,0.6057011,0.7664609,0.4015938,Stable
0.36177263,0.51314235,0.49369997,0.66995895,0.48858052,0.39661568,0.69374156,0.7399354,0.66071284,0.30380505,0.6961836,0.7330831,0.74674916,0.23258266,0.76887953,0.60887,0.763241,0.40533686,Stable
0.36552557,0.50702244,0.49103886,0.6709745,0.48688936,0.39653826,0.6976456,0.7474762,0.66376835,0.30010414,0.6898582,0.73734516,0.7483443,0.23165506,0.7743989,0.608374,0.76684105,0.40525532,Stable
0.36555576,0.507194,0.49109447,0.670874,0.48686033,0.39662153,0.6980306,0.74727243,0.66377366,0.30013645,0.6894258,0.737287,0.7482629,0.23164505,0.7745685,0.6078626,0.76691437,0.405161,Stable
0.36634684,0.50614727,0.48968923,0.66968024,0.4890005,0.3964278,0.702633,0.7442197,0.6634688,0.304458,0.75134635,0.7156724,0.76113605,0.22662501,0.7750094,0.6052834,0.770606,0.40277272,Stable
0.3652234,0.5057794,0.48876724,0.67194337,0.4883033,0.39524794,0.70212454,0.7435164,0.67163944,0.29947844,0.7235288,0.7222084,0.75666046,0.22849797,0.7738661,0.60886174,0.7690476,0.40789974,Stable
0.36339754,0.50576454,0.48810345,0.6735321,0.4883895,0.3933208,0.6921257,0.74408215,0.6682021,0.30225474,0.7568749,0.70103115,0.7575762,0.22982684,0.7698698,0.6126797,0.766276,0.40935314,Stable
0.36420918,0.5089048,0.49236554,0.6766319,0.48687083,0.39310545,0.6978034,0.74461424,0.6704454,0.30226386,0.74955916,0.7077168,0.7545481,0.23539363,0.77097434,0.6154586,0.76574683,0.40952408,Stable
0.36414874,0.50870734,0.492457,0.67658204,0.486927,0.39316306,0.6980922,0.7446302,0.6706525,0.30223715,0.7503474,0.7064972,0.75465775,0.23550479,0.7713549,0.6153395,0.7660316,0.40937907,Stable
0.36438128,0.5132002,0.488952,0.67824185,0.48519704,0.39452323,0.67651093,0.7463262,0.6678011,0.30447304,0.7480442,0.7163285,0.75865096,0.24577498,0.7586229,0.622319,0.7554552,0.42316455,Stable
0.3600852,0.51723784,0.48530197,0.67996943,0.48671144,0.39233565,0.67420286,0.74489224,0.67237896,0.30437905,0.74356145,0.72353673,0.7535462,0.24597548,0.7528135,0.6258012,0.7525623,0.42407557,Stable
0.3586379,0.51928926,0.48742002,0.6755442,0.48692352,0.39398754,0.67154837,0.744802,0.6648699,0.30334452,0.74374026,0.73212683,0.7567264,0.23314789,0.76009315,0.6193734,0.761824,0.41440317,Stable
0.35836706,0.51820827,0.49077174,0.67935,0.48372656,0.39352235,0.67922205,0.7429914,0.66164607,0.30246145,0.7530649,0.71830934,0.7649951,0.22615358,0.7616491,0.62026465,0.76121616,0.41210395,Stable
0.35785192,0.51845443,0.49087954,0.67943615,0.4837055,0.3935872,0.67906916,0.7429146,0.6616188,0.3024972,0.75319433,0.718294,0.76497614,0.22617859,0.761763,0.6203749,0.7612309,0.41216144,Stable
0.35900515,0.51466537,0.49463177,0.6813282,0.49100682,0.39433217,0.7025876,0.7534785,0.665635,0.30281428,0.752133,0.7082393,0.75783867,0.24364245,0.7667221,0.6200288,0.76548594,0.40738508,Stable
0.36945546,0.51657176,0.4968365,0.6793351,0.49354133,0.3960861,0.71993124,0.75419056,0.6751899,0.3059321,0.75582147,0.6876092,0.759721,0.24808978,0.7761163,0.60181314,0.77041507,0.40479493,Stable
0.37083888,0.516655,0.49396294,0.6839832,0.48910332,0.39953405,0.7148745,0.7550744,0.67423344,0.30433214,0.72988176,0.7205853,0.76378655,0.23952149,0.7667371,0.6093653,0.76019824,0.4079737,Stable
0.36798435,0.5136522,0.49341816,0.68485415,0.49236155,0.39287242,0.72116864,0.75508416,0.6775963,0.3037082,0.7494766,0.70942396,0.75277674,0.2539533,0.76765007,0.60979116,0.7669537,0.40921187,Stable
0.368005,0.51362956,0.49335048,0.68479174,0.4923242,0.39294207,0.721039,0.7550404,0.6775528,0.30376226,0.74950564,0.70925987,0.7528021,0.25395593,0.767643,0.60974395,0.76696223,0.40923402,Stable
0.36280632,0.5120971,0.49069294,0.67854786,0.48847377,0.39828205,0.70936674,0.7529756,0.6717712,0.30306867,0.752438,0.6994802,0.7612424,0.22922483,0.76625264,0.6176857,0.7650473,0.41110867,Stable
0.3616458,0.5132276,0.48485574,0.6799469,0.48886856,0.39632273,0.7051317,0.7488452,0.6699955,0.3042961,0.70787805,0.7175326,0.75334877,0.23593436,0.76630634,0.6182517,0.76260126,0.40953252,Stable
0.35861242,0.5176465,0.48831722,0.67666054,0.49256396,0.3955624,0.6967742,0.74782413,0.66921586,0.3043186,0.7565824,0.7236477,0.75681466,0.22921267,0.76546514,0.61722076,0.76097536,0.41019294,Stable
0.3637682,0.5157234,0.4854315,0.6793752,0.49111468,0.39904368,0.6962339,0.7489922,0.6739513,0.3031941,0.752264,0.7157446,0.7546658,0.23549673,0.7682327,0.6188595,0.763797,0.41205832,Stable
0.36373448,0.51573634,0.48542774,0.67938113,0.4911459,0.39907777,0.69604415,0.74894345,0.6740004,0.3030906,0.7522957,0.71573657,0.7547723,0.23542574,0.7682339,0.61878496,0.76387185,0.41210252,Stable
0.36539778,0.5142907,0.48334676,0.67774963,0.49033722,0.39939058,0.70288,0.74932957,0.6724763,0.3064985,0.74831355,0.7143516,0.7569386,0.23219262,0.76667273,0.6190604,0.7623491,0.41366535,Stable
0.36829895,0.51507807,0.48795485,0.6767665,0.4907125,0.3989836,0.7049918,0.74794906,0.67277473,0.30284226,0.7565594,0.7100279,0.75315595,0.23563163,0.7692348,0.6016956,0.7629336,0.40791827,Stable
0.3710776,0.5163511,0.4883368,0.67649925,0.4902186,0.39639652,0.7099385,0.74952185,0.6740679,0.2992605,0.7603141,0.71780133,0.7503389,0.24431226,0.77028537,0.61205596,0.76484525,0.40790936,Stable
0.3734026,0.5105331,0.48644122,0.67727774,0.49331492,0.39320678,0.697662,0.7350267,0.6736817,0.30294463,0.6704322,0.7129985,0.75851846,0.23338597,0.7642901,0.614053,0.76091516,0.4065433,Stable
0.37332007,0.51053905,0.48636603,0.6771227,0.4932427,0.39335296,0.69768035,0.73502064,0.6735777,0.30303898,0.6705848,0.7129539,0.7584933,0.23345408,0.7642937,0.61406523,0.7608935,0.40658653,Stable
0.37068278,0.50810283,0.48904797,0.6718964,0.49514505,0.39123213,0.70293,0.7356374,0.67298573,0.30208328,0.6682419,0.71930873,0.7561368,0.23527037,0.7661795,0.611117,0.76084036,0.40316033,Stable
0.37243468,0.50109845,0.49124515,0.67131823,0.49474365,0.38768739,0.7005973,0.7381555,0.6726196,0.3034584,0.75481117,0.7096875,0.7562195,0.23155849,0.76641107,0.6095125,0.7619003,0.40056324,Stable
0.3690396,0.49745148,0.48758313,0.6665083,0.49061197,0.38795406,0.68569183,0.73206055,0.67396706,0.30131885,0.7477347,0.72027224,0.75100726,0.2354549,0.76641744,0.6152129,0.76347303,0.40761384,Stable
0.3676444,0.49715304,0.48549613,0.6610861,0.49319905,0.38820502,0.6695998,0.7214563,0.66888475,0.30622625,0.74413085,0.7308787,0.75046706,0.23090228,0.76219606,0.60952795,0.7610961,0.40446278,Stable
0.3676709,0.4971374,0.48549196,0.66108465,0.49322617,0.3881944,0.66950905,0.7214407,0.66895103,0.30621558,0.744055,0.730854,0.75049293,0.23087429,0.7622396,0.60953534,0.7611203,0.40446076,Stable
0.37012884,0.49596292,0.484158,0.6597415,0.494507,0.38755578,0.66780484,0.72427315,0.6708583,0.302998,0.74392617,0.71948326,0.7558348,0.22177324,0.76000804,0.61064976,0.7602427,0.40646374,Stable
0.36945075,0.49622726,0.48167154,0.66213536,0.49611652,0.38757563,0.66556215,0.7226903,0.6751816,0.30081445,0.7587291,0.74335825,0.76099485,0.23148261,0.7586136,0.61289996,0.75977826,0.4112621,Stable
0.37107277,0.49929744,0.48300976,0.66159916,0.49635667,0.39022037,0.6705966,0.7301444,0.67723227,0.30012023,0.75641596,0.7208737,0.7660378,0.22883543,0.7612021,0.6092936,0.7601968,0.40736073,Stable
0.37088117,0.49867734,0.4829608,0.66298115,0.4957529,0.39195272,0.66277933,0.72271264,0.6750235,0.3014111,0.7603478,0.73680276,0.76334965,0.23579302,0.7611818,0.610812,0.7589443,0.4049307,Stable
0.37090987,0.49865767,0.4829286,0.6629425,0.4957337,0.39199555,0.66267955,0.7225415,0.6750072,0.30143705,0.7603271,0.7371173,0.7632839,0.2358742,0.76130867,0.6107366,0.7590496,0.4048477,Stable
0.3764009,0.49889553,0.48580277,0.66266096,0.49583396,0.39362973,0.66900134,0.7326519,0.67260766,0.3036483,0.7513548,0.7072877,0.76603174,0.2333788,0.76211834,0.6106384,0.7595327,0.40715456,Stable
0.37535614,0.49792787,0.48867628,0.66597044,0.49272764,0.38799554,0.68009466,0.7409409,0.6740138,0.3035069,0.75067586,0.7002041,0.7671225,0.23326519,0.76378626,0.61511064,0.76279974,0.4101133,Stable
0.37560934,0.5056989,0.4847399,0.6656181,0.49736938,0.39389145,0.6728746,0.73623055,0.67367816,0.30269352,0.7539784,0.71513146,0.75159514,0.24111192,0.76174116,0.6126862,0.7593627,0.40675026,Stable
0.37499806,0.5140814,0.48730612,0.6674437,0.4913001,0.3964715,0.6844213,0.73881066,0.67770755,0.3018765,0.7588768,0.70552844,0.7456335,0.24914491,0.76903266,0.60996413,0.76456183,0.40196097,Stable
0.37488815,0.5140861,0.48729953,0.6675772,0.4914002,0.39648432,0.68414086,0.7387709,0.6779125,0.3016349,0.75927657,0.7062123,0.7459073,0.2489368,0.7691464,0.6100707,0.7646662,0.4020496,Stable
0.3732748,0.5155487,0.48801622,0.67075765,0.49104875,0.39740643,0.6911758,0.7394788,0.6779725,0.30228108,0.75966424,0.71733063,0.75740206,0.23870061,0.7718377,0.6146915,0.76842904,0.40626594,Stable
0.37100396,0.5160203,0.48455507,0.6694707,0.49041998,0.39588648,0.6791594,0.7399205,0.6734871,0.30448997,0.7538497,0.727877,0.7434766,0.24339163,0.7654207,0.62105834,0.7621521,0.41012523,Stable
0.3700249,0.51539207,0.48224598,0.6760354,0.4902937,0.4005211,0.68126976,0.7366313,0.6691376,0.30564514,0.75972545,0.73347914,0.7418661,0.24442814,0.76388043,0.61894494,0.76292646,0.41222847,Stable
0.36882353,0.51548874,0.4816587,0.6734285,0.48956198,0.3960147,0.6773777,0.73558116,0.67155975,0.30376852,0.7608747,0.71046543,0.7561357,0.22790873,0.7632514,0.61684084,0.7618925,0.40930825,Stable
0.36886832,0.51543653,0.4816284,0.6732573,0.48949033,0.3960224,0.6773958,0.7355703,0.6715815,0.30384552,0.7610025,0.7102773,0.75604934,0.22798973,0.7632467,0.61683,0.7618806,0.40931532,Stable
0.36310443,0.51231474,0.48618898,0.6738657,0.4909428,0.39293998,0.69140524,0.7393813,0.67515874,0.30107853,0.76255625,0.70210713,0.7493826,0.23590356,0.77025646,0.62156796,0.76694155,0.41765174,Stable
0.3693589,0.5075178,0.48537767,0.6728941,0.48888692,0.39237893,0.68205976,0.7279445,0.67349595,0.2980497,0.756009,0.7022983,0.7564227,0.22099075,0.7674985,0.6185471,0.7618809,0.40425187,Stable
0.36531472,0.5018502,0.48115847,0.66818666,0.48422676,0.3910302,0.6799295,0.7249813,0.6652812,0.30174324,0.76687527,0.6946107,0.7531929,0.22717641,0.7718986,0.60104334,0.76355815,0.40443176,Stable
0.3655048,0.5006451,0.47861072,0.66933984,0.48546404,0.39126325,0.6724583,0.72053903,0.6731051,0.3007654,0.7595904,0.68181336,0.74650943,0.23616993,0.7614262,0.61311495,0.7583251,0.40865117,Stable
0.36556715,0.5005759,0.4787018,0.66929835,0.48552918,0.39134294,0.67239684,0.72052574,0.6731002,0.30080026,0.75954235,0.681693,0.7464143,0.23623776,0.76144135,0.61292636,0.7583186,0.40869313,Stable
0.36748862,0.50301445,0.48013434,0.6689197,0.48764247,0.39208743,0.67237365,0.717819,0.6732544,0.2989725,0.7677211,0.6818165,0.76115835,0.22280091,0.7699091,0.5953234,0.7619277,0.38824126,Stable
0.3701703,0.50341743,0.48093092,0.665367,0.48685473,0.39300215,0.65854514,0.716388,0.6676964,0.30318528,0.76465005,0.7055244,0.759912,0.22643456,0.7677448,0.59643316,0.76091063,0.39070934,Stable
0.36723182,0.50044453,0.48226464,0.66602784,0.48705912,0.39235196,0.66073585,0.7160453,0.67368937,0.30107385,0.7667048,0.70117944,0.7648095,0.2200406,0.7660072,0.5961237,0.7608852,0.4013353,Stable
0.36664292,0.4994963,0.483757,0.66401494,0.4867239,0.3902938,0.6739439,0.71806306,0.675465,0.2977179,0.7631968,0.6953029,0.76260126,0.22679815,0.76848614,0.6062398,0.76525426,0.4044437,Stable
0.36669618,0.4995143,0.4837821,0.6640112,0.48666498,0.39030132,0.67398685,0.71807736,0.67548865,0.29769176,0.7632514,0.6952137,0.76262015,0.22684221,0.76843905,0.6060149,0.765167,0.40427452,Stable
0.36823317,0.50093204,0.4826206,0.6640559,0.48884255,0.39050695,0.67185676,0.71889824,0.67482626,0.29850778,0.7603688,0.6960262,0.75636697,0.22594486,0.76539314,0.6101048,0.7640001,0.4123406,Stable
0.36687228,0.50189227,0.4818582,0.6655365,0.4857006,0.3916962,0.67333627,0.7258324,0.6724743,0.29992062,0.759602,0.69280314,0.7542385,0.22566216,0.764028,0.61656916,0.7636161,0.4135965,Stable
0.36568028,0.4973918,0.484182,0.6649772,0.486915,0.38981962,0.68243074,0.72944,0.6698637,0.3000842,0.75913566,0.6882838,0.75581807,0.22692576,0.7681478,0.6142205,0.7662462,0.40963227,Stable
0.36848375,0.49725682,0.48452258,0.66499287,0.48483533,0.38538325,0.6693177,0.7254771,0.6659554,0.29710114,0.7562647,0.6916455,0.7537646,0.22660743,0.7620895,0.61563367,0.7613392,0.40685856,Stable
0.36847496,0.4972635,0.48442084,0.66495806,0.4847905,0.385406,0.6691061,0.7252125,0.6659473,0.29709825,0.7562078,0.6918451,0.753803,0.2265803,0.76198244,0.6156955,0.7612184,0.40689263,Stable
0.3682695,0.5044839,0.48369867,0.6679698,0.48919818,0.38993144,0.67269987,0.723446,0.6729591,0.2990023,0.75332135,0.7134411,0.75114214,0.23123181,0.7625698,0.6135982,0.76244754,0.4059137,Stable
0.3682841,0.5034798,0.48458382,0.66691566,0.4894424,0.389476,0.6733462,0.72319174,0.67418957,0.2974704,0.7571954,0.7061338,0.753461,0.22340928,0.76772517,0.6184461,0.7645647,0.4095244,Stable
0.36786038,0.50346124,0.48143137,0.66700494,0.4929917,0.3846997,0.66712415,0.7276446,0.6721381,0.29955116,0.7474898,0.70219684,0.7546159,0.22156528,0.75714296,0.6229305,0.7609141,0.41122955,Stable
0.36022982,0.5030575,0.48233575,0.667117,0.48733723,0.38567695,0.6578852,0.7267436,0.66820335,0.29745033,0.75288975,0.69945765,0.73479545,0.24152021,0.7595819,0.6197143,0.76012814,0.41252774,Stable
0.3602129,0.5027557,0.482445,0.66722,0.48733732,0.38562775,0.6577154,0.7268204,0.6658205,0.2940671,0.75290173,0.6993151,0.73475903,0.2415671,0.7596292,0.6196902,0.76013064,0.41248858,Stable
0.359084,0.503332,0.4792877,0.6635828,0.48284227,0.39062998,0.65213484,0.71852267,0.6638937,0.30029196,0.7581264,0.69213694,0.754826,0.22471833,0.7607212,0.61604106,0.7597038,0.4120632,Stable
0.35235083,0.50907373,0.4780042,0.66197073,0.4825285,0.38488373,0.6298131,0.7308509,0.6644267,0.2983741,0.74903077,0.7077071,0.7649696,0.21645963,0.7605928,0.61832327,0.7566158,0.40538102,Stable
0.35603043,0.49729782,0.48166677,0.66576874,0.4856475,0.38277692,0.6559018,0.7282152,0.6733193,0.29839084,0.7493796,0.6970627,0.76067233,0.22002195,0.76369095,0.6219753,0.76465505,0.4100449,Stable
0.35781252,0.49795377,0.48242447,0.66459835,0.48573148,0.3811431,0.66805786,0.72727436,0.6731632,0.29374123,0.7517774,0.69734806,0.7570225,0.21744516,0.76152223,0.61440164,0.75783277,0.3972815,Stable
0.3580107,0.49768537,0.48239905,0.66464126,0.48562545,0.381132,0.6683013,0.72734344,0.67298454,0.29385713,0.75165963,0.6974027,0.7566404,0.21780318,0.7616205,0.61415315,0.757795,0.3972158,Stable
0.3595512,0.4976784,0.4789843,0.6614191,0.4871059,0.3819252,0.6566307,0.7266501,0.67653203,0.2939993,0.75545025,0.7135757,0.75617456,0.2254113,0.76544833,0.6165446,0.7646748,0.4063393,Stable
0.36495763,0.4982236,0.48260534,0.66305286,0.48774394,0.38359702,0.66807914,0.7344005,0.6741663,0.29616976,0.7536427,0.70790696,0.7562561,0.23028176,0.76308155,0.6167407,0.7645869,0.41086543,Stable
0.36250955,0.49882525,0.4830011,0.6624072,0.48741484,0.3837623,0.6632979,0.731029,0.674731,0.2958184,0.7487065,0.7020246,0.76086116,0.2187423,0.7640532,0.6174761,0.763268,0.40702707,Stable
0.36702165,0.4977973,0.48526606,0.66349953,0.48841998,0.39012298,0.6770133,0.7265446,0.6731409,0.2980087,0.7604098,0.67330307,0.7583081,0.22312453,0.7722506,0.5971369,0.7670073,0.4022487,Stable
0.3671204,0.49766228,0.48530436,0.6635364,0.48847687,0.3901833,0.6771318,0.72660685,0.67323816,0.2980094,0.7604055,0.6731676,0.7584118,0.22335228,0.7723128,0.59701097,0.7670449,0.40209585,Stable
0.36727843,0.4958735,0.48518547,0.66275644,0.4925766,0.3860892,0.66899943,0.7308168,0.6751282,0.29443794,0.756951,0.68631935,0.7536683,0.21968114,0.766755,0.6101612,0.76650107,0.40348226,Stable
0.36174202,0.49892837,0.48573312,0.6636376,0.49239108,0.38655996,0.6708224,0.7289871,0.6728976,0.29765332,0.75766706,0.6814444,0.75906646,0.22416715,0.76934123,0.60649335,0.76710904,0.3984728,Stable
0.3634082,0.4956376,0.48432896,0.6655982,0.49204683,0.38770664,0.67356515,0.7241819,0.6744134,0.29740462,0.7604648,0.6987777,0.7629816,0.22391224,0.7717673,0.60067594,0.76881444,0.3993566,Stable
0.36917612,0.4903227,0.48480725,0.66288793,0.48893723,0.38627976,0.6725835,0.7222837,0.67464375,0.297747,0.7598331,0.69649523,0.75573146,0.22339979,0.7703016,0.61186194,0.7676079,0.40399453,Stable
0.36931264,0.49041057,0.48459035,0.66293526,0.48891503,0.3862666,0.67256534,0.7224521,0.67474115,0.29772145,0.7597546,0.6964404,0.7561853,0.22320154,0.7701811,0.6119247,0.7675266,0.4039733,Stable
0.37616926,0.49443263,0.4894474,0.66309845,0.48480916,0.38961917,0.6868634,0.72650737,0.6733068,0.29684025,0.76059,0.68829525,0.75412625,0.2215023,0.77286816,0.5915507,0.76550853,0.38859355,Stable
0.37416583,0.5038736,0.4821261,0.66201234,0.49038905,0.3924265,0.6592504,0.7245502,0.6740483,0.29879156,0.7562548,0.7091543,0.7625681,0.21671349,0.7715063,0.6000781,0.76353616,0.39212805,Stable
0.3712407,0.51075727,0.48241067,0.66528827,0.48863742,0.39438063,0.6631284,0.7367405,0.6723225,0.3030882,0.7563676,0.7017541,0.7604708,0.2293291,0.76643157,0.6178585,0.7631395,0.40951395,Stable
0.37560698,0.510188,0.48929676,0.6701347,0.49463224,0.3962952,0.6797348,0.73565143,0.6782254,0.30208248,0.7586484,0.6940149,0.7656696,0.23358934,0.77570164,0.602352,0.77183604,0.4080312,Stable
0.37555808,0.51017654,0.48920712,0.6700751,0.49450538,0.39626783,0.67986107,0.73562783,0.6783035,0.30209136,0.7586989,0.6938204,0.7657206,0.23353246,0.7757981,0.602368,0.7719146,0.40802902,Stable
0.36996028,0.5110004,0.48690295,0.6702306,0.48796424,0.40006015,0.672974,0.7412545,0.6751866,0.3070115,0.75594985,0.69720876,0.7623527,0.2506714,0.7729039,0.6027845,0.7680361,0.40795916,Stable
0.3667135,0.511939,0.4812523,0.67061424,0.48359513,0.40111595,0.6728529,0.74222535,0.66475445,0.30369908,0.75701344,0.6886753,0.76222247,0.2347075,0.76607287,0.6202792,0.7629827,0.41891772,Stable
0.36189455,0.5184155,0.47902465,0.67451954,0.48456225,0.40014657,0.66304874,0.73922145,0.66627467,0.30926973,0.7557905,0.7077998,0.76406634,0.2349981,0.76246923,0.62027323,0.7626278,0.41818485,Stable
0.3623355,0.5224438,0.48795915,0.6786853,0.48510748,0.404443,0.67014027,0.7435106,0.6738709,0.30990142,0.75596046,0.6892635,0.7634783,0.2536324,0.77187866,0.6207857,0.76758,0.41380534,Stable
0.36229426,0.52246255,0.48799127,0.6785695,0.4851386,0.4044006,0.6703169,0.7435088,0.673927,0.30984518,0.7562241,0.6892617,0.76352155,0.2537005,0.77221864,0.6205497,0.7677541,0.4135282,Stable
0.36562455,0.5257274,0.48877424,0.67851824,0.4897846,0.4044606,0.68118083,0.743366,0.68013644,0.3035003,0.7575781,0.6702703,0.7568943,0.25400645,0.76938295,0.62101674,0.7653762,0.4195996,Stable
0.36812294,0.52660596,0.4860204,0.6794626,0.48826313,0.40524948,0.6714747,0.74223757,0.6763438,0.3118863,0.7605488,0.6645915,0.762352,0.2564724,0.7713477,0.62210417,0.7645857,0.4271561,Stable
0.3703415,0.5263279,0.48662293,0.67865694,0.48929882,0.4036746,0.6776881,0.7459824,0.67927766,0.30492407,0.76018405,0.7116655,0.7611413,0.2584574,0.77086556,0.62859595,0.7683191,0.42987007,Stable
0.36807156,0.52648276,0.4879248,0.6846812,0.48674458,0.40578872,0.6795792,0.7406913,0.67682576,0.30702332,0.7556445,0.6732699,0.75600386,0.25980502,0.76932895,0.6224954,0.76744664,0.4185488,Stable
0.36818275,0.52649343,0.4879759,0.6847674,0.48672014,0.4058485,0.6797638,0.74073523,0.67680514,0.30704364,0.7555925,0.67313784,0.75600934,0.25982487,0.7693883,0.62243927,0.7675001,0.41853878,Stable
0.36260566,0.5268709,0.484811,0.68063235,0.4881446,0.40567285,0.6732804,0.74181616,0.6724273,0.30621514,0.75499296,0.7091887,0.74861306,0.25456107,0.7637057,0.6301678,0.75965184,0.43105456,Stable
0.36525387,0.520192,0.486039,0.6788725,0.48690468,0.4034885,0.6769407,0.73993707,0.67520404,0.30424356,0.7557076,0.68456334,0.75880396,0.25866902,0.7659136,0.6279613,0.76623315,0.427412,Stable
0.3603534,0.52024376,0.48235616,0.67974305,0.4927596,0.39659297,0.68242145,0.7417924,0.67637813,0.3035186,0.7578356,0.6967427,0.76376694,0.23283254,0.7647283,0.63012546,0.7644867,0.41393214,Stable
0.36712095,0.5087843,0.47937807,0.6781696,0.48887002,0.39822268,0.6740207,0.72781587,0.6722342,0.2995109,0.7569098,0.69424224,0.75990665,0.23062484,0.7634358,0.6200348,0.7634284,0.41598427,Stable
0.36713624,0.50877655,0.4793908,0.6782063,0.4888744,0.39822745,0.67402387,0.72791624,0.67222905,0.29950842,0.75693744,0.69421816,0.75991887,0.23060331,0.7634307,0.6200074,0.76342666,0.41597006,Stable
0.36343095,0.5005902,0.47663558,0.67100286,0.48775145,0.398182,0.6560582,0.7264193,0.6678829,0.3020916,0.7561097,0.6975651,0.7585811,0.23234397,0.76057386,0.6099691,0.7603718,0.40899166,Stable
0.36754113,0.4937863,0.4769947,0.6725066,0.48979434,0.39508456,0.67319906,0.7221994,0.6726665,0.29632944,0.757677,0.7066092,0.76279116,0.22061722,0.76386356,0.60556275,0.7586674,0.39964414,Stable
0.3635856,0.49519014,0.4763552,0.6679008,0.49142003,0.3917471,0.6700734,0.72609305,0.6718346,0.29863387,0.75458044,0.716763,0.767194,0.21655212,0.7655481,0.60692453,0.7613828,0.39052913,Stable
0.36681855,0.49126375,0.48040196,0.668695,0.4886137,0.39008445,0.68047094,0.7289902,0.6739546,0.30247116,0.7576632,0.71202123,0.77061486,0.22056687,0.7690716,0.60857344,0.7652518,0.397897,Stable
0.36665007,0.49162447,0.48053405,0.66838896,0.48893246,0.39046344,0.68103284,0.7292119,0.67366755,0.30253828,0.75847447,0.71130466,0.77045166,0.22041994,0.7691735,0.608203,0.76525635,0.39808947,Stable
0.36207736,0.49546766,0.47515187,0.66476005,0.48854703,0.3942353,0.665486,0.7307825,0.6710653,0.30317318,0.75645465,0.7042091,0.7643344,0.24102464,0.76490796,0.61223054,0.76253283,0.4111094,Stable
0.36677095,0.49377143,0.4764678,0.66516805,0.4902504,0.39225575,0.6557853,0.7305469,0.6750802,0.30292475,0.75679994,0.71146226,0.7612735,0.2392577,0.759807,0.60899484,0.75934875,0.40572912,Stable
0.36896133,0.49469858,0.4757769,0.6688298,0.4940408,0.39106354,0.66692585,0.7397718,0.6801406,0.30000225,0.7559732,0.70520246,0.7625774,0.23891549,0.7624461,0.61310005,0.7615409,0.405178,Stable
0.3618874,0.49700522,0.4719529,0.66858125,0.48872018,0.39273128,0.6661271,0.7361979,0.6757791,0.30361962,0.760507,0.7078978,0.7684486,0.23346502,0.76463497,0.61436343,0.76372087,0.40741286,Stable
0.36196357,0.4971109,0.4719354,0.6684693,0.48876998,0.39268073,0.6661042,0.736051,0.6757951,0.30356473,0.7605467,0.70805323,0.7684256,0.23341432,0.76465404,0.6142728,0.76375735,0.40744632,Stable
0.36508247,0.511878,0.4761424,0.67272943,0.48558244,0.39762092,0.6735234,0.7398753,0.6792485,0.30366036,0.7580816,0.72375816,0.76701665,0.23014385,0.7604325,0.621643,0.76189053,0.41443294,Stable
0.36212835,0.5169603,0.48192614,0.6762973,0.4832774,0.3982209,0.6759106,0.73689306,0.67450106,0.30297953,0.7603356,0.68837535,0.7565259,0.24973142,0.7643642,0.6157418,0.76223695,0.41017112,Stable
0.36617813,0.51512843,0.47861868,0.67408586,0.4790022,0.40001225,0.6745124,0.7369263,0.6688541,0.30608052,0.7576953,0.70873374,0.76528764,0.22884688,0.76087564,0.6219094,0.761455,0.41543978,Stable
0.36478382,0.5159898,0.48548827,0.6749197,0.48114964,0.39891464,0.67919147,0.73540986,0.66664565,0.30383128,0.75512755,0.6974709,0.76141083,0.22848237,0.7690234,0.61869,0.7669997,0.4117399,Stable
0.36484596,0.516001,0.48550603,0.6749418,0.4812232,0.3989849,0.6792318,0.735382,0.66669583,0.30374473,0.75500333,0.6978252,0.7614938,0.22844905,0.76919436,0.6186198,0.76708496,0.41159815,Stable
0.3665226,0.51611155,0.4824769,0.6750988,0.48129258,0.39861724,0.6740453,0.7345855,0.6666833,0.30206963,0.75542355,0.6889025,0.7564823,0.23030989,0.7621833,0.6166953,0.76252985,0.41273397,Stable
0.3678429,0.5159948,0.47847462,0.67334723,0.48425636,0.39814544,0.66966766,0.739185,0.6706698,0.3039831,0.7531044,0.7023189,0.7630031,0.22815987,0.76544297,0.6289401,0.7666478,0.42751443,Stable
0.36667407,0.51587236,0.47407493,0.66918653,0.48516804,0.39815372,0.6647681,0.7329161,0.6700296,0.30222753,0.75927657,0.7176492,0.7593174,0.22957627,0.76273584,0.6247718,0.7644171,0.4169328,Stable
0.3737596,0.5142393,0.47622502,0.6688714,0.4881301,0.39571428,0.664081,0.72842973,0.6689457,0.30266994,0.75776553,0.7167915,0.7584967,0.22934416,0.7619107,0.61976665,0.76319146,0.41647646,Stable
0.37370774,0.51421285,0.4761982,0.66875684,0.4880135,0.3955799,0.66400266,0.72840405,0.66856694,0.30260912,0.7577883,0.7166774,0.7578751,0.22984168,0.76185024,0.6196979,0.76291895,0.4163679,Stable
0.3711667,0.5118446,0.47623107,0.6657634,0.4883433,0.39427572,0.6573046,0.728349,0.66999424,0.30038863,0.7547295,0.7144975,0.75832915,0.2342295,0.75545,0.62426025,0.7587485,0.42858148,Stable
0.37378296,0.5104029,0.47905934,0.6643901,0.4886676,0.3948134,0.6685206,0.73150873,0.6728903,0.29972702,0.75879467,0.7182774,0.76128507,0.23651902,0.76369566,0.61737347,0.76566404,0.42499423,Stable
0.37452233,0.50222135,0.47464213,0.6616246,0.48465905,0.3967261,0.6542158,0.72487247,0.666113,0.30256456,0.7553401,0.7153417,0.7662131,0.21817678,0.7595019,0.6088728,0.7620574,0.41135454,Stable
0.36587298,0.49963754,0.47222733,0.659348,0.48474237,0.38833746,0.651963,0.7264515,0.660805,0.29811138,0.75184363,0.6984825,0.75666213,0.22039048,0.75005794,0.6196681,0.75147355,0.42366168,Stable
0.36589283,0.49965763,0.4722471,0.6593589,0.4848971,0.38843483,0.651788,0.72647756,0.66079277,0.2981422,0.7516994,0.6985094,0.7566843,0.22024736,0.7500262,0.6196634,0.75142854,0.4236853,Stable
0.36633575,0.49775037,0.47275472,0.66172373,0.48246711,0.38887104,0.6638944,0.73041624,0.6600832,0.2999266,0.7587949,0.71727705,0.76122355,0.2146446,0.7576153,0.61652726,0.7553146,0.41320783,Stable
0.3671782,0.49481565,0.47332376,0.66207266,0.48622066,0.38941628,0.6647853,0.7278608,0.66691256,0.30125207,0.7594571,0.71585655,0.7668102,0.2154511,0.7642772,0.61387384,0.7639284,0.4091819,Stable
0.37038812,0.4964834,0.471009,0.6610913,0.48158544,0.38905424,0.6620705,0.7310636,0.66955924,0.30067182,0.7577245,0.70280236,0.7654883,0.22064683,0.7588359,0.61446,0.76168764,0.41357884,Stable
0.3720848,0.49516007,0.46881625,0.65862083,0.48220226,0.39183134,0.6490975,0.7302482,0.6689843,0.3013909,0.75585264,0.7226641,0.7643339,0.2296367,0.7594241,0.61704886,0.7608487,0.41502762,Stable
0.37162814,0.49522758,0.4687967,0.65862167,0.48217842,0.39169252,0.6491895,0.73030466,0.6690258,0.3012667,0.75605863,0.7225151,0.76430917,0.22950426,0.7594154,0.61705595,0.76083565,0.4150411,Stable
0.37110233,0.49663687,0.47188354,0.66179276,0.4836623,0.38853854,0.6571001,0.7326032,0.6711248,0.3009752,0.7547578,0.7370471,0.76417106,0.22632818,0.7576128,0.61715704,0.7555214,0.41164267,Stable
0.3676411,0.49689758,0.47108686,0.6622192,0.48463106,0.38742325,0.65728974,0.7353935,0.6665358,0.29860914,0.7567024,0.7041658,0.7663752,0.2210027,0.75713515,0.6195563,0.7560072,0.41066957,Stable
0.36931837,0.49852502,0.47237587,0.66207564,0.4862948,0.39083374,0.65629184,0.7301275,0.66538256,0.30043685,0.7571096,0.72595376,0.7679569,0.21771471,0.7662035,0.61581284,0.7671208,0.40688765,Stable
0.37009296,0.49852142,0.4749238,0.6619107,0.48579884,0.39008662,0.65803176,0.7326927,0.67066014,0.29789758,0.75866526,0.71979785,0.76989573,0.22453648,0.76512617,0.616652,0.76765513,0.40741953,Stable
0.3702088,0.49849194,0.4749254,0.6619323,0.4858533,0.39009842,0.65798235,0.73266286,0.6707148,0.29787564,0.7585614,0.71971655,0.7699067,0.22467008,0.76501364,0.6166605,0.76756996,0.4074106,Stable
0.374672,0.49588466,0.47826916,0.6588024,0.4822327,0.38850737,0.6626288,0.7297313,0.6646352,0.2997001,0.75729793,0.71954125,0.7593405,0.2234715,0.7599343,0.6152812,0.76392287,0.41080028,Stable
0.3746258,0.50116086,0.4776271,0.655468,0.4834175,0.38931963,0.6497145,0.71816623,0.6615082,0.30010647,0.7570757,0.71873516,0.7534034,0.23339216,0.7561555,0.61390936,0.7569884,0.41281447,Stable
0.37534237,0.50197136,0.47727156,0.6561418,0.4840034,0.39196774,0.6573522,0.72808254,0.67034054,0.30084863,0.75701064,0.7124104,0.7606086,0.2314437,0.7620295,0.6161729,0.76509756,0.4146917,Stable
0.3735013,0.5034614,0.48037893,0.65649444,0.48451775,0.39376324,0.6569351,0.7295648,0.6620388,0.30102104,0.7567829,0.6968775,0.7652539,0.21893156,0.76259863,0.61238146,0.7640723,0.41065103,Stable
0.37346148,0.50347185,0.48033053,0.65643734,0.4844899,0.3938777,0.6568005,0.7294845,0.6618782,0.30106103,0.7568049,0.6968838,0.76510113,0.21862072,0.7623719,0.6123953,0.7638453,0.41077805,Stable
0.37340754,0.50275147,0.47743616,0.65433717,0.48754817,0.39156052,0.65737224,0.72576857,0.6624681,0.29911634,0.75474614,0.69915843,0.7563623,0.21915087,0.76363707,0.61334836,0.7662122,0.4124962,Stable
0.36882564,0.49782616,0.48060513,0.6563048,0.48603982,0.39073193,0.6675157,0.72600853,0.6600586,0.29980093,0.7591537,0.68913627,0.7613473,0.22090712,0.7697155,0.60695535,0.7674289,0.4042738,Stable
0.36730632,0.49481007,0.47923574,0.6527803,0.48374945,0.38757992,0.6705128,0.72505784,0.6622518,0.2970641,0.7563808,0.6985819,0.75528973,0.2207915,0.7680203,0.6081189,0.7685776,0.40101212,Stable
0.3685367,0.49015778,0.4776674,0.65013003,0.48710787,0.38428375,0.65944856,0.72297704,0.6584367,0.2956613,0.75660557,0.70564264,0.76188344,0.21972853,0.7672228,0.60787296,0.7690663,0.40200529,Stable
0.36863482,0.48986614,0.47759697,0.65011376,0.48709318,0.38437456,0.659425,0.722964,0.6583805,0.29561323,0.7565527,0.705496,0.76170987,0.21972874,0.76707095,0.60790277,0.7689508,0.4021047,Stable
0.36831456,0.4901267,0.47783348,0.65127105,0.48712832,0.3881032,0.66815567,0.71750116,0.6590227,0.29986364,0.7590303,0.70390356,0.76215637,0.22399269,0.77147883,0.6079743,0.7720084,0.4069167,Stable
0.37244397,0.49227118,0.48056817,0.651613,0.4865342,0.38562143,0.66017586,0.72630495,0.6709641,0.2979892,0.75662416,0.7148588,0.74880546,0.23474775,0.7677731,0.6120571,0.7670102,0.4033149,Stable
0.3679489,0.49679244,0.4801931,0.6511296,0.48397726,0.3858586,0.65872157,0.7273838,0.6664696,0.29941893,0.75570726,0.73619914,0.7565298,0.23164093,0.763271,0.60925114,0.76445794,0.4026177,Stable
0.3667605,0.4997023,0.4817989,0.6557857,0.48350215,0.38785976,0.66642654,0.7245862,0.6759764,0.29584873,0.7566363,0.7274968,0.7550308,0.23419033,0.7620196,0.60919935,0.76588863,0.40615505,Stable
0.36667174,0.49964422,0.48186165,0.6558473,0.48338765,0.38786638,0.66659397,0.72468114,0.67590845,0.29591176,0.7566019,0.72731376,0.7552943,0.23404716,0.76226604,0.6092718,0.7660537,0.40610474,Stable
0.36719355,0.49665082,0.4840364,0.6542733,0.48536998,0.3861737,0.6842016,0.7306204,0.6716168,0.29830605,0.7579063,0.7355398,0.76433134,0.2260978,0.77010226,0.6014879,0.7678861,0.3922742,Stable
0.37119234,0.49203533,0.48489052,0.65650624,0.48230487,0.38370857,0.6777915,0.7221836,0.6523316,0.29914472,0.75989616,0.7102672,0.75105,0.22956163,0.7713537,0.60101306,0.76947534,0.4010694,Stable
0.37043446,0.48899338,0.4870702,0.6557786,0.4833798,0.3837465,0.6765212,0.7193533,0.6539663,0.29823646,0.75855607,0.70383286,0.75017446,0.2275624,0.7687316,0.59794843,0.76482654,0.39971888,Stable
0.37175548,0.49122736,0.4851225,0.65410143,0.48480055,0.38677844,0.67088884,0.7209675,0.65671194,0.3015194,0.757458,0.70485103,0.7606568,0.22107145,0.76598513,0.5967474,0.7629919,0.40039906,Stable
0.37171203,0.49124393,0.48518655,0.65411675,0.4848395,0.386805,0.67101824,0.7207863,0.6568192,0.30144668,0.75760686,0.70515865,0.7605194,0.22115588,0.76620764,0.5966586,0.7631142,0.40039572,Stable
0.3676462,0.4928496,0.48768482,0.6579076,0.4917099,0.38541907,0.68072677,0.7269077,0.6683766,0.30098397,0.75570655,0.7066762,0.7580255,0.23118147,0.7654759,0.6063913,0.7652596,0.3997963,Stable
0.3690682,0.4950418,0.4875478,0.6570063,0.4904865,0.38742515,0.6774657,0.72772276,0.66425014,0.30154076,0.76209927,0.71873343,0.744475,0.24013722,0.7644967,0.60939276,0.7644087,0.4063868,Stable
0.36795443,0.49682647,0.48604056,0.6563012,0.48971152,0.388012,0.67775095,0.7218203,0.67260754,0.29746222,0.7561705,0.7123341,0.75489926,0.23316804,0.7653837,0.60902786,0.76660085,0.40535164,Stable
0.37016213,0.49794096,0.4863157,0.6578561,0.48902988,0.3894512,0.67518735,0.7296052,0.6745452,0.2995636,0.7515787,0.703376,0.76336354,0.23116001,0.7659797,0.6124384,0.76878166,0.4066211,Stable
0.37004742,0.49776956,0.48626298,0.6577627,0.48913175,0.38955122,0.6751532,0.72961974,0.6743591,0.29966235,0.7516291,0.7032387,0.7634301,0.23122212,0.7660849,0.61243963,0.7688314,0.40666544,Stable
0.362738,0.49506113,0.48265147,0.6556715,0.48518217,0.3836347,0.6692927,0.7177955,0.65838575,0.2991478,0.7507627,0.71633756,0.75308096,0.23337844,0.7673289,0.6111162,0.76722217,0.40310222,Stable
0.36748514,0.49133906,0.4887532,0.65639514,0.48429868,0.38290533,0.6828376,0.7174985,0.66086787,0.2957836,0.7570808,0.69637215,0.75802034,0.22340152,0.7648503,0.6092107,0.7638976,0.40375137,Stable
0.362364,0.49118447,0.48803216,0.6557195,0.4831776,0.381008,0.67355335,0.7091836,0.65556043,0.29666278,0.75785774,0.6835644,0.7615521,0.22207743,0.76904273,0.59276724,0.763535,0.398261,Stable
0.36189622,0.49290425,0.48661467,0.6531929,0.48807415,0.38114524,0.67734134,0.72883105,0.67030376,0.2930231,0.7566945,0.6983477,0.7558609,0.22763292,0.76967204,0.6076672,0.7695943,0.40147492,Stable
0.36212477,0.49280107,0.48657125,0.6531255,0.48795253,0.38105735,0.67740154,0.72879887,0.67023325,0.29307693,0.756737,0.69829214,0.75545424,0.22719887,0.76972306,0.60749114,0.7696376,0.40147436,Stable
0.3631249,0.4935094,0.49005565,0.6570595,0.4893191,0.38524652,0.68644905,0.73004866,0.66683984,0.2981275,0.75712633,0.6875266,0.75863564,0.232773,0.7758512,0.6089319,0.77466077,0.4024195,Stable
0.36126167,0.4954911,0.48654372,0.656211,0.48941588,0.3845037,0.68405104,0.7320506,0.6724595,0.29589334,0.7599813,0.6921172,0.7523862,0.23504005,0.77242875,0.6064198,0.7726947,0.4008348,Stable
0.36408228,0.49156493,0.48490286,0.6544407,0.48247266,0.38203257,0.6846432,0.72444177,0.66280156,0.29422283,0.7584429,0.7050089,0.76488376,0.21380162,0.76599187,0.6107559,0.7648996,0.40241084,Stable
0.36178228,0.48701558,0.48675656,0.6555713,0.48292157,0.3821441,0.69128525,0.72699493,0.66547817,0.29468203,0.7539568,0.71444035,0.76738757,0.21878266,0.76865625,0.6060758,0.7677118,0.39850575,Stable
0.3617247,0.4870823,0.48695254,0.65547264,0.4828858,0.38218993,0.6915107,0.72715557,0.6652749,0.29474118,0.75410336,0.71401596,0.76733804,0.21880564,0.76879025,0.6060612,0.7678689,0.39860603,Stable
0.36270374,0.4896943,0.484093,0.6561436,0.4849391,0.38339683,0.66748,0.72114646,0.66331184,0.2982716,0.7591425,0.71697855,0.76327515,0.22116795,0.7685279,0.61133,0.769185,0.40564442,Stable
0.35748637,0.49557552,0.48737177,0.6605954,0.49090093,0.3826288,0.6774911,0.7267314,0.6667603,0.3003139,0.75851125,0.71787155,0.7639891,0.22634661,0.77310693,0.61331534,0.77325916,0.40331268,Stable
0.35833126,0.49699244,0.4844074,0.6663727,0.48416921,0.38761163,0.66478103,0.72865033,0.6603577,0.3037701,0.7520902,0.72354174,0.7640164,0.2300369,0.7614325,0.6164855,0.764925,0.41310883,Stable
0.35820544,0.49701652,0.48444065,0.66635656,0.48412102,0.38764867,0.6649878,0.728688,0.6603081,0.30381334,0.7523674,0.72328323,0.7639863,0.22999959,0.7617111,0.61623865,0.76500887,0.41291904,Stable
0.35681486,0.5072409,0.4893406,0.6710708,0.48454732,0.39110947,0.6763937,0.736406,0.66041017,0.30652812,0.75333226,0.7005979,0.7638359,0.2429935,0.7677766,0.6172404,0.76745385,0.4139943,Stable
0.3524457,0.5154317,0.4855535,0.6691958,0.4791392,0.394108,0.6674216,0.7320787,0.6592562,0.3053372,0.74987376,0.7217269,0.759295,0.24621019,0.7616888,0.6161327,0.75833935,0.4233728,Stable
0.35292935,0.52004224,0.49011028,0.6741147,0.4771881,0.39717683,0.6766465,0.7336308,0.65528554,0.30610412,0.750309,0.7204482,0.76236767,0.24311504,0.76320404,0.619589,0.7623431,0.41361392,Stable
0.3482746,0.52182865,0.4899927,0.67689395,0.47768658,0.40281257,0.67812455,0.73491704,0.6546805,0.30786976,0.7509739,0.6998738,0.7672683,0.22953281,0.7660281,0.61523986,0.7591037,0.4096659,Stable
0.34826887,0.52179885,0.48994756,0.67683405,0.47765645,0.4028185,0.67807376,0.7348521,0.65460145,0.30790895,0.7509746,0.7001414,0.7672185,0.22968559,0.7660601,0.6152888,0.7591708,0.40980768,Stable
0.34875304,0.5231177,0.48906955,0.6810937,0.47772884,0.40328604,0.6943145,0.7424799,0.6551964,0.31246924,0.7551547,0.714278,0.76607,0.22818935,0.76730514,0.6210574,0.76228726,0.41381514,Stable
0.34736884,0.5239728,0.4876147,0.6834926,0.47996193,0.3998092,0.69115674,0.74134487,0.6619061,0.3042638,0.7591049,0.6974074,0.7588925,0.24887006,0.76670134,0.625439,0.7638852,0.42850286,Stable
0.3486228,0.52346957,0.48890063,0.6803097,0.48069033,0.40037066,0.69369507,0.74993145,0.6594466,0.31061405,0.75621605,0.7222802,0.7630667,0.25028232,0.7687037,0.621438,0.76143265,0.42570162,Stable
0.35097918,0.5234809,0.48859876,0.68129456,0.47973272,0.3961708,0.68312544,0.7449681,0.66890883,0.3027772,0.75710195,0.7171084,0.7629652,0.24413002,0.7634327,0.6233305,0.76461935,0.41473556,Stable
0.35090435,0.52369237,0.48843235,0.6811149,0.479936,0.39616907,0.68330395,0.74500036,0.6686942,0.30314165,0.75711334,0.71767795,0.76254666,0.24433051,0.7635149,0.6235671,0.7647294,0.41431984,Stable
0.3548653,0.51869196,0.4863909,0.68024087,0.48106658,0.3965962,0.6653489,0.74660677,0.66081065,0.30712846,0.7566651,0.73854685,0.76352525,0.24327412,0.76149285,0.6338196,0.7652811,0.42882097,Stable
0.36038822,0.52417636,0.4883501,0.68612117,0.4806,0.40190673,0.67271155,0.7489857,0.66393864,0.31078148,0.750497,0.7252301,0.7641144,0.2446888,0.76142216,0.63270247,0.76093954,0.4309029,Stable
0.35624915,0.52810144,0.48769438,0.6831893,0.4790803,0.40563878,0.6707351,0.7440859,0.658008,0.31694067,0.75488544,0.72324246,0.769658,0.23213944,0.7692949,0.62530875,0.76735115,0.43261993,Stable
0.36292788,0.5293611,0.49604052,0.690365,0.4813459,0.40432644,0.6957152,0.7490813,0.66412675,0.31207627,0.7578818,0.6894858,0.7680813,0.23003656,0.76922697,0.6233181,0.76451766,0.42795736,Stable
0.36306962,0.52924365,0.49603975,0.690386,0.48135754,0.40427038,0.69589734,0.74912065,0.66421354,0.31188157,0.75790393,0.6895048,0.7681434,0.2300341,0.76938885,0.62327373,0.76469076,0.42783558,Minimum Sway
0.3650013,0.529343,0.49881446,0.68968093,0.48710987,0.40307933,0.7013046,0.754514,0.6674055,0.31063142,0.7551381,0.6835897,0.75299305,0.26478294,0.7765063,0.6229601,0.7716253,0.41635257,Minimum Sway
0.3730076,0.53075475,0.5011787,0.6906136,0.48756003,0.40656167,0.7086283,0.75888085,0.66903365,0.3095613,0.75434065,0.65588135,0.75715584,0.27209812,0.78121364,0.6285207,0.7764287,0.4324888,Minimum Sway
0.37280226,0.5362208,0.5037291,0.6894924,0.48833537,0.4088155,0.7120361,0.75977075,0.670457,0.31053936,0.7551946,0.6808245,0.7628714,0.26559493,0.77619094,0.6305307,0.7724955,0.4319451,Minimum Sway
0.37328923,0.53650737,0.5003972,0.6894207,0.48833308,0.40758988,0.6992566,0.7529416,0.6720738,0.31140697,0.7540688,0.6807674,0.75771546,0.2662378,0.77375543,0.6315844,0.7694559,0.4312637,Minimum Sway
0.37324914,0.5364966,0.50044346,0.6894069,0.48841035,0.40752417,0.69915736,0.7528472,0.6725065,0.3112198,0.7540673,0.68062925,0.7575002,0.26633257,0.7737173,0.63162565,0.76944107,0.4313234,Minimum Sway
0.37610358,0.5367574,0.5053991,0.69156766,0.49111438,0.40690458,0.7128205,0.7547993,0.6668112,0.312794,0.7538745,0.67647994,0.7588932,0.270135,0.7757592,0.6253379,0.7696173,0.4190594,Minimum Sway
0.3749832,0.5353473,0.51007104,0.69312775,0.49286574,0.40655965,0.71456426,0.75919986,0.675488,0.3088624,0.76009244,0.7118225,0.75827354,0.2728158,0.77349824,0.62936676,0.7686213,0.4176117,Minimum Sway
0.3799488,0.52984107,0.51193696,0.6899905,0.49350357,0.4070259,0.7193488,0.76064605,0.6773628,0.30462795,0.764955,0.74113524,0.76237553,0.2694921,0.7778735,0.6302819,0.77323496,0.41639358,Minimum Sway
0.383054,0.5297235,0.51037294,0.68697214,0.49531418,0.40834957,0.7186069,0.7551769,0.6827697,0.30122295,0.7540399,0.71579546,0.7574186,0.27576718,0.7729682,0.6259879,0.7678479,0.43019158,Minimum Sway
0.38308728,0.5297356,0.51036793,0.68695825,0.49537608,0.40835556,0.7191198,0.7553997,0.68292975,0.3013619,0.75410557,0.716026,0.7573735,0.27582604,0.77323234,0.62602884,0.76807773,0.43025708,Minimum Sway
0.382451,0.5296846,0.5123963,0.6875706,0.49801993,0.41060016,0.73045295,0.7609448,0.6800319,0.3123904,0.7464094,0.6914278,0.75747293,0.27295268,0.77840155,0.62958306,0.77488893,0.43360317,Minimum Sway
0.3741343,0.5347512,0.5061331,0.6938672,0.49233353,0.41018325,0.72028875,0.7616181,0.6829273,0.31171766,0.7427496,0.67129874,0.76105654,0.2687924,0.7712215,0.64095527,0.7710745,0.43681365,Minimum Sway
0.37587568,0.53686357,0.5106076,0.69753647,0.4938109,0.41060302,0.7150601,0.7502749,0.67597544,0.3144408,0.7470807,0.711306,0.7549553,0.2686479,0.772556,0.62980133,0.7660049,0.43194693,Minimum Sway
0.37356502,0.54006255,0.5107564,0.69360065,0.488971,0.41451165,0.7052399,0.74858344,0.66400826,0.3172134,0.74430335,0.7087459,0.7564901,0.26590008,0.7726728,0.62833184,0.7688526,0.4325086,Minimum Sway
0.37358448,0.53991795,0.5107298,0.6936371,0.4890138,0.41444576,0.70500016,0.7483988,0.664114,0.31712118,0.7442504,0.70886606,0.75645006,0.26592192,0.7726406,0.6283166,0.76882,0.43242365,Minimum Sway
0.37630916,0.54023564,0.5157614,0.6933529,0.48943436,0.4129201,0.7206352,0.7541985,0.6789144,0.3076614,0.73838794,0.69742274,0.756231,0.2746938,0.77021456,0.6277714,0.76626456,0.43191397,Minimum Sway
0.37412882,0.5423714,0.51566887,0.6928913,0.48611683,0.41473958,0.71750665,0.7553656,0.6702086,0.313475,0.7399901,0.7211306,0.7523055,0.2710759,0.77170914,0.6296265,0.7673297,0.4334471,Minimum Sway
0.36724538,0.54322064,0.5135303,0.6966909,0.4868505,0.4154377,0.70621914,0.7461792,0.6658585,0.31716156,0.74127716,0.71836555,0.7507147,0.27540678,0.76093125,0.6345987,0.76351154,0.43384576,Minimum Sway
0.36697865,0.53382945,0.5165409,0.69748294,0.489351,0.41720533,0.7271881,0.7536711,0.6648722,0.3192451,0.74381816,0.67718935,0.75251627,0.2740332,0.777089,0.6235675,0.77110875,0.42882082,Minimum Sway
0.36692137,0.5338668,0.5165334,0.6976055,0.48934793,0.4171897,0.7274479,0.75373757,0.6649951,0.31916332,0.74410367,0.67691296,0.7525927,0.2740768,0.77719253,0.62350273,0.77111024,0.42882967,Minimum Sway
0.3704931,0.5293209,0.51194096,0.6932279,0.4913436,0.41394687,0.74158645,0.7589271,0.66824424,0.31367457,0.72888243,0.69280666,0.7497531,0.27614886,0.77859044,0.6225166,0.77601635,0.4282099,Minimum Sway
0.37154216,0.52955693,0.51381284,0.68799174,0.4958853,0.41229576,0.7331135,0.7560216,0.6784696,0.30642825,0.7346427,0.6709088,0.74989164,0.2701617,0.7784889,0.62141955,0.7750516,0.4204027,Minimum Sway
0.37073013,0.5277085,0.5128684,0.6960348,0.4964914,0.41204366,0.7323483,0.7564714,0.6830463,0.30366737,0.73807657,0.68049043,0.75009096,0.27324593,0.77764857,0.6210847,0.77373934,0.42074257,Minimum Sway
0.36729568,0.52817607,0.5123007,0.6995212,0.48979315,0.41128302,0.7296011,0.7580027,0.67753685,0.31108415,0.7450367,0.6816206,0.75475645,0.27514476,0.77881116,0.62103075,0.7734634,0.4214822,Minimum Sway
0.36736998,0.5280372,0.51249003,0.6994745,0.48985144,0.41129553,0.7301995,0.75805175,0.67720735,0.31088006,0.7449884,0.6820724,0.754822,0.2751547,0.7788925,0.6209243,0.77356815,0.4212913,Minimum Sway
0.3648221,0.5266837,0.510031,0.69442546,0.49276206,0.40977627,0.7114717,0.7543716,0.6747446,0.31296358,0.74561846,0.6615286,0.75197756,0.27554494,0.7779767,0.6204938,0.77190745,0.4199683,Minimum Sway
0.35998434,0.5282795,0.50708854,0.6915915,0.4892888,0.40883785,0.7170345,0.75266904,0.67233026,0.31341076,0.7444334,0.6707107,0.7498809,0.27526057,0.7765426,0.6213391,0.77116036,0.42560154,Minimum Sway
0.3581891,0.52779543,0.51070404,0.6950232,0.48940486,0.40890074,0.7154875,0.7487051,0.66568255,0.31671968,0.7506446,0.6781625,0.74798816,0.27902555,0.7730502,0.6338815,0.7693211,0.42886317,Minimum Sway
0.3591404,0.5290009,0.50952536,0.69467133,0.4825685,0.4134129,0.70941615,0.75315976,0.6628332,0.31764385,0.74434304,0.6815715,0.75099415,0.26995483,0.7749623,0.6245614,0.7680203,0.43212157,Minimum Sway
0.35925597,0.5288887,0.50975806,0.6948122,0.48249778,0.41327235,0.71024173,0.75349796,0.6627603,0.31768525,0.744444,0.6814415,0.75092375,0.26990834,0.7750857,0.6245331,0.7681552,0.43205798,Minimum Sway
0.35735807,0.53304565,0.516521,0.7002027,0.48690984,0.4131864,0.7276692,0.75754327,0.66247505,0.31784952,0.74402165,0.6835829,0.7461168,0.27643007,0.7772278,0.62103355,0.7703974,0.42623731,Minimum Sway
0.36382097,0.53988165,0.51676476,0.7039869,0.48842928,0.4155954,0.73767346,0.7645056,0.6698948,0.31700736,0.74548984,0.68368953,0.7471703,0.27579206,0.7758927,0.6208313,0.77135134,0.4196812,Minimum Sway
0.36284047,0.53866535,0.5155787,0.70972794,0.49210173,0.4139169,0.74532115,0.7679899,0.6766958,0.315682,0.7366613,0.6925754,0.74551886,0.2914057,0.7743485,0.62318873,0.7712765,0.42862317,Minimum Sway
0.36035794,0.54652846,0.5146119,0.71007437,0.4896917,0.41502273,0.74105155,0.76456594,0.6687536,0.3266626,0.74513,0.6860425,0.7493992,0.29753113,0.7720267,0.637879,0.77357745,0.43547305,Minimum Sway
0.3603153,0.5464814,0.5143867,0.7098622,0.48960146,0.41507423,0.7406122,0.7641026,0.6687504,0.32668456,0.74501204,0.6861042,0.74931693,0.29739213,0.77175474,0.63797337,0.7734617,0.43574083,Minimum Sway
0.358662,0.5500892,0.5118646,0.715351,0.4869586,0.42099786,0.74384975,0.7747642,0.6658982,0.32886264,0.7251298,0.715412,0.74840415,0.29461342,0.76905435,0.6378449,0.7670166,0.43536425,Minimum Sway
0.35316122,0.5525274,0.5088002,0.71473855,0.48945457,0.4195046,0.74703383,0.7750149,0.6751137,0.31908065,0.73804855,0.6994898,0.7557738,0.2885129,0.7710809,0.64107776,0.7700929,0.4393034,Minimum Sway
0.3552862,0.5550028,0.50724876,0.7220437,0.4930573,0.42639518,0.7379665,0.7798547,0.66990423,0.32276437,0.73771083,0.7184833,0.7468748,0.2957731,0.7728454,0.6553543,0.7694719,0.45055866,Minimum Sway
0.35420212,0.5575094,0.50108844,0.724678,0.48960182,0.43000978,0.73432875,0.7883663,0.66644764,0.32430744,0.74062383,0.7156975,0.7516147,0.292333,0.77207583,0.65658164,0.769398,0.45173594,Minimum Sway
0.35431522,0.5571953,0.50102496,0.7247194,0.48942608,0.4300772,0.7341975,0.78828025,0.6663507,0.32441148,0.7405542,0.7159037,0.7515974,0.29220888,0.77187055,0.65654373,0.76922774,0.45173225,Minimum Sway
0.35338482,0.56129116,0.50624186,0.7283785,0.49063462,0.42261308,0.7449913,0.793688,0.672886,0.32164413,0.74352705,0.71454585,0.7589464,0.2848076,0.77292293,0.64790773,0.7690181,0.4403537,Minimum Sway
0.35376796,0.56199586,0.50171065,0.7324692,0.48543903,0.42842564,0.7358698,0.7957622,0.67270464,0.32619768,0.7493565,0.7079315,0.7604908,0.29844424,0.7648248,0.66071165,0.7634572,0.45129567,Minimum Sway
0.35311216,0.56471133,0.50811416,0.7354156,0.4848966,0.43194705,0.7408647,0.7946199,0.66469353,0.32766873,0.7500178,0.70724344,0.7519764,0.29154646,0.7664828,0.660324,0.7630514,0.43811673,Minimum Sway
0.35806644,0.5663898,0.51070774,0.73492384,0.47955668,0.43540773,0.73800325,0.8012473,0.668282,0.32696268,0.7515113,0.7145647,0.7626287,0.27009073,0.7670304,0.6479755,0.7633938,0.44162887,Minimum Sway
0.35824236,0.56638145,0.51077485,0.73498154,0.47974563,0.4351537,0.7381837,0.80125237,0.66857094,0.3268163,0.75140184,0.71460265,0.76270527,0.26987556,0.76691693,0.647794,0.7633245,0.44136307,Minimum Sway
0.36169064,0.566447,0.50764644,0.73198986,0.48485586,0.43671364,0.740857,0.79678047,0.6763386,0.3253894,0.7522966,0.7148776,0.7624569,0.26183155,0.7631323,0.65241706,0.7606665,0.4437062,Minimum Sway
0.36113578,0.56652784,0.5094732,0.7310297,0.4844998,0.43465504,0.7411925,0.8002403,0.675409,0.32474428,0.7535905,0.71218824,0.76411664,0.2537737,0.7691399,0.6485644,0.7637422,0.43943697,Minimum Sway
0.36224824,0.56663036,0.5122021,0.7341754,0.48283464,0.43738073,0.7383704,0.80673563,0.66459703,0.3305216,0.7536491,0.7349379,0.7628314,0.24602693,0.7713074,0.6523432,0.7621621,0.4427745,Minimum Sway
0.3646813,0.56526375,0.5090523,0.73538804,0.48253438,0.43723774,0.7356128,0.81071305,0.6752486,0.32757753,0.75490093,0.75875854,0.7643869,0.23817383,0.7721588,0.65190184,0.76281303,0.4456318,Minimum Sway
0.36471197,0.56525993,0.50914884,0.73533094,0.48266098,0.43729588,0.73579663,0.8108143,0.67535627,0.32748562,0.75490373,0.7586776,0.7644803,0.23811576,0.7722149,0.6516415,0.76285475,0.44547504,Minimum Sway
0.36487305,0.5672088,0.50743204,0.7349676,0.4850796,0.44067234,0.7398905,0.81476223,0.6661165,0.33172613,0.7514581,0.7600993,0.75628567,0.2510866,0.77711195,0.6465981,0.7686683,0.44491577,Minimum Sway
0.36714113,0.5658511,0.5031605,0.7329056,0.4842953,0.44128847,0.73723745,0.8123374,0.6653119,0.3355322,0.7405149,0.78003234,0.75529283,0.24985966,0.7755153,0.64769685,0.76679575,0.44243717,Minimum Sway
0.36550963,0.5662892,0.5047656,0.7335737,0.48625296,0.4385273,0.73752373,0.8138435,0.668293,0.3318467,0.7537264,0.75426364,0.7489389,0.25616914,0.7749734,0.64669436,0.7677741,0.445351,Minimum Sway
0.36486745,0.5566141,0.50784355,0.7289778,0.4857801,0.44047567,0.7296591,0.8069265,0.6650113,0.33252805,0.7547824,0.69485116,0.7403636,0.26439473,0.7718932,0.6423565,0.7646918,0.44135436,Minimum Sway
0.36487746,0.55666673,0.50784975,0.7289562,0.48580843,0.44050524,0.7296046,0.8069649,0.66502845,0.33251494,0.75475204,0.6951915,0.74033844,0.26435614,0.7717826,0.64239955,0.764647,0.44143486,Minimum Sway
0.36850798,0.5509751,0.5075518,0.72673553,0.48809868,0.4340551,0.7301871,0.80797327,0.66180956,0.32827896,0.7506542,0.7603842,0.7332498,0.26585588,0.7767827,0.648091,0.7687441,0.4441278,Minimum Sway
0.36479473,0.5522312,0.5083936,0.72022265,0.49187928,0.4316084,0.72371054,0.7997694,0.6593757,0.3212288,0.74642485,0.7569968,0.725711,0.2607411,0.7726235,0.6417501,0.7645525,0.43424207,Minimum Sway
0.36415288,0.5473685,0.5120387,0.71630347,0.49458545,0.42456055,0.7332806,0.7974824,0.6639941,0.31705618,0.7477948,0.7560544,0.7374589,0.27455452,0.7740903,0.64181745,0.7704958,0.43689987,Minimum Sway
0.36499032,0.5429713,0.5091089,0.71538544,0.49690196,0.42462224,0.7321954,0.79679453,0.6714709,0.3162932,0.75229704,0.74629706,0.7445566,0.27002105,0.78214425,0.64275515,0.7757095,0.43419594,Minimum Sway
0.36498138,0.5429678,0.50899744,0.7154502,0.49678624,0.42466813,0.7320808,0.79708517,0.6712502,0.31625473,0.7526194,0.7469153,0.7444677,0.26999864,0.7817678,0.64269364,0.77533424,0.43423352,Minimum Sway
0.36463687,0.54114145,0.50979614,0.7169677,0.49661693,0.4256556,0.7407887,0.7968792,0.6677549,0.324471,0.7520758,0.7489793,0.73558927,0.28012598,0.780888,0.62890494,0.7722597,0.43086085,Minimum Sway
0.3657988,0.5432813,0.50388765,0.71691084,0.49331504,0.42869338,0.7142396,0.7915513,0.66638494,0.33151752,0.75707763,0.759928,0.73817104,0.27727053,0.77194804,0.6335824,0.76688474,0.43928975,Minimum Sway
0.36774832,0.5435993,0.50105345,0.7101266,0.49433094,0.4322393,0.708048,0.7906811,0.6617789,0.33502412,0.7532488,0.75810665,0.7491964,0.27562812,0.7720975,0.64352375,0.7704074,0.44018948,Minimum Sway
0.36694127,0.54419315,0.49742287,0.7129661,0.4899157,0.43364954,0.67908645,0.7798748,0.6596396,0.33564335,0.7560953,0.7597209,0.7312936,0.28409445,0.7708272,0.64386386,0.7673136,0.44261456,Minimum Sway
0.36713207,0.54440224,0.49757668,0.7130339,0.48992383,0.4337322,0.67943066,0.7799412,0.65953463,0.33576092,0.75621855,0.7596196,0.7314421,0.28398722,0.7708894,0.64388454,0.76734805,0.44259056,Minimum Sway
0.3722155,0.5466517,0.49988574,0.719474,0.48950058,0.43445802,0.7180772,0.7949702,0.66421807,0.33368808,0.74296826,0.7555629,0.7352494,0.28524724,0.76997375,0.64421594,0.76474166,0.44720933,Minimum Sway
0.36999702,0.549231,0.4991561,0.7215957,0.48908722,0.43635768,0.7152151,0.7928227,0.65961534,0.3396241,0.736808,0.7503959,0.7448354,0.27919775,0.7691932,0.63589245,0.7635789,0.43798012,Minimum Sway
0.369783,0.552786,0.49727994,0.72286457,0.4890437,0.43881425,0.7170352,0.7961236,0.66061205,0.33899778,0.7367801,0.7560889,0.73862827,0.28743973,0.7712776,0.6447734,0.7663042,0.4479152,Minimum Sway
0.36838543,0.5522479,0.4916808,0.72596616,0.48634225,0.43954486,0.72047806,0.7944689,0.6657829,0.33571833,0.71115565,0.75501436,0.7470143,0.27880636,0.7715889,0.6403646,0.7661873,0.44140315,Minimum Sway
0.36858106,0.5516581,0.4916372,0.7258673,0.48622093,0.4397963,0.7203586,0.7943914,0.66554874,0.3359186,0.711059,0.75497687,0.74634635,0.28390473,0.77132285,0.6400448,0.7657384,0.448852,Minimum Sway
0.36519834,0.5568223,0.4941003,0.7272334,0.48470175,0.44508725,0.71638477,0.7938297,0.66355807,0.33818996,0.73534507,0.75793713,0.7545802,0.28869078,0.7723824,0.6563509,0.7654017,0.4547875,Minimum Sway
0.36277235,0.5606879,0.49456042,0.7250911,0.48536628,0.4445799,0.70952404,0.7941727,0.66315746,0.3383566,0.7144148,0.7581765,0.7560861,0.28790885,0.7758608,0.6425402,0.7677421,0.4540254,Minimum Sway
0.36229026,0.5669916,0.49160272,0.72291464,0.48411483,0.44098935,0.7042228,0.79051816,0.6580673,0.3419423,0.68061703,0.7637021,0.7384483,0.29524523,0.7706063,0.65638494,0.76472586,0.4525681,Minimum Sway
0.3617832,0.5676069,0.4913038,0.72306335,0.48220587,0.43963262,0.7057581,0.79181,0.6596871,0.34137186,0.72277594,0.7560939,0.75922954,0.27909157,0.7709369,0.65242875,0.7646951,0.45239708,Minimum Sway
0.36185452,0.567675,0.49139076,0.7230716,0.48227108,0.4395444,0.70590186,0.79183614,0.6599891,0.34114477,0.72282386,0.7560606,0.7592894,0.2793465,0.77104115,0.65257454,0.764755,0.4524516,Minimum Sway
0.35916778,0.5629473,0.48744568,0.7211711,0.47954163,0.43871176,0.68781775,0.7877378,0.65677536,0.34007013,0.6856203,0.7506262,0.7559368,0.28171232,0.7678783,0.63701487,0.7589306,0.44853288,Minimum Sway
0.3650928,0.55701274,0.48382878,0.7242998,0.4818034,0.4402501,0.6995169,0.79528064,0.6625083,0.33735225,0.72251487,0.75173396,0.7591638,0.2806964,0.7703361,0.6517229,0.7649533,0.45269173,Minimum Sway
0.36212036,0.555443,0.4859451,0.72406805,0.48375964,0.44144142,0.7075435,0.7957951,0.6570678,0.34122473,0.73346364,0.75749177,0.743453,0.28971955,0.7746405,0.63852394,0.76609486,0.45043096,Minimum Sway
0.36553723,0.55284953,0.48610553,0.72906864,0.48267218,0.44087598,0.7148429,0.7987682,0.66183,0.33877096,0.7355789,0.7394957,0.75962055,0.27569646,0.7730242,0.64131224,0.7659104,0.45164403,Minimum Sway
0.36550122,0.5527511,0.48612303,0.72910786,0.4826849,0.44097835,0.71493876,0.7987706,0.66188276,0.33874688,0.7355646,0.73942584,0.75965,0.275787,0.77298427,0.64144975,0.76585954,0.45174664,Minimum Sway
0.36363193,0.5588273,0.48752838,0.72360986,0.48168963,0.4423586,0.7085892,0.7982105,0.66234285,0.33846653,0.7362652,0.7586254,0.74692416,0.29359248,0.76933324,0.64949334,0.76505196,0.45232114,Minimum Sway
0.36257458,0.5548871,0.48346147,0.7264433,0.48383424,0.43797287,0.7097001,0.80287683,0.6590718,0.33802342,0.7476684,0.7561507,0.7575404,0.28039953,0.77175874,0.6568997,0.76435137,0.45912,Minimum Sway
0.36247772,0.55810845,0.48997903,0.72571194,0.48394948,0.43754113,0.70756215,0.79848015,0.66262037,0.33470535,0.751461,0.7331499,0.75288343,0.2778207,0.7688121,0.6537149,0.76392555,0.45663399,Minimum Sway
0.35831988,0.5684522,0.49033314,0.72325623,0.48695874,0.4359789,0.71423733,0.79740345,0.66095215,0.33442014,0.7489524,0.725636,0.7538425,0.27355734,0.7710339,0.6527778,0.76368064,0.4544091,Minimum Sway
0.35820973,0.56848,0.49032092,0.72322893,0.48697627,0.43604088,0.7142708,0.79737484,0.6607661,0.3345405,0.748836,0.7254269,0.75385326,0.2734458,0.7711822,0.65277493,0.7637639,0.4544172,Minimum Sway
0.3550907,0.5707241,0.49182492,0.72487295,0.4878523,0.4306416,0.7258291,0.8022978,0.6734896,0.3189482,0.741765,0.73334754,0.75585985,0.279091,0.76571023,0.6548598,0.7592861,0.45206198,Minimum Sway
0.35943732,0.57368684,0.4934395,0.7255406,0.48915625,0.42816234,0.7321839,0.8043911,0.68184173,0.3124537,0.73235965,0.7333609,0.7578572,0.27073228,0.7710345,0.6533741,0.7623641,0.44072315,Minimum Sway
0.35719168,0.5728241,0.49495465,0.72993463,0.48965287,0.42857546,0.732504,0.7992252,0.6868913,0.31208962,0.72548723,0.73601526,0.75812364,0.27281004,0.772474,0.65366054,0.7640285,0.43850955,Minimum Sway
0.35975516,0.57396346,0.49205333,0.72531366,0.4871263,0.43293735,0.7289264,0.79609907,0.66599345,0.3213675,0.7473202,0.7585663,0.74405235,0.27363718,0.7683495,0.6519443,0.7610334,0.44667947,Minimum Sway
0.3597725,0.57390374,0.49220762,0.7253291,0.4872664,0.43283722,0.72894734,0.7960972,0.6660453,0.32121173,0.74686974,0.7586409,0.7437149,0.27387187,0.7684287,0.65195537,0.76113033,0.44665837,Minimum Sway
0.3631758,0.5734701,0.4984593,0.72319424,0.49097437,0.4289677,0.73742914,0.7949133,0.6803884,0.314892,0.72887886,0.7523532,0.7448864,0.29418227,0.76720226,0.64746046,0.7622911,0.43775797,Minimum Sway
0.36259997,0.5730838,0.49650836,0.7203325,0.49408364,0.42722762,0.7342558,0.7960901,0.6812357,0.31189162,0.7518739,0.75770307,0.7448351,0.29525092,0.7725971,0.63904285,0.76705706,0.4367224,Minimum Sway
0.36204284,0.5745843,0.49843055,0.72300947,0.4922586,0.42824256,0.73969597,0.7970084,0.69131655,0.31197894,0.742154,0.7570974,0.7496095,0.2928524,0.77234006,0.6403516,0.76547873,0.44056416,Minimum Sway
0.3598195,0.57516026,0.5055773,0.7294855,0.49115866,0.43305373,0.7438888,0.80131876,0.6806798,0.3165818,0.7321412,0.73497957,0.74820113,0.29264545,0.7753014,0.6561797,0.76829666,0.44961417,Minimum Sway
0.35983723,0.5751302,0.50565076,0.7294714,0.4911639,0.43306264,0.7438028,0.8014299,0.68052715,0.31663132,0.7320727,0.73494554,0.7482161,0.29256043,0.7753273,0.65624565,0.7683635,0.44969118,Minimum Sway
0.36130476,0.5757817,0.4944027,0.72362053,0.49007517,0.43454382,0.73532534,0.79056424,0.6693102,0.32427692,0.70615387,0.7547637,0.75147855,0.27560708,0.77277505,0.6526287,0.763122,0.44893813,Minimum Sway
0.3608492,0.574342,0.4990221,0.72510046,0.49159986,0.42721948,0.74242586,0.7943007,0.68058103,0.31383556,0.7306305,0.7553792,0.7500558,0.28016168,0.7688962,0.65633047,0.7603972,0.4470423,Minimum Sway
0.35922346,0.5751473,0.5023383,0.72753495,0.4916792,0.42981133,0.74011153,0.7967061,0.6741451,0.31716228,0.7391333,0.76387715,0.74985456,0.2757271,0.76787543,0.6583515,0.7585582,0.44943452,Minimum Sway
0.3623621,0.5764322,0.5089186,0.7264204,0.49224445,0.4346212,0.74387145,0.80438006,0.6754775,0.31685042,0.73830914,0.781485,0.7573547,0.27750707,0.7692001,0.652894,0.7612542,0.45000634,Minimum Sway
0.36251706,0.576373,0.50909436,0.7264104,0.49224216,0.434512,0.74382824,0.8043732,0.6753186,0.31692597,0.73838246,0.78144854,0.7572913,0.2775656,0.76920104,0.6527632,0.7612649,0.44995353,Minimum Sway
0.3583566,0.57983303,0.50716186,0.72710276,0.48829955,0.43353435,0.7402209,0.7942529,0.6750187,0.32144427,0.7283964,0.7608293,0.7578132,0.27217454,0.77053463,0.64341,0.7589872,0.44117758,Minimum Sway
0.35719216,0.57997525,0.505441,0.73012424,0.48777503,0.43724346,0.7404062,0.7986344,0.66189736,0.32625148,0.70636463,0.7619339,0.75917685,0.2737951,0.77217245,0.64995,0.76407206,0.4434271,Minimum Sway
0.35663998,0.58256364,0.50711775,0.72751915,0.4914243,0.4320161,0.7456619,0.79792345,0.682297,0.3165977,0.727788,0.7562934,0.7526443,0.28636003,0.7765682,0.6530778,0.7680113,0.44009313,Minimum Sway
0.35760185,0.5854366,0.50898176,0.7289579,0.4906038,0.43278357,0.7410009,0.80816907,0.6713532,0.31623924,0.7322475,0.7629428,0.7460948,0.2772574,0.7721557,0.6581638,0.7658984,0.44347018,Minimum Sway
0.35762355,0.5854359,0.50903,0.7289262,0.49061942,0.43277547,0.74098635,0.8082566,0.67131877,0.31625956,0.7324195,0.76287735,0.74597466,0.2773401,0.7721903,0.65829575,0.76592743,0.4436577,Minimum Sway
0.35705417,0.5815134,0.50492287,0.72774124,0.48651716,0.43458185,0.7388124,0.80760664,0.6749917,0.31456447,0.7029948,0.7579688,0.7455628,0.28215736,0.770591,0.6500584,0.76239246,0.44235152,Minimum Sway
0.354648,0.58181626,0.50813305,0.728564,0.48712534,0.4351344,0.73970747,0.80753756,0.66572845,0.3192692,0.70332164,0.7607667,0.7253713,0.29551455,0.7708858,0.64877313,0.76307034,0.43880975,Minimum Sway
0.35368213,0.5818832,0.50663495,0.72690487,0.48805496,0.4353113,0.74081963,0.79629385,0.6762878,0.31558555,0.7034113,0.762499,0.75651217,0.25968716,0.77535427,0.64532185,0.7660266,0.43651378,Minimum Sway
0.35272014,0.58335114,0.5086838,0.7292886,0.48995954,0.4313873,0.74255127,0.8085822,0.67966694,0.3151561,0.7029902,0.7744217,0.7586691,0.2573113,0.77531,0.65518165,0.768341,0.44123012,Minimum Sway
0.35281417,0.5835341,0.50863606,0.72930276,0.4898708,0.43149638,0.7423812,0.8086073,0.67944664,0.31529304,0.7030966,0.7744527,0.75857234,0.25736552,0.7753159,0.65527165,0.7683694,0.4413285,Minimum Sway
0.35257766,0.5853912,0.50493157,0.7315023,0.4869473,0.4331282,0.74425435,0.8081174,0.6776158,0.31596726,0.7286458,0.76190627,0.7514786,0.27529955,0.77448624,0.65629905,0.7648531,0.44114584,Minimum Sway
0.35591686,0.5899945,0.50361514,0.73330724,0.48564887,0.43665335,0.7432469,0.81695646,0.6694921,0.31647056,0.7042718,0.77686715,0.75141215,0.26151216,0.7725403,0.65766186,0.76172435,0.44283926,Minimum Sway
0.3582351,0.5896578,0.5017613,0.73234314,0.48585057,0.43778694,0.7428554,0.8137766,0.6725776,0.31655934,0.7005591,0.7593461,0.7483535,0.2720027,0.77615803,0.65688276,0.76463187,0.44239038,Minimum Sway
0.35777116,0.5911816,0.5035288,0.7322525,0.48259473,0.43863046,0.74335283,0.807893,0.66654366,0.3237257,0.7040874,0.77069724,0.75508994,0.2600677,0.77720755,0.6591786,0.76578206,0.45246392,Minimum Sway
0.35776597,0.5911737,0.5035515,0.7323157,0.4825279,0.43863186,0.74344176,0.8078625,0.66654766,0.32369006,0.70375675,0.7705468,0.7551028,0.25989518,0.776489,0.6587776,0.7657916,0.4522524,Minimum Sway
0.36091027,0.5906496,0.50709486,0.7358457,0.48969185,0.43679523,0.74594593,0.80851996,0.6778962,0.31501025,0.702208,0.7696334,0.7405094,0.29569298,0.77397436,0.65894717,0.76222086,0.4478203,Minimum Sway
0.3629893,0.5888994,0.50930476,0.73130196,0.48850212,0.43334922,0.7464697,0.8146741,0.6738107,0.3142933,0.7247113,0.7779101,0.7695073,0.2458098,0.7756449,0.65896404,0.7667451,0.43688235,Minimum Sway
0.35960186,0.5891768,0.5126282,0.7363193,0.48795497,0.42988166,0.7450213,0.797513,0.67307395,0.31436116,0.7270643,0.76754117,0.76565385,0.24273583,0.77394533,0.66215456,0.763092,0.43868405,Minimum Sway
0.35404134,0.5847382,0.51458156,0.7363085,0.4873067,0.42442262,0.74810123,0.80245435,0.6708721,0.31244037,0.725014,0.7635426,0.7768698,0.23025703,0.77243817,0.6628011,0.76294065,0.43797478,Minimum Sway
0.3539301,0.5846449,0.5146185,0.73632145,0.48736465,0.42455786,0.7479715,0.8025042,0.67075,0.31245145,0.72503275,0.7637024,0.7768561,0.23026285,0.7724404,0.6628861,0.76297563,0.43806803,Minimum Sway
0.35501635,0.58107483,0.511304,0.7326956,0.48919106,0.4235183,0.74645346,0.8101952,0.67681944,0.30482754,0.7249395,0.76623845,0.7760257,0.23339424,0.7727184,0.66229105,0.7639605,0.4377762,Minimum Sway
0.35802054,0.5758189,0.5130428,0.72926116,0.48457575,0.42301697,0.74634165,0.8032299,0.67377806,0.3081637,0.72048366,0.7585985,0.7754291,0.22750567,0.77072525,0.65452266,0.7615096,0.4347093,Minimum Sway
0.3600486,0.57288516,0.5094254,0.72424686,0.4867338,0.41959673,0.7424668,0.7977969,0.6752894,0.30853355,0.7242321,0.7794126,0.7739286,0.22924432,0.7724237,0.6478146,0.7608799,0.433744,Minimum Sway
0.35599792,0.5704986,0.511501,0.721293,0.49111757,0.41897306,0.74648523,0.79422325,0.67842305,0.30277392,0.7308246,0.75951505,0.7703022,0.23161799,0.77435803,0.64352584,0.76396775,0.4286202,Minimum Sway
0.35599965,0.57053775,0.5114802,0.7213161,0.491143,0.41894847,0.746451,0.7940962,0.67854214,0.30278352,0.7309829,0.75941026,0.77033156,0.23157899,0.77432334,0.64348894,0.76397014,0.42861837,Minimum Sway
0.3597384,0.5683871,0.5082048,0.715793,0.48867196,0.42069262,0.7446612,0.79124135,0.674288,0.30563146,0.72479904,0.75379026,0.76797986,0.22912711,0.77183384,0.6203573,0.76268023,0.41508353,Minimum Sway
0.35666335,0.56494355,0.5054816,0.7113384,0.49171552,0.41965133,0.7418535,0.78615797,0.67612547,0.30843955,0.7091226,0.7562551,0.7430563,0.290493,0.7705605,0.6280633,0.76448464,0.42631516,Minimum Sway
0.3575313,0.56340015,0.5021217,0.7088446,0.48579848,0.41565472,0.7242927,0.7765438,0.67149913,0.30608654,0.74279606,0.7631652,0.7542715,0.23956501,0.7649771,0.63384724,0.7613072,0.42720994,Minimum Sway
0.36184478,0.5619068,0.50596666,0.71093094,0.4916476,0.41985616,0.7305807,0.77777386,0.6750978,0.30295217,0.7434079,0.75938,0.74793303,0.2747874,0.7692792,0.6358053,0.76529694,0.42790863,Minimum Sway
0.3618929,0.56196547,0.50602984,0.71092504,0.4916392,0.41966486,0.73066944,0.77778864,0.6751919,0.30287415,0.7433319,0.7591293,0.74800014,0.27487868,0.76956046,0.6360904,0.7654869,0.42774388,Minimum Sway
0.36281666,0.5620431,0.5029323,0.70672655,0.48717064,0.41778678,0.7275156,0.776076,0.6707369,0.30279168,0.73495644,0.76164865,0.74390006,0.27321726,0.76921904,0.63881767,0.7647948,0.42901644,Minimum Sway
0.36049363,0.56025875,0.49948686,0.7059862,0.4905438,0.41947877,0.73166704,0.7783674,0.6701263,0.3021482,0.7054219,0.75581133,0.7441424,0.2699964,0.77256835,0.62646806,0.7649779,0.4272979,Minimum Sway
0.3625452,0.5664945,0.50815487,0.70871586,0.491969,0.41894692,0.74126303,0.7874962,0.6733419,0.30136162,0.7248964,0.7574231,0.7656779,0.23377672,0.77410614,0.6376229,0.76565623,0.42858812,Minimum Sway
0.3659663,0.56653965,0.5102073,0.7077338,0.49345598,0.41744256,0.749143,0.79457855,0.67280334,0.29776147,0.7051896,0.7465826,0.7489576,0.27504113,0.7732877,0.6376415,0.7700809,0.42593956,Minimum Sway
0.36605895,0.5665326,0.51020813,0.7076632,0.4935367,0.41755486,0.7490491,0.79445827,0.6730589,0.29771549,0.70518583,0.7465818,0.74895537,0.2752026,0.7732017,0.63753545,0.7700231,0.42596138,Minimum Sway
0.36393493,0.56640476,0.5123982,0.70722836,0.48821908,0.4165133,0.74483746,0.79014605,0.67898476,0.30286798,0.7321297,0.7544373,0.7638513,0.23305237,0.7757158,0.6228186,0.76663804,0.4159697,Minimum Sway
0.3639037,0.5659598,0.51403886,0.7066604,0.48802254,0.41515657,0.7442857,0.7955526,0.6711902,0.303734,0.7325473,0.7618804,0.7626881,0.2343931,0.77136207,0.64005804,0.76732373,0.42836398,Minimum Sway
0.36312556,0.5657826,0.5120657,0.7073757,0.48428047,0.41886434,0.7410065,0.7882773,0.6634743,0.30875808,0.7263135,0.75838375,0.74496883,0.27298135,0.77187467,0.6279438,0.7648875,0.41930184,Minimum Sway
0.36407766,0.5656286,0.5118802,0.7060312,0.48538226,0.4170571,0.73844254,0.78164864,0.6692178,0.30510837,0.7381775,0.7770013,0.76590896,0.22527103,0.7724778,0.62646985,0.76667,0.41819817,Minimum Sway
0.3640427,0.56568545,0.51184595,0.70602775,0.48538858,0.41702315,0.7382135,0.7815894,0.66918397,0.3053113,0.7381325,0.77716273,0.76601267,0.22518408,0.7724601,0.62648845,0.76671666,0.4182269,Minimum Sway
0.3702849,0.5584084,0.5132182,0.70658326,0.48710072,0.41484433,0.7424909,0.7822211,0.66796273,0.30757844,0.7255849,0.7551419,0.7700745,0.22311144,0.76946485,0.6284937,0.7662281,0.4169261,Minimum Sway
0.36760807,0.55500686,0.50854206,0.69960827,0.48621762,0.4143972,0.74048537,0.7771548,0.6654675,0.3081444,0.70838374,0.7411003,0.73396194,0.2733884,0.7733927,0.6275501,0.76756144,0.41762933,Minimum Sway
0.36847183,0.5508952,0.51373017,0.69694674,0.48737523,0.41491073,0.7387168,0.7755396,0.66512513,0.30589843,0.738933,0.7667309,0.739468,0.27177703,0.7710202,0.6276783,0.76680815,0.4153208,Minimum Sway
0.36842984,0.54458785,0.5127463,0.6990731,0.49220857,0.41485152,0.74166155,0.7811875,0.6671171,0.3039589,0.6926581,0.7351548,0.75566524,0.22838674,0.7693765,0.6287226,0.7641982,0.41661423,Minimum Sway
0.3683777,0.54462224,0.51276124,0.69906723,0.4921895,0.41488546,0.7416808,0.7812123,0.6672385,0.30386737,0.69268864,0.7351767,0.7557268,0.2283291,0.7695308,0.62873733,0.76434386,0.41653427,Minimum Sway
0.37070248,0.54349333,0.5152452,0.69640344,0.49384803,0.41345996,0.737787,0.77508634,0.67076415,0.3011223,0.7290642,0.7453496,0.765263,0.21473312,0.76643753,0.62210333,0.7629688,0.41339025,Minimum Sway
0.37462932,0.5320722,0.50501406,0.6901626,0.48974293,0.4123082,0.7318703,0.77256465,0.6665346,0.29867992,0.7487987,0.74973553,0.7537317,0.22913057,0.7653959,0.60867536,0.7585663,0.4089737,Minimum Sway
0.3760409,0.5301841,0.51283604,0.6955768,0.49050397,0.41110274,0.7447398,0.7740535,0.67404723,0.2971103,0.6459209,0.71617484,0.75263965,0.23089348,0.7745899,0.60458064,0.7680898,0.3974838,Minimum Sway
0.377756,0.52994204,0.51584196,0.6959247,0.493731,0.4133724,0.7477467,0.7763798,0.67362237,0.2970962,0.67901504,0.7162584,0.7601911,0.22145616,0.7754351,0.6029918,0.76842844,0.39878985,Minimum Sway
0.37789828,0.52992404,0.51576614,0.69588894,0.49367484,0.41335613,0.7476895,0.7763068,0.67355347,0.2971335,0.67882514,0.71619195,0.76024026,0.22132802,0.775517,0.6030392,0.7684795,0.39886782,Minimum Sway
0.37626022,0.52817523,0.5074053,0.68941927,0.49420998,0.4120344,0.7320351,0.7616254,0.6741333,0.29662532,0.7084682,0.73307884,0.75219524,0.22807568,0.77247685,0.61960495,0.76942277,0.41280803,Minimum Sway
0.37803793,0.5278941,0.51327235,0.68120563,0.49698696,0.40788338,0.74266267,0.7615797,0.6774459,0.29446828,0.72779727,0.7207524,0.73932976,0.23511116,0.77779686,0.60434234,0.773617,0.40564698,Minimum Sway
0.37950128,0.52608764,0.51519424,0.6868922,0.49668333,0.40318328,0.74934685,0.76154447,0.67911494,0.28986436,0.7032471,0.7163724,0.7220103,0.2540847,0.7802295,0.6033921,0.7778673,0.39199638,Minimum Sway
0.37989932,0.5254537,0.51116747,0.68472075,0.4948349,0.40280876,0.75134766,0.7715642,0.6792251,0.29119042,0.67929554,0.7134587,0.7478783,0.23360978,0.777163,0.60697615,0.7756471,0.39626047,Minimum Sway
0.37989232,0.5253924,0.5111435,0.6846449,0.49476743,0.40274948,0.75138396,0.7713982,0.67918915,0.29113814,0.6791932,0.71338844,0.74775857,0.2335375,0.7771032,0.6069043,0.7756045,0.39615095,Minimum Sway
0.38149595,0.5223938,0.5064257,0.6845187,0.4956742,0.40485507,0.7433053,0.758232,0.67754364,0.29408407,0.7144632,0.68682283,0.71681094,0.2530733,0.7746384,0.6138645,0.77175945,0.4088577,Minimum Sway
0.37988055,0.5198028,0.5090057,0.6808359,0.49801552,0.40841553,0.7486223,0.7603752,0.67912805,0.2923416,0.6911944,0.69194067,0.7201759,0.25637805,0.78355944,0.6013497,0.77787703,0.403386,Minimum Sway
0.378529,0.5219903,0.506721,0.67960167,0.4938303,0.40154338,0.74995106,0.7551471,0.68017477,0.29425892,0.64646673,0.70588654,0.7414665,0.23384029,0.77833384,0.5978439,0.77331275,0.3949471,Minimum Sway
0.37731192,0.516665,0.5070162,0.6785463,0.4965542,0.40101844,0.7482884,0.75564075,0.6790817,0.2889166,0.64971614,0.70995015,0.73860276,0.23416004,0.7769575,0.59472823,0.77092874,0.39091808,Minimum Sway
0.3773877,0.5167081,0.5070015,0.6785643,0.4965393,0.4010595,0.74827373,0.75570244,0.6791091,0.28900003,0.6507431,0.7102496,0.73844975,0.23420846,0.77676743,0.5949829,0.7709295,0.39127362,Minimum Sway
0.38029966,0.51360327,0.50352263,0.67924273,0.4986055,0.40407616,0.7262926,0.7512998,0.6768274,0.2905099,0.68534154,0.70738786,0.7440984,0.22706902,0.7720779,0.5991424,0.7670185,0.39156148,Minimum Sway
0.38170463,0.5137661,0.5057807,0.67986906,0.49748954,0.4015531,0.7249317,0.7530536,0.67970526,0.28891277,0.68510723,0.70654535,0.7508568,0.23032813,0.77653074,0.60124016,0.7724459,0.39033136,Minimum Sway
0.38077104,0.51299816,0.5036712,0.6783377,0.4952539,0.3996788,0.7294849,0.75183904,0.6814827,0.2861578,0.68845576,0.69721115,0.7585081,0.22713934,0.7745518,0.60184145,0.7699935,0.40327555,Minimum Sway
0.37941235,0.51419336,0.50440764,0.6774375,0.49586472,0.39795685,0.7330453,0.7530634,0.67919874,0.2863326,0.65056455,0.7064783,0.7454927,0.23464274,0.77441376,0.5998969,0.769644,0.39236474,Minimum Sway
0.37948507,0.5140491,0.5043679,0.67745185,0.495804,0.39792305,0.73290753,0.7530675,0.67918134,0.28631854,0.6504407,0.7064034,0.74554276,0.23464933,0.7741587,0.59987724,0.76940954,0.3924263,Minimum Sway
0.37877518,0.51371926,0.50281113,0.6711821,0.49540114,0.40367827,0.74074185,0.7554178,0.6785599,0.28442693,0.6804175,0.71068615,0.7467679,0.2299963,0.7718131,0.5991913,0.7686991,0.39133236,Minimum Sway
0.37854955,0.5189397,0.5067352,0.6760007,0.49666172,0.40485305,0.7420614,0.754652,0.6798191,0.27945596,0.683795,0.7092196,0.7396188,0.22922397,0.7735488,0.5999829,0.76858395,0.3928711,Minimum Sway
0.38023052,0.52101856,0.50256085,0.676628,0.4976972,0.40188634,0.74606836,0.75243604,0.6816164,0.2785677,0.7052023,0.7012472,0.7376618,0.23060285,0.7722131,0.60292757,0.76863253,0.4038654,Minimum Sway
0.37995476,0.51888496,0.50312066,0.67416227,0.49574852,0.4032153,0.7346914,0.7401924,0.6794015,0.28158456,0.6775738,0.6989969,0.74301004,0.23673278,0.7710154,0.59669447,0.76683414,0.39375627,Minimum Sway
0.37999684,0.51890814,0.50307715,0.67413104,0.49590856,0.40316188,0.7346083,0.740303,0.67965144,0.28134942,0.6780096,0.69879794,0.74314684,0.23688637,0.7711674,0.59669614,0.7669572,0.39377433,Minimum Sway
0.37727448,0.5207782,0.5013052,0.67367804,0.49262416,0.40393627,0.7374105,0.7537477,0.6775405,0.2822782,0.67709994,0.7058224,0.74560773,0.23525117,0.7752654,0.6009674,0.77136725,0.39378354,Minimum Sway
0.3766261,0.5222877,0.5022282,0.67452466,0.49382907,0.4036966,0.71986914,0.741378,0.67622846,0.28989857,0.6701727,0.6977304,0.7519038,0.22797066,0.7799277,0.6014087,0.7740068,0.3913219,Minimum Sway
0.37659717,0.52159774,0.5011945,0.6718409,0.4950214,0.4028883,0.7272403,0.7455208,0.68052936,0.27540123,0.6990038,0.699989,0.75853443,0.2100675,0.7834067,0.59977937,0.7758429,0.38709885,Minimum Sway
0.37453875,0.5138035,0.5005921,0.66722727,0.49436566,0.40011212,0.7239739,0.73673105,0.677415,0.2796963,0.704057,0.6851318,0.75502527,0.21191964,0.7807392,0.5949863,0.7733199,0.38856262,Minimum Sway
0.37447459,0.51389754,0.50059277,0.6673002,0.49445134,0.39978716,0.7247805,0.7369466,0.67756385,0.27921385,0.7033348,0.68437564,0.7548195,0.21223116,0.78071684,0.5952694,0.7734089,0.38869524,Minimum Sway
0.37641865,0.51406103,0.5045206,0.66691935,0.4947914,0.39547157,0.7317517,0.73501575,0.67506516,0.27575138,0.63296336,0.6934638,0.7669868,0.20262596,0.7856726,0.5950255,0.77660054,0.39004442,Minimum Sway
0.37896675,0.5072659,0.5038052,0.66739476,0.4951782,0.40132853,0.72944653,0.73594993,0.6764159,0.27777424,0.6351235,0.69246423,0.75078416,0.22377676,0.78117263,0.5908846,0.77240247,0.3896763,Minimum Sway
0.3773198,0.5091158,0.5047041,0.6670267,0.49775574,0.4015643,0.7291478,0.7374661,0.6733099,0.28364637,0.67002404,0.68443656,0.76361537,0.2075958,0.78000706,0.5928954,0.7737143,0.39084482,Minimum Sway
0.3768091,0.51173186,0.5081334,0.6703844,0.49921963,0.39748216,0.7375225,0.7530606,0.6758718,0.279976,0.7116293,0.7044327,0.76315236,0.20925575,0.77835214,0.5983096,0.7740883,0.39415914,Minimum Sway
0.3768427,0.51172614,0.50817966,0.6704008,0.49926382,0.3974454,0.7375598,0.7530357,0.67587274,0.27999824,0.7116272,0.7044183,0.76316214,0.20927987,0.77839184,0.59828323,0.7741594,0.39416122,Minimum Sway
0.3763069,0.51155525,0.503978,0.6649007,0.49515975,0.40380833,0.73585093,0.75250643,0.6694073,0.27712065,0.675831,0.7014773,0.7580559,0.2082569,0.77623975,0.5951471,0.7714025,0.3915932,Minimum Sway
0.3765602,0.51136684,0.5013579,0.66398823,0.4931743,0.39981183,0.72095037,0.7355021,0.6671526,0.2796113,0.6314754,0.70042557,0.746339,0.2242862,0.7805668,0.59768724,0.7736961,0.39166507,Minimum Sway
0.37659383,0.511498,0.5035658,0.6646023,0.49779904,0.39322826,0.7237262,0.7365688,0.67829627,0.27238676,0.636606,0.6977944,0.74654716,0.22938126,0.7806257,0.5962157,0.77279484,0.38591278,Minimum Sway
0.3768615,0.51194936,0.5049747,0.66386056,0.49617213,0.39639926,0.719217,0.7381681,0.6759178,0.27186614,0.6057514,0.7080586,0.76189375,0.20075004,0.7834882,0.59602696,0.7759079,0.38515186,Minimum Sway
0.3768338,0.51197016,0.50488466,0.6638859,0.49622208,0.39642367,0.7192425,0.7381153,0.67589974,0.27193496,0.6320708,0.70077753,0.7619437,0.20071517,0.7834486,0.5959693,0.77587116,0.3850523,Minimum Sway
0.3741407,0.5160988,0.5008268,0.6621717,0.49984786,0.39838946,0.71564686,0.73809385,0.6772577,0.27256405,0.6696531,0.70020366,0.7401725,0.23378631,0.7762321,0.5978313,0.7715713,0.38935614,Minimum Sway
0.37710655,0.5070664,0.49887273,0.6582418,0.4985699,0.39652237,0.72090834,0.73345315,0.6757617,0.26894632,0.6090736,0.7005722,0.732903,0.23092365,0.7766876,0.5774881,0.76975965,0.38716954,Minimum Sway
0.37649417,0.50120276,0.49757755,0.6564586,0.49966487,0.38675734,0.72365564,0.73335874,0.6703147,0.26968896,0.62992275,0.6850931,0.7399771,0.22109565,0.7786231,0.57858545,0.7720585,0.38747764,Minimum Sway
0.379776,0.49757206,0.5008762,0.6551758,0.4987995,0.38556802,0.7107174,0.7326423,0.67422765,0.27019417,0.61323327,0.68845236,0.7444254,0.2197479,0.77844757,0.58603895,0.772676,0.38843316,Minimum Sway
0.37982437,0.49772567,0.50095177,0.65516555,0.49884045,0.38560998,0.7294916,0.7361943,0.6743727,0.27014568,0.6134267,0.68896216,0.7443893,0.21975422,0.77840865,0.5860416,0.77259505,0.38853225,Minimum Sway
0.38281736,0.4945285,0.5038576,0.65776336,0.49940118,0.38753292,0.75540304,0.75597835,0.67969704,0.26829958,0.6179429,0.68772376,0.7411953,0.22775184,0.77818245,0.5843103,0.7737353,0.38607144,Minimum Sway
0.37935477,0.49839848,0.50569415,0.65414715,0.5044488,0.391339,0.72677934,0.73510325,0.6754061,0.2763705,0.63645744,0.6874275,0.74309635,0.22358029,0.776981,0.5749963,0.77121747,0.386736,Minimum Sway
0.38148388,0.4878679,0.5064244,0.6533141,0.5036308,0.38345164,0.73180604,0.73628783,0.6793995,0.27244765,0.6172193,0.6739986,0.753489,0.22799169,0.77751625,0.58276534,0.7761483,0.3833741,Minimum Sway
0.37964588,0.48954862,0.49895537,0.65390587,0.50011945,0.3814684,0.72817004,0.734274,0.6735786,0.2704944,0.614843,0.68733305,0.73790234,0.22855106,0.7717866,0.5822359,0.76959527,0.38949558,Minimum Sway
0.37959474,0.48968324,0.49889252,0.6538342,0.5001676,0.3812943,0.7279631,0.7342987,0.6735922,0.2704442,0.61488414,0.6874389,0.7379326,0.22849071,0.77167344,0.5823801,0.76956385,0.3896086,Minimum Sway
0.37860882,0.4881918,0.4996696,0.6556703,0.5009967,0.3804254,0.75355935,0.7523827,0.67827547,0.2675315,0.6167482,0.67170453,0.7302977,0.2293888,0.77874684,0.58672094,0.7729356,0.39173993,Minimum Sway
0.38090524,0.48612368,0.5016195,0.6550595,0.5017496,0.3831811,0.7441051,0.7388216,0.67398846,0.27451038,0.59591633,0.68525887,0.73263305,0.22886223,0.7784741,0.58500385,0.7732698,0.38733852,Minimum Sway
0.3806609,0.48216826,0.50441283,0.65519476,0.5028964,0.38588983,0.73084205,0.7350104,0.6789743,0.27278113,0.6149602,0.6720203,0.7457718,0.22462332,0.7814874,0.56925094,0.77447665,0.38082683,Minimum Sway
0.3792668,0.4805175,0.5031328,0.6538886,0.5022577,0.37812158,0.7462735,0.7382881,0.6809819,0.27185965,0.61521614,0.67258114,0.7547003,0.22597224,0.7771746,0.5839611,0.7728988,0.38697657,Minimum Sway
0.37931746,0.48034745,0.503103,0.6538805,0.5023198,0.3780646,0.74631107,0.7383191,0.68126005,0.2716058,0.615179,0.6725692,0.75450176,0.2259283,0.77724236,0.5838387,0.7728239,0.38680482,Minimum Sway
0.38106954,0.48043892,0.50264,0.6501749,0.50204813,0.37940198,0.7189635,0.72988987,0.6765895,0.27082038,0.68100184,0.6842276,0.73918664,0.22391,0.7750317,0.58245885,0.77073264,0.38832018,Minimum Sway
0.38245353,0.4836801,0.49706313,0.64457124,0.5022688,0.38047,0.7042508,0.72779286,0.6791043,0.26841444,0.6405449,0.6820847,0.7380092,0.23298812,0.77685684,0.56870174,0.7720251,0.3869135,Minimum Sway
0.37963092,0.48401853,0.50077146,0.6428282,0.50388515,0.38199472,0.72190493,0.73099446,0.6777611,0.27155802,0.6466217,0.6921588,0.7453797,0.22333352,0.77555937,0.5825775,0.77321404,0.38793826,Minimum Sway
0.38321373,0.48361224,0.50688934,0.6502478,0.5077268,0.38358563,0.7227139,0.7319187,0.6795344,0.2716896,0.61527246,0.68994516,0.7489469,0.22466478,0.7787482,0.5853876,0.77678895,0.39022785,Minimum Sway
0.38290954,0.48324153,0.5068235,0.65025026,0.5077865,0.38348565,0.72263926,0.73189414,0.6793847,0.27180314,0.6151851,0.6898977,0.74884474,0.22455889,0.77875936,0.5854836,0.77683175,0.39024848,Minimum Sway
0.3845477,0.48426422,0.5069269,0.6423983,0.5082718,0.3805457,0.73041165,0.730189,0.68091726,0.27011633,0.6162056,0.67831576,0.7501441,0.22377525,0.78016937,0.58512205,0.77956283,0.38942087,Minimum Sway
0.3912325,0.48287627,0.50280625,0.6419562,0.50732553,0.38373458,0.71276134,0.7174794,0.68031305,0.2659213,0.59672725,0.68848366,0.74908173,0.22399342,0.7801933,0.57128197,0.775676,0.38884282,Minimum Sway
0.38501474,0.4806581,0.50043434,0.6440552,0.5059085,0.3783409,0.71766704,0.73292935,0.6826613,0.26429665,0.6802704,0.6894106,0.7552232,0.21040875,0.77246654,0.58409184,0.7735521,0.39049786,Minimum Sway
0.3862134,0.481021,0.50176877,0.64404,0.5058956,0.38083693,0.7190138,0.7325193,0.6815035,0.26525223,0.6136535,0.69328094,0.75278014,0.22566101,0.77215856,0.5834185,0.7734357,0.393489,Minimum Sway
0.38622236,0.48102963,0.5018244,0.6440078,0.5057808,0.38087663,0.719046,0.7324519,0.6814918,0.265259,0.5988775,0.7013562,0.75278175,0.22561315,0.7721476,0.5833236,0.7733976,0.39344534,Minimum Sway
0.3865715,0.48080915,0.5028889,0.6456492,0.5086969,0.38205743,0.7055409,0.72624695,0.6809162,0.2649808,0.59984446,0.7023846,0.7461617,0.22135186,0.7767904,0.58413017,0.7740931,0.392654,Minimum Sway
0.38689077,0.48106164,0.50885564,0.6514789,0.5117535,0.37989396,0.7563085,0.75161755,0.6850485,0.2675787,0.58094203,0.6803807,0.75187564,0.23304173,0.7774555,0.58539456,0.77656114,0.3870569,Minimum Sway
0.38813195,0.47748813,0.5065327,0.65345085,0.51175946,0.38174766,0.7449452,0.74211353,0.6847744,0.27250242,0.61577237,0.67863464,0.7537307,0.23246977,0.7771845,0.5879443,0.7757053,0.39150032,Minimum Sway
0.38631296,0.48019218,0.50722194,0.65251887,0.5104756,0.3821532,0.7334892,0.73228085,0.684072,0.2739001,0.61570036,0.6746242,0.75396365,0.23326388,0.77943647,0.58628523,0.77602935,0.39135095,Minimum Sway
0.3859021,0.48037785,0.5073445,0.65234196,0.5104506,0.38202938,0.73344725,0.73218036,0.6841445,0.27386868,0.61548823,0.6744808,0.7540723,0.23342781,0.7795431,0.5862776,0.77617735,0.39138788,Minimum Sway
0.38305533,0.4845783,0.5075915,0.6557703,0.5103797,0.38794348,0.727075,0.73593754,0.6828811,0.27174532,0.64911354,0.691852,0.7442169,0.24990264,0.77839077,0.5952715,0.77715844,0.40499926,Minimum Sway
0.38124475,0.48507547,0.50906384,0.6540555,0.50888276,0.38697562,0.7287163,0.7342336,0.68100417,0.2737512,0.6172699,0.6894461,0.7495551,0.22673765,0.7799324,0.5863333,0.77695197,0.38757223,Minimum Sway
0.38263345,0.48295408,0.5112406,0.65386045,0.5104895,0.3853633,0.7457943,0.74827594,0.67868245,0.2721027,0.6175567,0.6964897,0.73467827,0.22857276,0.7764329,0.5873153,0.7754986,0.38996083,Minimum Sway
0.38111532,0.48816523,0.50891703,0.6522094,0.5097508,0.38411003,0.7257671,0.7323517,0.68067646,0.2692546,0.6026792,0.7031226,0.7420281,0.23166132,0.77824986,0.5822776,0.7765323,0.38749155,Minimum Sway
0.38109362,0.4881799,0.50897115,0.6521893,0.50976974,0.38410053,0.72578025,0.7323104,0.68067044,0.2693544,0.6024898,0.70308435,0.74205506,0.23157522,0.77831835,0.5822238,0.77659965,0.38741872,Minimum Sway
0.38167125,0.48973972,0.51179105,0.6522462,0.5083059,0.38479054,0.72785413,0.73773164,0.6804072,0.27170652,0.598125,0.69203657,0.74499416,0.22823915,0.77804875,0.58455193,0.77691436,0.38778767,Minimum Sway
0.38180572,0.48886675,0.5100149,0.65330017,0.5105429,0.38551947,0.72450125,0.7374333,0.6846714,0.27159446,0.6171296,0.69419324,0.75600165,0.21132293,0.776267,0.590454,0.776318,0.39316866,Minimum Sway
0.38614392,0.48680425,0.5156106,0.6575503,0.50980604,0.3884141,0.75135744,0.75372136,0.6827842,0.2732365,0.6198522,0.6964175,0.7417772,0.24673025,0.77692837,0.58424354,0.77458066,0.38920683,Minimum Sway
0.3877401,0.48896295,0.5152458,0.6577104,0.51006037,0.38788745,0.75348985,0.75804156,0.68521845,0.26873577,0.5975892,0.6981809,0.7470566,0.2293011,0.77863544,0.5848625,0.7742922,0.38829392,Minimum Sway
0.38765872,0.4887405,0.51524746,0.657717,0.5100354,0.38790414,0.7537107,0.7579851,0.6853062,0.26874536,0.59743464,0.6981341,0.74702996,0.22935808,0.77861774,0.58475703,0.7742853,0.38827258,Minimum Sway
0.38758346,0.49002898,0.51419264,0.6568008,0.51096785,0.3869251,0.7501905,0.7534771,0.68439543,0.2736081,0.5973487,0.69778883,0.7432538,0.24873511,0.7789191,0.58564174,0.777356,0.38779593,Minimum Sway
0.38751888,0.4927144,0.5104643,0.65628195,0.50679696,0.38972795,0.73205847,0.734765,0.6786708,0.27569702,0.6195413,0.6838116,0.7481352,0.22524707,0.7752811,0.5862606,0.7717949,0.3886242,Stable
0.38514423,0.4915207,0.51284766,0.6609058,0.5056085,0.39264923,0.7512115,0.73904896,0.6802671,0.2778206,0.6188686,0.6875664,0.7466799,0.22522949,0.7799312,0.5703618,0.7733371,0.38336214,Stable
0.38528353,0.49695653,0.5104985,0.6656321,0.5028447,0.39563188,0.7482795,0.7580637,0.67695224,0.28577727,0.61722994,0.6991726,0.74692243,0.22699058,0.7753124,0.5897999,0.7712703,0.39137894,Stable
0.38525814,0.49696824,0.5106642,0.6657112,0.503022,0.3959324,0.74889827,0.7582798,0.67688227,0.2857775,0.61714375,0.6991133,0.747017,0.22710824,0.7754802,0.5899736,0.771333,0.39133832,Stable
0.38654992,0.50062865,0.5123584,0.66573125,0.5055207,0.39341244,0.7518057,0.7596726,0.6799613,0.28384584,0.61408,0.69059056,0.7474953,0.22991243,0.77181447,0.59253764,0.77107966,0.39220843,Stable
0.38633823,0.5072372,0.5027232,0.6634037,0.5028751,0.3951293,0.738098,0.7538337,0.68336934,0.28753787,0.610201,0.69905204,0.75142354,0.22351049,0.77029586,0.5963068,0.7695448,0.40759927,Stable
0.39003366,0.5074801,0.5119852,0.6726093,0.5036307,0.3989031,0.74447817,0.76068896,0.68112314,0.2911874,0.7096128,0.712933,0.7526134,0.22398022,0.771265,0.5935533,0.7708933,0.3946728,Stable
0.3899886,0.5075323,0.5119927,0.67255235,0.5036469,0.39898568,0.7447166,0.7606672,0.68119454,0.29114264,0.7091099,0.71248454,0.7524998,0.224141,0.7714238,0.593554,0.77106327,0.39467296,Stable
0.38881767,0.51145375,0.51076615,0.6720588,0.49933466,0.40048003,0.74429417,0.75829095,0.6792222,0.29226464,0.6460833,0.7030615,0.75136805,0.22602367,0.770791,0.58949816,0.7696518,0.39119267,Stable
0.3914532,0.5138246,0.51846194,0.67497814,0.50273514,0.40045166,0.74496055,0.7622913,0.6797937,0.29135793,0.6194254,0.70160234,0.7504439,0.23375535,0.7728333,0.593313,0.7723672,0.39140737,Stable
0.39181995,0.514141,0.5183059,0.6741845,0.5030986,0.40201148,0.7501113,0.76064056,0.67291045,0.29424557,0.60680324,0.70344687,0.74455917,0.22695547,0.7738024,0.59220195,0.77100486,0.3915891,Stable
0.3888647,0.5150304,0.51076365,0.67272276,0.49987537,0.40144777,0.74663246,0.7607228,0.6763444,0.2925041,0.6187769,0.7012586,0.74871606,0.23766296,0.76632804,0.5928371,0.7692554,0.39352417,Stable
0.38876137,0.5152434,0.5107786,0.67262954,0.49982023,0.40156317,0.74644756,0.76070654,0.67624855,0.29250562,0.6184787,0.700935,0.74824035,0.23735663,0.7663655,0.5930212,0.7691941,0.39366186,Stable
0.3851075,0.5159546,0.50565046,0.6725647,0.5024842,0.40498123,0.7437475,0.75795364,0.67643154,0.29577184,0.6079534,0.70252174,0.7412979,0.25126934,0.77228993,0.5986854,0.7706071,0.40513355,Stable
0.38812292,0.51023066,0.51109475,0.6759558,0.5041879,0.40661645,0.7466743,0.7611865,0.6763152,0.29373577,0.6066805,0.70766896,0.72869134,0.25537324,0.7753252,0.59683144,0.7741665,0.4051143,Stable
0.3852881,0.50908494,0.5067135,0.675159,0.5049898,0.39893073,0.742623,0.7600894,0.6809591,0.29122058,0.6181811,0.71285546,0.75323886,0.22979182,0.7710682,0.59669554,0.76920503,0.39522406,Stable
0.3871101,0.4977721,0.50773436,0.6755369,0.50728744,0.40005752,0.7511353,0.7725117,0.6847981,0.29016334,0.60793805,0.7163609,0.7564497,0.23458141,0.77735204,0.5965948,0.7769443,0.39163503,Stable
0.38698262,0.49769115,0.50766164,0.67540854,0.50725317,0.39991328,0.75109667,0.7725401,0.6848221,0.29022685,0.60743,0.7160853,0.7564794,0.23466584,0.7772833,0.59644365,0.77693474,0.39156517,Stable
0.38508436,0.49713743,0.5024944,0.6654382,0.5097586,0.3979059,0.74717635,0.7614291,0.68815565,0.2866879,0.5885509,0.7070519,0.7544987,0.23563981,0.77603215,0.59482753,0.77652514,0.39406985,Stable
0.3890539,0.4935633,0.5010417,0.6715674,0.5076569,0.4000523,0.7489587,0.7740163,0.68508047,0.29084936,0.6004325,0.70140755,0.75747657,0.24496332,0.7765795,0.59537405,0.7746917,0.40227395,Stable
0.3880553,0.4922254,0.5060458,0.6733881,0.50864697,0.39675078,0.75775856,0.7752496,0.6915154,0.28043115,0.6115297,0.6916441,0.74596167,0.25719467,0.7786121,0.59366643,0.7785815,0.3909371,Stable
0.38770148,0.49702868,0.5008477,0.6747209,0.5038326,0.3980038,0.7481865,0.7604474,0.68726635,0.2900464,0.61894333,0.70093197,0.75492305,0.2398158,0.77467144,0.5989487,0.77417773,0.40073988,Stable
0.38749617,0.4973483,0.50090575,0.67466086,0.503845,0.39805064,0.7481861,0.76041144,0.6871475,0.29015464,0.61874676,0.70088786,0.75493383,0.23961358,0.77469313,0.5989338,0.7741331,0.40079665,Stable
0.38083553,0.4965417,0.5011155,0.67684597,0.50394475,0.3981684,0.75112164,0.77488846,0.68387175,0.29149568,0.61958313,0.70246214,0.7546806,0.23555082,0.77282953,0.60464436,0.7728616,0.40530452,Stable
0.38247702,0.50787646,0.4992972,0.67827415,0.49980366,0.39927667,0.74975204,0.77265424,0.68398523,0.2911979,0.5996237,0.7029691,0.7457399,0.2533647,0.77052593,0.6032753,0.7699237,0.40525264,Stable
0.38225898,0.51080376,0.5009185,0.6799555,0.5002327,0.39546487,0.7455224,0.7717215,0.68247545,0.2925661,0.59844595,0.7133547,0.7406279,0.25136942,0.76592934,0.6171427,0.7673773,0.41127485,Stable
0.3790246,0.5105007,0.505597,0.68281186,0.503232,0.39303482,0.74665105,0.76352227,0.6872593,0.2899764,0.59788936,0.710036,0.7567327,0.22623293,0.7664012,0.6180168,0.76752585,0.41144043,Stable
0.3793041,0.51015145,0.50560826,0.6829916,0.5031307,0.39318877,0.7514758,0.7695453,0.68709767,0.29009622,0.59780014,0.70976496,0.756845,0.22610232,0.76627225,0.6177293,0.76752675,0.4114715,Stable
0.37789428,0.506166,0.50254476,0.6821692,0.49941748,0.3922041,0.74611443,0.7558265,0.68560576,0.2891817,0.62318534,0.71044385,0.7550494,0.23077342,0.76897615,0.61738163,0.76928055,0.41136736,Stable
0.3769877,0.5031526,0.50618374,0.6806493,0.5013563,0.39478546,0.73177403,0.75257826,0.68491644,0.28580892,0.62045985,0.7137183,0.7588985,0.22932777,0.7744941,0.5975441,0.76897,0.4007206,Stable
0.3784467,0.4988324,0.5056083,0.678791,0.50671697,0.39214987,0.75163746,0.7700455,0.69312024,0.27168402,0.62735605,0.7094087,0.7560758,0.22751984,0.7786927,0.60308284,0.77554053,0.40421247,Stable
0.37602267,0.4936177,0.5016519,0.67248344,0.5076115,0.3871939,0.7301895,0.7509257,0.68568254,0.27823305,0.6220193,0.70162606,0.7606413,0.2152197,0.7764706,0.6130586,0.77351516,0.4070425,Stable
0.37590715,0.49377608,0.50183046,0.67244375,0.5076713,0.3871051,0.73053384,0.7507302,0.6856986,0.27819258,0.62153167,0.7012409,0.7606537,0.21518311,0.77659386,0.61273634,0.7735803,0.40686846,Stable
0.37753284,0.48884887,0.5052181,0.6721151,0.51259077,0.38722906,0.74605167,0.75568354,0.6978502,0.27006975,0.60374856,0.70133674,0.7529341,0.2347694,0.7810099,0.6111106,0.7775184,0.4027142,Stable
0.37712276,0.48855132,0.5079166,0.65797114,0.51011163,0.3875334,0.7155645,0.73500884,0.68669313,0.27921137,0.59633356,0.69709414,0.7565939,0.23261195,0.7810881,0.59210503,0.77942324,0.38982865,Stable
0.37524435,0.48665947,0.5027759,0.66057754,0.50962687,0.3901626,0.7157463,0.7358866,0.6913664,0.28033206,0.6011495,0.6957685,0.75412726,0.23574649,0.7778748,0.5990076,0.7739498,0.3917713,Stable
0.3767496,0.48296508,0.5028435,0.66166055,0.5107242,0.38913953,0.7466203,0.7308245,0.6852962,0.289963,0.60117376,0.68061745,0.7356913,0.258086,0.78026056,0.5972001,0.7753968,0.40136993,Stable
0.37679148,0.48296082,0.5029498,0.6616189,0.5106743,0.38913167,0.74672884,0.7309336,0.6851816,0.2900018,0.60103154,0.6805968,0.7355527,0.25798386,0.78020996,0.59711826,0.7753295,0.40125763,Stable
0.37800622,0.4899596,0.504748,0.6645268,0.5086585,0.38835657,0.7314121,0.73320407,0.6902196,0.2865084,0.5992994,0.69407165,0.7561051,0.23059797,0.77574795,0.5950036,0.77044886,0.4040436,Stable
0.37482613,0.49046355,0.50808924,0.6630749,0.5048048,0.39372477,0.73164845,0.7332031,0.682646,0.29070717,0.57984245,0.6963545,0.7518692,0.23676912,0.777384,0.5931541,0.7717922,0.4034841,Stable
0.37476692,0.49200982,0.50433004,0.6678853,0.49722034,0.39529178,0.7335602,0.71870965,0.6784315,0.2944025,0.60018325,0.6955051,0.7557484,0.22705051,0.77761066,0.59569323,0.7716419,0.40793738,Stable
0.36936125,0.497164,0.5015629,0.6668689,0.50198925,0.39166033,0.6919908,0.7288102,0.6808511,0.2914909,0.59319484,0.7006221,0.7415073,0.23052818,0.77578634,0.6032963,0.77008456,0.41031778,Stable
0.3692685,0.49729896,0.5014769,0.66678494,0.5018991,0.39170668,0.69191015,0.7286743,0.680665,0.29166588,0.5932184,0.7007607,0.74108183,0.23085332,0.775728,0.6033201,0.7700697,0.4104591,Stable
0.370576,0.4947949,0.50939465,0.66323423,0.5094673,0.3910683,0.7137108,0.734753,0.6847093,0.28905928,0.58167636,0.7010069,0.73693335,0.25236952,0.7812478,0.5968587,0.77732265,0.39204592,Stable
0.36915597,0.4972236,0.5045589,0.67328703,0.49661642,0.39411467,0.72713155,0.73534584,0.67698616,0.29182878,0.5831981,0.70195615,0.74442446,0.2378118,0.7677359,0.6146849,0.7663721,0.41027385,Stable
0.3702454,0.49953157,0.50776696,0.670717,0.50232065,0.39299113,0.71364677,0.73630273,0.6812324,0.29089552,0.5996346,0.7012079,0.75127953,0.2337122,0.77730346,0.6011301,0.7733358,0.40265465,Stable
0.3702248,0.50128436,0.50712276,0.67522883,0.50138247,0.3951369,0.7185406,0.7344672,0.67962277,0.29268324,0.6010546,0.7000064,0.75538725,0.22822472,0.7793407,0.60061735,0.7738127,0.40376776,Stable
0.37030095,0.5017366,0.5070716,0.67525834,0.5011895,0.39498898,0.7184865,0.7345029,0.6797511,0.2926288,0.601103,0.6997328,0.7551935,0.22835267,0.77907217,0.6006831,0.77366465,0.4038478,Stable
0.37295997,0.50949466,0.5026172,0.6713606,0.5002535,0.39460206,0.70714295,0.74501556,0.6797833,0.2955855,0.60059553,0.7152204,0.7558292,0.22782311,0.7759389,0.6028827,0.77156246,0.39608413,Stable
0.37273023,0.51382947,0.5055113,0.6738242,0.5011393,0.39490712,0.7295617,0.7404392,0.6857237,0.29266372,0.6017507,0.7038325,0.7554083,0.23246267,0.77437973,0.59854996,0.7718383,0.3929022,Stable
0.37084302,0.5176064,0.50873005,0.6717905,0.49742454,0.3987943,0.72406626,0.7405657,0.68265504,0.29429913,0.596773,0.70912546,0.73749447,0.256427,0.77213305,0.5954841,0.77134347,0.39336953,Stable
0.37141335,0.5158603,0.5113424,0.67173904,0.50005496,0.39765307,0.7258502,0.7394067,0.6817914,0.29382268,0.59514254,0.7068949,0.73790574,0.25507703,0.77146477,0.59477335,0.7724223,0.3921685,Stable
0.3714525,0.5158343,0.5114019,0.67178005,0.5000706,0.397619,0.7258505,0.73944163,0.68187135,0.29382747,0.5964124,0.7096611,0.7382149,0.25539917,0.7713961,0.59486437,0.77244425,0.39202356,Stable
0.37186044,0.5156258,0.50965166,0.6673902,0.49550936,0.398122,0.7260541,0.73836637,0.68078864,0.29613617,0.5952586,0.7024032,0.7413797,0.255025,0.7739052,0.5932332,0.7736732,0.39243814,Stable
0.3743062,0.5107743,0.5055882,0.6785852,0.5030167,0.39977488,0.72575945,0.7420811,0.6808242,0.29618686,0.59831566,0.70937175,0.75852627,0.23102067,0.7734203,0.6036204,0.77088183,0.40954715,Stable
0.36991495,0.50942653,0.5003274,0.6780863,0.501401,0.399428,0.7124569,0.7473561,0.6810557,0.29746673,0.597914,0.7114303,0.7567529,0.23090631,0.7725413,0.6261077,0.7712978,0.422598,Stable
0.36670646,0.5074376,0.50338817,0.68058586,0.5003958,0.3960359,0.734123,0.74038815,0.6792547,0.29787713,0.6012489,0.7125046,0.7537319,0.23304717,0.7729818,0.6030755,0.76730865,0.40559274,Stable
0.36672422,0.5073506,0.50332624,0.6805002,0.50024045,0.39605898,0.7346616,0.740365,0.6791441,0.29794014,0.6011052,0.71253675,0.7536351,0.23309974,0.7730336,0.6028956,0.7672541,0.40558362,Stable
0.36525676,0.50754476,0.4994404,0.67962044,0.496685,0.39962584,0.7124209,0.746068,0.6785216,0.2993766,0.60172206,0.70823014,0.74867845,0.24212208,0.76981854,0.6040447,0.7683314,0.40975118,Stable
0.3702509,0.5074217,0.50189704,0.68337166,0.50125676,0.40264687,0.7367375,0.7431792,0.6855961,0.29613107,0.6026021,0.71151006,0.7487619,0.2695967,0.7703184,0.62355244,0.77185535,0.41964817,Stable
0.36969504,0.5129661,0.5018256,0.68395734,0.50501025,0.40013897,0.7441858,0.7584826,0.69354194,0.29541054,0.61747617,0.71507597,0.74784935,0.2807936,0.7775203,0.6237785,0.77830404,0.41780323,Stable
0.3679847,0.5049374,0.5005712,0.68421626,0.5030972,0.39757463,0.74280304,0.7523706,0.6863753,0.29483664,0.62255764,0.7231657,0.7454015,0.25415656,0.77028346,0.6218945,0.7698579,0.41591722,Stable
0.3681422,0.50477314,0.50037783,0.68411076,0.50267255,0.39766026,0.74275863,0.7522592,0.6860219,0.29492128,0.62276596,0.72293365,0.7452942,0.25412923,0.77007383,0.6217404,0.76968205,0.41599822,Stable
0.37028027,0.49590492,0.4970761,0.68164814,0.5011494,0.3979846,0.7130067,0.7477001,0.6827375,0.2967986,0.6395657,0.70137775,0.75746197,0.23390245,0.7695586,0.6126353,0.76699686,0.4111236,Stable
0.3704738,0.49575824,0.49945396,0.6774618,0.5026285,0.39932483,0.7100176,0.7478878,0.6796222,0.29896894,0.6219418,0.7125039,0.751246,0.25368282,0.77170366,0.62284577,0.7709338,0.42670092,Stable
0.36583334,0.49924657,0.5007946,0.675938,0.50319755,0.3999403,0.70970625,0.74844754,0.68569446,0.2963413,0.62137777,0.70873255,0.74976724,0.25621903,0.7718243,0.62139875,0.7726964,0.4263998,Stable
0.36736643,0.5047819,0.49892384,0.6784803,0.5029865,0.39984274,0.7353908,0.7592,0.6840497,0.29997364,0.6020718,0.7139826,0.7612909,0.23606311,0.7721025,0.62058675,0.77544856,0.4151529,Stable
0.36743936,0.505074,0.49897057,0.67865205,0.5030572,0.39973387,0.7353551,0.75913036,0.68417645,0.2999761,0.6023656,0.7138839,0.7612194,0.23617826,0.7721617,0.62064993,0.77550495,0.41505036,Stable
0.37239334,0.5105084,0.4958533,0.6806835,0.4974452,0.40151095,0.69171953,0.7484858,0.684267,0.29778343,0.5913625,0.7120286,0.73770046,0.26605,0.76625144,0.62532777,0.7674395,0.427788,Stable
0.36841998,0.51333416,0.4954033,0.6753501,0.49938643,0.401895,0.7343826,0.7571117,0.6846006,0.29778704,0.58154035,0.7204931,0.7404562,0.26892564,0.76913375,0.6229016,0.7681105,0.42412752,Stable
0.36743832,0.5133452,0.49789363,0.67578954,0.5030538,0.3997805,0.73690474,0.7611842,0.6807386,0.2987413,0.5522441,0.72512186,0.7370614,0.26602742,0.7679312,0.62924933,0.76867473,0.42886817,Stable
0.364415,0.51273215,0.50075436,0.67192906,0.5008357,0.39766628,0.6860528,0.7398492,0.6785118,0.30012125,0.4862767,0.7086959,0.74254173,0.2538154,0.7689559,0.62295306,0.7689442,0.423284,Stable
0.36341906,0.51292944,0.50104344,0.67192286,0.5014075,0.39754102,0.68625104,0.74014705,0.67943656,0.29966396,0.48607132,0.70890605,0.7427022,0.2537262,0.7690248,0.62335205,0.76899266,0.42322654,Stable
0.36480612,0.51290005,0.49591744,0.67151403,0.5013325,0.39689785,0.6862484,0.738462,0.6778325,0.3009541,0.54288137,0.71545255,0.7499775,0.23504633,0.76786196,0.6203925,0.7683014,0.4126277,Stable
0.36776352,0.51195943,0.5022661,0.67776895,0.49975735,0.40018702,0.73640573,0.75789374,0.6847794,0.29475716,0.548081,0.7236743,0.7430239,0.25511044,0.7671598,0.6263795,0.7669071,0.42491072,Stable
0.3627846,0.51402986,0.4995669,0.6790075,0.49786657,0.402166,0.72895646,0.7586083,0.67981935,0.29819697,0.5484835,0.72459364,0.757574,0.22773606,0.7696943,0.6279201,0.76876664,0.4260033,Stable
0.36115238,0.514881,0.49828172,0.6800022,0.49916145,0.4008319,0.7303988,0.75628984,0.6803025,0.2987967,0.56757385,0.7248467,0.74554205,0.24947885,0.7726855,0.62860256,0.77123463,0.41400206,Stable
0.36119705,0.5143808,0.49839437,0.6798679,0.49933502,0.40073773,0.7307572,0.75622153,0.680546,0.29861754,0.56746006,0.7249057,0.7457013,0.24944255,0.77285564,0.62833005,0.7714498,0.4139136,Stable
0.3672083,0.5155005,0.49888027,0.67652744,0.49653932,0.40536892,0.68820494,0.7512819,0.6808903,0.29830754,0.56376565,0.7214054,0.74614584,0.25315908,0.7718677,0.6272496,0.77306193,0.4312806,Stable
0.36421865,0.51593745,0.49928555,0.6783353,0.49927038,0.40194258,0.69098437,0.7531962,0.68459976,0.29646745,0.5655522,0.7224827,0.7374762,0.2698558,0.7707689,0.6414254,0.7734121,0.42974555,Stable
0.36812612,0.51321656,0.4999033,0.67765605,0.49932516,0.39871287,0.689392,0.74995244,0.68155736,0.2981314,0.568839,0.72078794,0.7411033,0.25122038,0.7691289,0.62003523,0.76955646,0.41245946,Stable
0.36545753,0.5166284,0.49667954,0.67733306,0.4991429,0.40164638,0.68859524,0.7474464,0.68443334,0.29678762,0.5696541,0.723276,0.73840714,0.26609096,0.77109957,0.6262218,0.7688231,0.4269162,Stable
0.36543927,0.5166525,0.49671972,0.67728156,0.49929243,0.4016726,0.68872774,0.7476339,0.6844973,0.29677644,0.5696008,0.723057,0.73832846,0.26595318,0.7713473,0.626487,0.76908743,0.4270895,Stable
0.3604785,0.5183753,0.5000819,0.67912364,0.49826193,0.4011701,0.7313974,0.7590138,0.6847181,0.29772428,0.5463195,0.7269117,0.7333455,0.27450526,0.7713909,0.6292038,0.7704639,0.42686862,Stable
0.3640879,0.5178438,0.4987404,0.67861116,0.495255,0.40388173,0.6898813,0.75139374,0.68239444,0.29535484,0.5671288,0.72093487,0.73152417,0.2701673,0.7687619,0.6214901,0.7674762,0.41764385,Stable
0.3629433,0.51876223,0.5038089,0.6812298,0.49973518,0.40398917,0.735187,0.76085436,0.6844351,0.29792258,0.5478476,0.7230835,0.7359621,0.2653177,0.77075696,0.6232512,0.7703468,0.41727656,Stable
0.36189675,0.52134633,0.5043561,0.68439996,0.49800727,0.40258083,0.7329848,0.75916976,0.6785524,0.2998151,0.5510148,0.7216102,0.74239624,0.24582335,0.7671592,0.6285995,0.764225,0.42655084,Stable
0.36187178,0.52132463,0.50450087,0.68428487,0.49806398,0.4026717,0.7331215,0.75913376,0.6786759,0.2997,0.55091894,0.7216059,0.7427459,0.24568447,0.76705134,0.6282077,0.7642707,0.4263315,Stable
0.36274433,0.52158904,0.5012348,0.6869671,0.4958731,0.40177393,0.73722446,0.7585559,0.67647713,0.30110598,0.54793066,0.7256128,0.7404897,0.24582987,0.7728007,0.6272931,0.7680852,0.4197391,Stable
0.364719,0.5206526,0.5032028,0.69451606,0.4980825,0.403544,0.74258274,0.7593348,0.6746921,0.3000118,0.58475554,0.73314166,0.73733807,0.24843034,0.7760521,0.63086057,0.7715831,0.4176676,Stable
0.36320192,0.5192937,0.5024094,0.6917078,0.4993655,0.40157843,0.73006004,0.7631117,0.676118,0.29947257,0.5754503,0.7251855,0.7316723,0.2569482,0.77303195,0.63193417,0.76990694,0.4285388,Stable
0.36217266,0.52044004,0.4959637,0.6844262,0.49905583,0.4020531,0.69064224,0.75223386,0.68220603,0.29652202,0.57259107,0.7234477,0.7410266,0.26917922,0.77101266,0.62607574,0.76891017,0.42678422,Stable
0.36221442,0.52055305,0.49605107,0.68425435,0.49907595,0.40228707,0.6905298,0.7521248,0.682013,0.2966722,0.57247573,0.7234358,0.74118805,0.26928198,0.77110934,0.62592804,0.76907146,0.4269519,Stable
0.35868186,0.5211175,0.49881732,0.686602,0.50088644,0.4025265,0.7256144,0.7642466,0.67734593,0.29890418,0.5769123,0.7276496,0.7379396,0.26487112,0.76920456,0.63111186,0.7685201,0.43077898,Stable
0.36533666,0.52369696,0.4990862,0.681828,0.49913335,0.4045734,0.72909915,0.7592428,0.6814949,0.29719532,0.5745825,0.7210418,0.73958826,0.26525912,0.76964486,0.630697,0.7708315,0.4314279,Stable
0.36575264,0.5230422,0.5003139,0.6809293,0.4973107,0.40394664,0.69097126,0.74965537,0.67992306,0.29645413,0.55343115,0.72477645,0.7359786,0.26872343,0.77255905,0.62574893,0.7725488,0.42862737,Stable
0.3665896,0.5231477,0.5005153,0.68148226,0.49742794,0.40293813,0.72379154,0.75328535,0.6797532,0.29383656,0.57136506,0.7211807,0.736907,0.25424904,0.76838136,0.62959427,0.76602256,0.42648146,Stable
0.3666728,0.52311784,0.50048625,0.6815459,0.49741647,0.40279505,0.72360104,0.753456,0.67964834,0.29400516,0.5716422,0.7214699,0.7369975,0.25455564,0.76814646,0.6294621,0.7658961,0.42635942,Stable
0.36360928,0.52246594,0.49751577,0.675555,0.49998528,0.4021957,0.717088,0.7470829,0.6798074,0.295003,0.5523375,0.71816826,0.7432327,0.24690947,0.7729937,0.62272155,0.77157515,0.41375968,Stable
0.36681017,0.5224735,0.50543094,0.6792439,0.50138235,0.3995098,0.73837113,0.7506573,0.6795837,0.29510358,0.5718691,0.7123982,0.7403517,0.26857346,0.7744627,0.62426054,0.7751516,0.41309607,Stable
0.37117064,0.52268827,0.5010041,0.67803717,0.49605012,0.4013291,0.70639867,0.74512863,0.6818668,0.29579142,0.5449196,0.71926355,0.74570906,0.25391072,0.773569,0.62697226,0.7699584,0.4161561,Stable
0.37188733,0.5227623,0.5057537,0.67574084,0.5021705,0.39895058,0.72583383,0.74665856,0.6767522,0.2988147,0.529823,0.7175934,0.7693238,0.21497938,0.7736577,0.60965955,0.7707676,0.41094038,Stable
0.37207484,0.52276874,0.5058219,0.6757873,0.5020053,0.39900976,0.7259094,0.7467584,0.67662656,0.2988883,0.52968097,0.7176101,0.7693447,0.21494061,0.77383256,0.6095316,0.77083313,0.41060802,Stable
0.3705802,0.5246747,0.5040724,0.67358345,0.5032869,0.3970909,0.720775,0.74450624,0.68487144,0.29323557,0.5358748,0.7275762,0.7667274,0.21854776,0.7752415,0.6164243,0.7711794,0.40526712,Stable
0.3678729,0.52298504,0.50465345,0.67854285,0.5032858,0.3956343,0.7298428,0.74997437,0.67972755,0.29238594,0.534428,0.73048437,0.7349644,0.2610734,0.7748579,0.6186663,0.7706524,0.40336835,Stable
0.36406463,0.51943207,0.5040585,0.67636824,0.4995236,0.396517,0.7217898,0.74530905,0.677191,0.29423624,0.5387502,0.7334602,0.73824215,0.2587731,0.7745282,0.6200882,0.77204657,0.4068597,Stable
0.36419293,0.5195215,0.5052662,0.67860794,0.50195843,0.39448166,0.72415197,0.74421346,0.6813786,0.29079917,0.53771317,0.7401547,0.7360525,0.25361118,0.7782799,0.62188786,0.77413785,0.40601158,Stable
0.36400265,0.5196948,0.5050961,0.67857474,0.5018377,0.39448804,0.7235738,0.74434984,0.6813089,0.2908873,0.5376202,0.7401264,0.73589844,0.2537578,0.7780776,0.6220333,0.7739803,0.40620768,Stable
0.3606596,0.52094764,0.5009067,0.67899895,0.5012802,0.39425772,0.6777856,0.74409103,0.6833458,0.2879906,0.5191394,0.72994816,0.7407284,0.24732247,0.7787757,0.6232326,0.77327675,0.40599692,Stable
0.36216342,0.5185865,0.4987998,0.67427635,0.50201356,0.3940267,0.7348827,0.7554908,0.6844624,0.28651527,0.52383417,0.7313614,0.742149,0.25523573,0.77354956,0.6198117,0.77001166,0.40531528,Stable
0.36551842,0.5160301,0.49836683,0.6705663,0.49981666,0.3907327,0.73339117,0.7332939,0.6844921,0.2846389,0.5426911,0.7362859,0.72963154,0.25678626,0.7738353,0.6014383,0.7688538,0.40383792,Stable
0.36300862,0.5149119,0.4938634,0.67689204,0.5007261,0.3878749,0.7284121,0.73058957,0.68033516,0.29002833,0.53712094,0.7341056,0.73412466,0.25759503,0.77253115,0.6260526,0.76943254,0.4093864,Stable
0.36291695,0.5150663,0.49396893,0.676667,0.50071937,0.38765407,0.72864246,0.7302872,0.6803813,0.28991324,0.5372813,0.7340896,0.7340385,0.25768927,0.7724601,0.62584674,0.7694024,0.4092517,Stable
0.3638963,0.51410437,0.49976414,0.6722469,0.5068327,0.38472602,0.7277461,0.7312579,0.6874797,0.2818917,0.54395664,0.73546165,0.73220706,0.2547388,0.77473533,0.6185743,0.7710928,0.40345785,Stable
0.36513442,0.5152233,0.49824435,0.67304945,0.5056994,0.38850424,0.72226137,0.7272343,0.69206977,0.27577978,0.5346725,0.731935,0.7254519,0.25125435,0.7751851,0.6217836,0.7716832,0.40702522,Stable
0.36034745,0.51527464,0.49383146,0.6675064,0.5033348,0.3882236,0.723498,0.72225475,0.6846715,0.28124538,0.5203979,0.72589123,0.7324163,0.254389,0.7750332,0.62200093,0.770962,0.40498134,Stable
0.36079627,0.513815,0.49549502,0.6721338,0.4939317,0.3910696,0.6826269,0.73377025,0.6796763,0.28752488,0.53114974,0.7248444,0.7522339,0.22730976,0.77383006,0.61883986,0.7667576,0.40101886,Stable
0.3606307,0.51416695,0.49559292,0.67197716,0.49400783,0.3911813,0.68264985,0.733595,0.6797306,0.2873379,0.531091,0.72480106,0.7521767,0.22728193,0.77372944,0.6188056,0.76665854,0.40110335,Stable
0.36362094,0.51430166,0.49832928,0.6741246,0.49574715,0.39304194,0.6819726,0.73266435,0.68059176,0.28722736,0.50571084,0.72122526,0.73190546,0.2590475,0.7777726,0.62956953,0.77107424,0.41041803,Stable
0.36324117,0.5149294,0.4971,0.66981936,0.49926847,0.38829905,0.7257631,0.7192466,0.68281937,0.28128752,0.5280496,0.7196815,0.750215,0.22833872,0.7739846,0.62211823,0.7688882,0.40451044,Stable
0.36446127,0.50604296,0.5016057,0.66963166,0.50116813,0.38916132,0.7398677,0.72345626,0.6831615,0.2787837,0.51766163,0.7128935,0.73184174,0.251559,0.780601,0.601935,0.77472156,0.39115092,Stable
0.36553305,0.5045142,0.504681,0.67494506,0.4922551,0.39179415,0.7351421,0.72879076,0.68200344,0.28022438,0.52841717,0.7196015,0.7499224,0.22655725,0.77462137,0.61373407,0.767684,0.40006694,Stable
0.36574578,0.50454235,0.5047294,0.6749209,0.49227542,0.39178583,0.7353105,0.72969294,0.6818902,0.2804051,0.5285949,0.7197384,0.7499335,0.22656319,0.7746067,0.6136614,0.76775515,0.40002435,Stable
0.36594957,0.50565207,0.50223064,0.66541016,0.4943545,0.39405638,0.7421212,0.72692525,0.6733982,0.28636438,0.53294253,0.71419686,0.72551394,0.2576903,0.77857494,0.5939782,0.77349484,0.3914318,Stable
0.3634957,0.50611514,0.50108814,0.66913056,0.49441394,0.39211297,0.73758876,0.7114713,0.67551625,0.28560174,0.5171883,0.71220124,0.7283673,0.25512522,0.7790754,0.6171998,0.7718594,0.40582976,Stable
0.36547798,0.5056106,0.50288606,0.678208,0.4972757,0.39266273,0.7420459,0.70126414,0.6807283,0.2847842,0.5326735,0.7122068,0.7357707,0.24811634,0.7804612,0.6137229,0.77267647,0.40052554,Stable
0.37329942,0.49863037,0.50221753,0.6805884,0.49936956,0.39012772,0.7462013,0.70643705,0.6799612,0.28438318,0.5304567,0.714324,0.71735567,0.2558572,0.78154695,0.5868385,0.77240986,0.38660595,Stable
0.37337047,0.4985884,0.5022221,0.6806032,0.49947903,0.38997647,0.7461592,0.7064042,0.6799575,0.2843295,0.53047276,0.71428674,0.7172336,0.25575435,0.78149647,0.58681035,0.7723491,0.38662073,Stable
0.37577125,0.49393904,0.5067394,0.6779892,0.50145525,0.3889715,0.7393887,0.70800704,0.67451036,0.28843623,0.51824033,0.71513313,0.7154579,0.2536953,0.77986455,0.5874892,0.77422893,0.3901274,Stable
0.37684685,0.50080943,0.4970525,0.67961276,0.49477896,0.39069355,0.7371902,0.726781,0.6831986,0.2839257,0.5694787,0.7152904,0.758202,0.23233996,0.77516496,0.6055146,0.76848555,0.39811242,Stable
0.37708724,0.5032439,0.49776334,0.67742175,0.50152,0.3931983,0.73739713,0.7324108,0.6824405,0.28371567,0.52248985,0.727832,0.72804546,0.2606438,0.7777598,0.60622025,0.7724511,0.39744473,Stable
0.37599444,0.5048547,0.4950471,0.6814303,0.49843937,0.3941974,0.7219848,0.73783225,0.68385714,0.28693873,0.5835024,0.6982593,0.74636567,0.25290674,0.7800747,0.6062543,0.77457374,0.39746833,Stable
0.37596047,0.5049267,0.49501544,0.6814706,0.49850798,0.3940857,0.7218237,0.7378161,0.6839284,0.2869383,0.5836433,0.698086,0.7462442,0.25287673,0.7800741,0.60633296,0.7745639,0.39763182,Stable
0.37611684,0.5073358,0.4874893,0.68066114,0.49360704,0.39993143,0.681896,0.7421848,0.67966646,0.29149383,0.6152295,0.69154596,0.7435695,0.24972537,0.78234,0.59322286,0.7725316,0.3972058,Stable
0.37750864,0.51221406,0.48183176,0.68190855,0.49244675,0.4008381,0.7399061,0.71062255,0.6773689,0.2911588,0.5661372,0.7214613,0.7576675,0.24111634,0.7756972,0.61010885,0.77310574,0.39052176,Stable
0.37545305,0.5110219,0.49630126,0.6777375,0.49214023,0.39721236,0.7370471,0.70916367,0.67736256,0.2930687,0.57866323,0.70728827,0.7596121,0.2230352,0.77884495,0.5918504,0.7712579,0.40081716,Stable
0.37627846,0.5065125,0.49214953,0.68317604,0.4954778,0.39234465,0.64246106,0.7529749,0.6692101,0.28320697,0.5194533,0.740225,0.7469475,0.22352341,0.77341455,0.6124171,0.7693019,0.3929718,Stable
0.37628418,0.5065748,0.49216756,0.68319035,0.49564716,0.3922684,0.64257306,0.7529217,0.66936964,0.28313524,0.51942,0.7402593,0.74696416,0.2234852,0.77344364,0.612322,0.76927847,0.39281794,Stable
0.37710422,0.4999293,0.49777383,0.67958343,0.49438018,0.3912166,0.7369976,0.7191808,0.6766137,0.27733874,0.56737727,0.70905656,0.7709266,0.19694655,0.7797767,0.5907736,0.77367085,0.38741475,Stable
0.37846947,0.49696338,0.49436486,0.67762876,0.49381095,0.39008984,0.7387258,0.7259809,0.6676914,0.28268152,0.5439178,0.71226704,0.7703781,0.19571233,0.7765024,0.60586715,0.771521,0.40148503,Stable
0.38066953,0.4919288,0.499464,0.6810884,0.49363995,0.38866222,0.74101007,0.7170765,0.67646456,0.27358824,0.5941225,0.6985201,0.7521834,0.22944078,0.7792275,0.5880207,0.768808,0.39469296,Stable
0.38055003,0.49326742,0.5015483,0.67959845,0.49435604,0.3861234,0.74087214,0.7246978,0.67488354,0.27548987,0.5727804,0.71192497,0.7448119,0.23044652,0.77859807,0.60128653,0.7743707,0.3855012,Stable
0.38053066,0.49324286,0.50152946,0.6794874,0.49432155,0.38609502,0.74088633,0.7242581,0.67494607,0.27548623,0.5726793,0.71156883,0.744861,0.23039155,0.77878726,0.6012365,0.77456445,0.38555384,Stable
0.38162252,0.49180293,0.49591976,0.67995024,0.493684,0.38320598,0.7407064,0.7327049,0.67498344,0.27384934,0.5697893,0.7137014,0.738785,0.23938957,0.7808801,0.5989752,0.77514,0.38245273,Stable
0.38221723,0.4916858,0.49952424,0.6779327,0.49539375,0.38174233,0.7122423,0.7708232,0.67499816,0.27282965,0.59429944,0.6935944,0.74873877,0.2252467,0.77904356,0.6005639,0.77322245,0.38392255,Stable
0.3815058,0.49720773,0.4941803,0.67614335,0.49280068,0.38425666,0.70314306,0.77478683,0.674299,0.27706295,0.53500473,0.7670919,0.7635982,0.20739923,0.7831383,0.6084742,0.7745568,0.40048283,Stable
0.37970454,0.49944875,0.4891467,0.68300503,0.49605334,0.3833786,0.70895547,0.7707151,0.6783535,0.2806744,0.57878757,0.70505875,0.7655382,0.21044753,0.775537,0.6275084,0.7755927,0.399352,Stable
0.3797081,0.49947414,0.48889458,0.682898,0.4959446,0.3833505,0.7089062,0.77057284,0.6780137,0.28093103,0.5787597,0.7049662,0.7657795,0.21030083,0.7756276,0.6273804,0.77561855,0.39932436,Stable
0.37627172,0.4953364,0.49315533,0.67738473,0.49617395,0.3827901,0.74275494,0.74748015,0.6829061,0.27402398,0.56643564,0.71055925,0.75800484,0.22516322,0.77716756,0.6092542,0.7776011,0.40301234,Stable
0.3765375,0.499024,0.4980794,0.6649233,0.4971778,0.3861745,0.749699,0.7476175,0.6813857,0.2789925,0.59106416,0.70299095,0.7647476,0.21441858,0.7812254,0.5936713,0.7804374,0.38902658,Stable
0.3759842,0.50318825,0.498613,0.6758573,0.49825585,0.38422245,0.7516483,0.7748796,0.6800735,0.2767262,0.53838766,0.71199703,0.76348084,0.21021384,0.77848804,0.60471666,0.7763641,0.3863635,Stable
0.37426102,0.5034371,0.50091964,0.6604368,0.5001898,0.3871903,0.70496845,0.7731237,0.67904896,0.2757072,0.62696445,0.6985805,0.75304604,0.23467617,0.78503674,0.59341323,0.7809486,0.3860751,Stable
0.3740787,0.50348896,0.5010597,0.6603625,0.5001696,0.3872987,0.7048857,0.7730924,0.6789254,0.2757527,0.6269447,0.69882625,0.7620121,0.21434796,0.7850957,0.59315056,0.78099656,0.38576883,Stable
0.36926043,0.50462174,0.49657267,0.6622932,0.49549508,0.38432455,0.7091631,0.77264786,0.6722662,0.2794775,0.5949053,0.6997154,0.7463561,0.22845331,0.7771671,0.60808754,0.77532136,0.39260027,Stable
0.370215,0.5047235,0.4990688,0.674678,0.4970109,0.38638496,0.7517321,0.76014274,0.680156,0.27321813,0.59349704,0.69963974,0.7408809,0.23425126,0.78004354,0.6070954,0.7798416,0.39043066,Stable
0.36428428,0.50421304,0.5044229,0.6728723,0.49966037,0.38602945,0.7504796,0.75700057,0.6788143,0.2718604,0.60954607,0.6816851,0.758302,0.20953505,0.778553,0.61469764,0.7809311,0.40498492,Stable
0.3618152,0.5028961,0.50734985,0.6578828,0.49442422,0.38284516,0.74232817,0.7237568,0.6758337,0.27570093,0.6808933,0.67130804,0.76390237,0.20853233,0.7739099,0.5920734,0.77355754,0.38883477,Stable
0.36185607,0.5027989,0.50724745,0.65794086,0.49439728,0.38301918,0.742308,0.7240657,0.67577976,0.27574307,0.6807074,0.6713903,0.76375717,0.20859788,0.77396125,0.5922563,0.7734848,0.38902795,Stable
0.3610732,0.5011153,0.50573915,0.6553935,0.4943374,0.38643193,0.73692083,0.7264971,0.6748899,0.27577665,0.6900548,0.67132723,0.7707407,0.1965985,0.77306855,0.5917045,0.77370805,0.39157337,Stable
0.36172652,0.50305796,0.5122086,0.6582418,0.49537787,0.38194832,0.743185,0.71777505,0.6814093,0.27327755,0.7096162,0.6626541,0.75832486,0.21147168,0.7774863,0.5915488,0.7750615,0.39315033,Stable
0.3612712,0.50248706,0.5050243,0.66126215,0.49585825,0.38490468,0.7346737,0.7307335,0.6756693,0.27416974,0.714239,0.6662193,0.7549616,0.22568206,0.77774763,0.58903843,0.77571195,0.38727498,Stable
0.3584236,0.50145316,0.49754596,0.6632229,0.49985582,0.37694287,0.7380621,0.7561468,0.68219686,0.2632518,0.689842,0.67963713,0.75736755,0.21237174,0.77966285,0.58762777,0.7765452,0.38512048,Stable
0.35824427,0.50158334,0.49765736,0.6633993,0.49992952,0.37697172,0.7383888,0.7563047,0.6822672,0.26323617,0.6896028,0.67952394,0.7574462,0.21240453,0.779721,0.5878992,0.77655977,0.38525388,Stable
0.3561786,0.5045602,0.49612138,0.65839404,0.500949,0.37965474,0.72030467,0.74084723,0.68467474,0.26153922,0.6889645,0.66114926,0.73558474,0.22874783,0.774394,0.5893417,0.7745484,0.38658816,Stable
0.36257863,0.50344914,0.4934013,0.6677867,0.49695063,0.3768085,0.66334367,0.77855766,0.68348,0.26002854,0.75440645,0.78345394,0.74578416,0.22416261,0.7779604,0.5931032,0.77459884,0.3880206,Stable
0.36157772,0.5032478,0.49535692,0.6541901,0.49608058,0.37892115,0.72010964,0.75829166,0.6836357,0.26282293,0.71371627,0.7767453,0.76155066,0.20089577,0.7727885,0.5886478,0.7723061,0.38412437,Stable
0.36354816,0.50300705,0.50194263,0.6572564,0.49576956,0.3764623,0.7023298,0.7696496,0.687045,0.26101685,0.63530064,0.743688,0.7502692,0.21833855,0.77164906,0.588438,0.77361244,0.38606465,Stable
0.3633896,0.50306994,0.5020587,0.65730286,0.4958648,0.3765388,0.7029222,0.76965994,0.6872854,0.260882,0.63484937,0.7438363,0.75036037,0.21815799,0.77180237,0.58885485,0.77363527,0.38625515,Stable
0.36292267,0.50545585,0.5031744,0.6551324,0.49722,0.37380034,0.72331023,0.7586362,0.68667424,0.26215544,0.6526764,0.70446455,0.74474835,0.23302047,0.77210087,0.5844817,0.77409434,0.38500488,Stable
0.35944128,0.5002214,0.50577915,0.65768254,0.49718225,0.37101707,0.71729875,0.75885606,0.68585217,0.2578796,0.6816742,0.76598465,0.7397288,0.22953856,0.76754755,0.57827234,0.7694932,0.38168985,Stable
0.3630857,0.49325627,0.50178444,0.6550367,0.49413037,0.36579436,0.7160885,0.7601119,0.6892483,0.25134715,0.68170756,0.68711007,0.74743366,0.21816349,0.77256465,0.5797346,0.77258897,0.3671956,Stable
0.36082458,0.48889837,0.5018903,0.6413361,0.48943895,0.3625911,0.7169845,0.7615323,0.6848051,0.25305226,0.61125034,0.6761776,0.7438587,0.2242428,0.7738769,0.5789119,0.7710745,0.377596,Stable
0.36087984,0.48885462,0.50179756,0.6414009,0.48937663,0.3625542,0.71688336,0.7615537,0.6846516,0.25310424,0.61120224,0.67614406,0.7438719,0.22423747,0.77375,0.5789629,0.77095544,0.37764272,Stable
0.36100227,0.48527658,0.4994555,0.6370024,0.49301577,0.363072,0.7283659,0.68882227,0.685956,0.25136983,0.7218256,0.64451146,0.743735,0.2205702,0.76915693,0.57543224,0.7695528,0.3646921,Stable
0.35847947,0.4830943,0.4928765,0.63178134,0.49189413,0.36072195,0.7225473,0.69218963,0.68559337,0.24934942,0.7225112,0.65187645,0.75198716,0.20729837,0.7741692,0.5823872,0.76868474,0.36711144,Stable
0.3624532,0.4843646,0.49044615,0.62994087,0.49742112,0.3618968,0.71975607,0.6945138,0.68438077,0.250968,0.7024468,0.6461402,0.7401186,0.22963242,0.7736424,0.58004373,0.7690909,0.36857444,Stable
0.3700415,0.48413098,0.49532133,0.62425506,0.4976561,0.36620137,0.6944076,0.687282,0.675169,0.26621974,0.76187444,0.6505343,0.7570205,0.2195596,0.7785448,0.56630254,0.76994574,0.36921847,Stable
0.36999255,0.48416978,0.49516773,0.6243719,0.49758714,0.36615467,0.69444525,0.6874828,0.67519015,0.26616687,0.75344914,0.6576525,0.7570207,0.21975395,0.77845776,0.56626666,0.7698636,0.36917803,Stable
0.37251383,0.48474678,0.49457318,0.6223705,0.5024574,0.3631335,0.7020347,0.6731433,0.6818472,0.26561645,0.76426387,0.6506493,0.7521796,0.24031085,0.7778032,0.56593627,0.7737675,0.3704154,Stable
0.3735149,0.4866234,0.49917358,0.6269922,0.49967194,0.3715939,0.6969406,0.6906681,0.6814629,0.27316153,0.7653472,0.65260905,0.74994606,0.22925906,0.7726397,0.57736826,0.7687491,0.37905353,Stable
0.3761673,0.50090975,0.50389826,0.64089024,0.49890813,0.37810335,0.7122587,0.7204935,0.67915624,0.28969115,0.7551985,0.70538354,0.7569198,0.23131919,0.77212447,0.58487046,0.77360696,0.38657185,Stable
0.37245858,0.5135892,0.5017681,0.64650583,0.49729905,0.38184258,0.71089166,0.73555917,0.6868793,0.28445673,0.7528934,0.74054927,0.7661799,0.2194699,0.7742793,0.5884371,0.7729205,0.38348305,Stable
0.37245035,0.513588,0.5017698,0.6466859,0.4974483,0.38179335,0.7111317,0.7358222,0.6869492,0.284457,0.7528374,0.74075234,0.76608914,0.21956792,0.7742946,0.5886023,0.77295244,0.38352424,Stable
0.37060818,0.5180978,0.5017148,0.6479349,0.49350834,0.39351547,0.71080154,0.72979236,0.68026614,0.2890191,0.7600627,0.7305321,0.75948286,0.22483115,0.7751956,0.5884184,0.7725022,0.38566023,Stable
0.35873884,0.52288187,0.50283027,0.6548295,0.49509132,0.39335102,0.7089402,0.74411935,0.67824066,0.28598437,0.74471223,0.78525674,0.75778764,0.22876257,0.7749903,0.5958561,0.7705146,0.392774,Stable
0.35989055,0.52353656,0.50658935,0.65947294,0.49489254,0.39625895,0.7242515,0.7328007,0.6782128,0.28913423,0.75525653,0.7213793,0.7580514,0.23061043,0.7776865,0.59918404,0.7723925,0.39294356,Stable
0.36268514,0.5231864,0.5072291,0.6575075,0.49297974,0.393076,0.7102394,0.74174994,0.67612183,0.28892693,0.75076926,0.7626033,0.75684726,0.22721045,0.7759737,0.5921978,0.7703749,0.38976246,Stable
0.36261362,0.52320546,0.5071025,0.65765494,0.49289304,0.3929695,0.7101916,0.7417166,0.67655706,0.28891712,0.75098485,0.76235497,0.7566759,0.22747749,0.7758541,0.59205127,0.7702012,0.38956857,Stable
0.36031038,0.52491534,0.5130588,0.66183126,0.4967472,0.3882479,0.7237002,0.7403349,0.68159413,0.28741306,0.7576691,0.710349,0.7575823,0.23061341,0.7801168,0.59916186,0.77612174,0.39455912,Stable
0.3628142,0.52672005,0.5089674,0.6595177,0.4995165,0.39155275,0.70668626,0.7627656,0.6828665,0.2848009,0.72588396,0.7339584,0.73245037,0.2679105,0.7813486,0.59602714,0.7778713,0.389552,Stable
0.3694342,0.5248802,0.50613153,0.6594165,0.49816626,0.39292455,0.7278781,0.7306421,0.6795496,0.2887317,0.72182846,0.7294163,0.75402486,0.23477207,0.7786595,0.5926461,0.7758957,0.3891471,Stable
0.37087405,0.5237965,0.50855315,0.6578318,0.5001662,0.39226434,0.7244412,0.709099,0.679952,0.28894117,0.7519569,0.70368624,0.72734,0.25865167,0.77635276,0.5855761,0.773612,0.38761076,Stable
0.3707705,0.5238101,0.5086914,0.6579495,0.50030065,0.3921125,0.72457004,0.70877737,0.6800079,0.28890908,0.7520103,0.70336646,0.7099285,0.2660182,0.77654445,0.5853693,0.7737706,0.38753796,Stable
0.3704227,0.5220458,0.50640637,0.65813607,0.5002312,0.3976106,0.72294974,0.71927375,0.67713994,0.29083192,0.7633645,0.73176,0.7096305,0.26619387,0.7745768,0.58301747,0.7746264,0.39057487,Stable
0.3712626,0.52059686,0.50248206,0.6631201,0.49752197,0.39964402,0.72689694,0.7210649,0.6695318,0.29655772,0.7338618,0.720374,0.7486564,0.23604845,0.7756858,0.593583,0.7773163,0.39480168,Stable
0.3714573,0.5214387,0.5004086,0.66321075,0.49845088,0.3995844,0.72925436,0.71707284,0.6758821,0.29165575,0.74782705,0.7167591,0.7055167,0.26176885,0.7742475,0.5921787,0.77340794,0.3967273,Stable
0.3705086,0.5206127,0.4974671,0.6635231,0.49821877,0.40083334,0.72102654,0.7221538,0.66726494,0.29352975,0.7543945,0.80689734,0.738425,0.2356162,0.77370715,0.5966861,0.77200675,0.39750096,Stable
0.37048686,0.5207679,0.4974371,0.66352427,0.49820048,0.4010473,0.7211257,0.7221725,0.6670317,0.2937558,0.75455874,0.80639946,0.73856467,0.23545188,0.7738308,0.5968742,0.7713999,0.40441856,Stable
0.37016404,0.52382684,0.50408894,0.6632297,0.5010921,0.39621735,0.7194425,0.7323251,0.6705736,0.28996593,0.7610731,0.8031623,0.7373423,0.256867,0.77392143,0.5971043,0.77500534,0.40554392,Stable
0.370049,0.52574396,0.5043546,0.6651933,0.5008676,0.39733577,0.71804917,0.7538662,0.6709451,0.29030877,0.7277886,0.74605244,0.70875347,0.2597669,0.77511084,0.6030849,0.77687734,0.41157562,Stable
0.37071678,0.5261872,0.50809234,0.6684693,0.49949417,0.40048254,0.72768444,0.73761356,0.6705312,0.29411754,0.72521085,0.7443012,0.707045,0.265688,0.7723615,0.6018963,0.7713219,0.41175354,Stable
0.37070668,0.52754265,0.5092979,0.6762172,0.49963424,0.39882493,0.72238374,0.7517514,0.67385757,0.2942566,0.71105695,0.7433204,0.7669271,0.20072094,0.77595633,0.6186465,0.7774401,0.41262406,Stable
0.3706393,0.5276227,0.50928736,0.67609835,0.4995751,0.39882928,0.72234815,0.75170773,0.67368793,0.29432356,0.711014,0.7432806,0.7669089,0.20077613,0.7758628,0.6185728,0.77740955,0.41258228,Stable
0.3688273,0.5287725,0.511749,0.675851,0.502104,0.39976904,0.7401139,0.7502513,0.6748845,0.29277226,0.7130302,0.73922956,0.7368326,0.25923777,0.7816584,0.60155666,0.78030866,0.40740103,Stable
0.36978376,0.5289866,0.50949246,0.67581695,0.49960575,0.4005035,0.73715776,0.7409834,0.66968656,0.294082,0.71726197,0.71402097,0.7285383,0.27422217,0.77675414,0.6023388,0.7748617,0.412732,Stable
0.37044227,0.5279912,0.50794286,0.6689912,0.4977976,0.40035272,0.7344427,0.73488486,0.6640135,0.29668435,0.7199645,0.71317714,0.7628455,0.20242934,0.77519244,0.6120076,0.7738497,0.41445243,Stable
0.36875463,0.5282371,0.5100945,0.673007,0.5017369,0.3993197,0.7154183,0.7437376,0.66896284,0.28786004,0.74584335,0.7208874,0.73108566,0.27362832,0.7785174,0.61753654,0.77883637,0.41514537,Stable
0.36875182,0.5282553,0.5099262,0.6729469,0.50164986,0.39944774,0.71494675,0.7437823,0.6687734,0.2879279,0.74565357,0.72104573,0.73108387,0.27344704,0.778444,0.6176211,0.7787487,0.41521662,Stable
0.36974204,0.52670765,0.5100548,0.66974515,0.49919602,0.40095064,0.71343505,0.7615925,0.66584957,0.28776067,0.7607016,0.72443855,0.70960015,0.25326645,0.77861655,0.60928404,0.7715242,0.40726668,Stable
0.3726262,0.5272521,0.511356,0.6734636,0.49845135,0.40244144,0.72218084,0.76041806,0.66506237,0.2918904,0.73812413,0.7251965,0.69909376,0.2574032,0.7770202,0.6139534,0.7717315,0.4111126,Stable
0.3718303,0.52783865,0.50803125,0.67038006,0.4995548,0.40203947,0.70917284,0.7642242,0.6763062,0.29272392,0.7677773,0.76278913,0.76774716,0.20137131,0.7794912,0.611437,0.77592397,0.40971527,Stable
0.37266618,0.5280323,0.50750136,0.67210174,0.4938146,0.4050936,0.71313876,0.76323044,0.667269,0.29495636,0.74877894,0.7540976,0.7629814,0.20755403,0.77325976,0.6216525,0.7689313,0.42665833,Stable
0.3725458,0.52811885,0.50761044,0.67193335,0.49386436,0.40518552,0.71336293,0.76320446,0.66710156,0.29503548,0.7489202,0.7541484,0.76306313,0.20740269,0.7732003,0.6215396,0.7688726,0.4267535,Stable
0.37095746,0.52937543,0.50846744,0.67167914,0.5029043,0.39873356,0.70751214,0.768645,0.67047346,0.2942957,0.7608751,0.81437874,0.728852,0.26974702,0.7813132,0.61534816,0.7751763,0.41286844,Stable
0.37163466,0.53147066,0.5115435,0.676425,0.49901563,0.4021189,0.7074937,0.7616292,0.6726622,0.2917486,0.7441296,0.72628665,0.7639066,0.20240705,0.77698815,0.61759436,0.77414703,0.41420698,Stable
0.37273213,0.53143454,0.5178457,0.68449533,0.49755818,0.40265414,0.7305355,0.7585208,0.669578,0.2928603,0.7133519,0.7274991,0.7586419,0.21194834,0.7826082,0.5994394,0.77890027,0.40119442,Stable
0.369534,0.5324124,0.51538026,0.68319595,0.50078845,0.40227708,0.719136,0.76112384,0.67750204,0.28759697,0.71178806,0.75158113,0.76500386,0.20136741,0.77725387,0.61566263,0.775023,0.4132222,Stable
0.36959267,0.5323969,0.5155473,0.68338656,0.50091463,0.40212584,0.7189407,0.76106966,0.6775683,0.28727943,0.71198714,0.75154364,0.76491857,0.20129809,0.77719134,0.61540914,0.77478164,0.41282815,Stable
0.37270272,0.53267175,0.51624554,0.6814921,0.49629128,0.40857488,0.7368883,0.7613167,0.66758287,0.29304633,0.6809606,0.7464907,0.73634756,0.23226202,0.7809217,0.60349894,0.7739071,0.4091657,Stable
0.37390277,0.5333097,0.5183219,0.68165606,0.50023794,0.40204263,0.7286434,0.7536762,0.6687891,0.2923968,0.7314612,0.7281003,0.76770663,0.19978619,0.78310883,0.6039661,0.77832365,0.39869472,Stable
0.37309694,0.5261283,0.5219917,0.68278897,0.50187504,0.39965746,0.74638355,0.7615539,0.6807577,0.27608377,0.6797867,0.7313211,0.75950044,0.20198403,0.7836368,0.60426307,0.7796039,0.39977512,Stable
0.3757518,0.52829003,0.51798314,0.6811372,0.49846575,0.40479755,0.7502142,0.77640814,0.66468036,0.2937795,0.65073466,0.7383256,0.75956225,0.19685948,0.7791793,0.6174334,0.7751965,0.41258428,Stable
0.3757745,0.52873164,0.5181272,0.6811024,0.49832338,0.40477657,0.7500346,0.7755022,0.6645961,0.29371038,0.65195227,0.7373369,0.7597724,0.196658,0.7787871,0.61718464,0.774805,0.4123788,Stable
0.3708484,0.5310781,0.518417,0.68851227,0.49516755,0.40776736,0.73658264,0.81326044,0.6733428,0.29468203,0.6814003,0.76143587,0.76325476,0.20138417,0.77511567,0.61156917,0.7717425,0.41012108,Stable
0.37481472,0.5306932,0.5108819,0.6901847,0.49805146,0.40447673,0.73930854,0.78439784,0.67000645,0.2951849,0.7126039,0.7620689,0.7649596,0.19704959,0.77741903,0.6168961,0.77289355,0.41504985,Stable
0.3749097,0.53099906,0.5121602,0.68681353,0.50092757,0.40476117,0.70202065,0.80309933,0.67449176,0.28759676,0.6912488,0.7610113,0.76580757,0.19224504,0.7813462,0.60044724,0.7757734,0.40021604,Stable
0.37458497,0.53126645,0.51023304,0.67940795,0.50202423,0.3994926,0.70162004,0.7993287,0.6754746,0.28023496,0.6942727,0.75844836,0.73357147,0.24865171,0.7788075,0.59917235,0.77583236,0.396904,Stable
0.37465248,0.5311495,0.5103047,0.67934823,0.50200593,0.39945996,0.71915025,0.79759824,0.67555684,0.28021738,0.694481,0.7582311,0.7335067,0.24856505,0.7787672,0.5989023,0.7758025,0.39661014,Stable
0.37418717,0.5285681,0.5099727,0.67972386,0.50033635,0.40010375,0.71876425,0.7600526,0.67403483,0.27303427,0.708799,0.73664176,0.7619989,0.189607,0.77868605,0.5940545,0.7766878,0.39481637,Stable
0.37448084,0.52869195,0.5156967,0.6749861,0.4959849,0.39974496,0.7405056,0.75085443,0.66563785,0.28320348,0.72028136,0.7155623,0.75700057,0.19629282,0.77493536,0.59251595,0.7701723,0.39572233,Stable
0.3731006,0.5294517,0.50881565,0.675228,0.49762923,0.40011403,0.73592967,0.74980295,0.6719138,0.27937245,0.73396707,0.71835154,0.73266095,0.24589255,0.772484,0.59485656,0.7685444,0.39807186,Stable
0.37262177,0.5294993,0.5094992,0.6758406,0.49674964,0.40312958,0.7342772,0.75202966,0.6683358,0.2834975,0.72303534,0.7331029,0.75778127,0.19543032,0.773891,0.5945649,0.76797414,0.39761662,Stable
0.37261865,0.5294837,0.5094726,0.67573833,0.49668872,0.4031226,0.7379906,0.75599617,0.6681174,0.28369987,0.7229054,0.7330827,0.75791204,0.19543979,0.77362907,0.5945262,0.76783913,0.39772487,Stable
0.37188983,0.5281096,0.5155288,0.67770195,0.5019834,0.39658254,0.72409284,0.7763929,0.6726541,0.27290267,0.7215768,0.7221484,0.75745094,0.19423799,0.77852553,0.5953276,0.76977146,0.39576715,Stable
0.37207422,0.5276521,0.51237154,0.67070174,0.4949199,0.40130067,0.73503894,0.73622936,0.6686896,0.27295646,0.727642,0.7138023,0.75204724,0.1933142,0.7788955,0.58728313,0.77027106,0.38976544,Stable
0.37608004,0.52551174,0.51221097,0.67048806,0.49931836,0.3908909,0.70897186,0.75171554,0.6768205,0.26461178,0.7454648,0.7157504,0.7604608,0.17971572,0.7775993,0.5796621,0.7697065,0.39016032,Stable
0.3758818,0.52196956,0.51123947,0.667748,0.50142485,0.39138484,0.7250718,0.7328698,0.6752448,0.26564538,0.7628585,0.70719934,0.7640282,0.17691332,0.77973264,0.57613695,0.77070856,0.38819778,Stable
0.37586325,0.5219787,0.51128864,0.66765374,0.5014132,0.39136785,0.72515434,0.7328195,0.6754014,0.26572227,0.762865,0.7071206,0.7640157,0.17700915,0.7798257,0.5761267,0.7707865,0.3881738,Stable
0.37575895,0.52123964,0.51138675,0.658506,0.49860907,0.39172336,0.709578,0.73481005,0.66778386,0.26747343,0.762432,0.7018707,0.74965787,0.19245577,0.7781281,0.569714,0.7665467,0.37343952,Stable
0.37476707,0.5158741,0.51494515,0.6585469,0.49690136,0.38133383,0.72245204,0.73537487,0.67900914,0.25548267,0.7540936,0.71402407,0.75381315,0.19241808,0.7845789,0.57231975,0.77153575,0.37078577,Stable
0.3747427,0.5191443,0.51618665,0.65712583,0.5012947,0.3865757,0.7336847,0.73519295,0.67553896,0.2616749,0.75132024,0.71015036,0.7570878,0.18735546,0.7815949,0.59049356,0.7719904,0.3848275,Stable
0.37570673,0.5181193,0.51253563,0.6525808,0.5008525,0.38492343,0.7241153,0.73227924,0.68429244,0.25593996,0.75384927,0.71690965,0.7699396,0.1838291,0.7825784,0.56591934,0.7712051,0.36908874,Stable
0.375772,0.5180648,0.51241463,0.65242404,0.50087047,0.3849191,0.7241413,0.73217076,0.6842171,0.2560035,0.75381064,0.7164707,0.77006567,0.18381713,0.7824935,0.56593955,0.7711611,0.36910754,Stable
0.37616536,0.5173385,0.5144439,0.65661055,0.5008311,0.38349113,0.71981597,0.7345452,0.67053425,0.26781744,0.7507343,0.7087234,0.7569039,0.19138205,0.7751174,0.5878697,0.76395863,0.38203475,Stable
0.37732622,0.5183475,0.512062,0.6549392,0.5011075,0.38598508,0.7165286,0.7290809,0.6672194,0.2740686,0.7019235,0.70486206,0.75234145,0.1931966,0.77624226,0.5928154,0.76955193,0.3906647,Stable
0.37592518,0.51855004,0.50842917,0.6562056,0.5014694,0.38525063,0.71778715,0.7359831,0.6637352,0.27515632,0.7479701,0.75812405,0.76027477,0.18761444,0.7725501,0.5947843,0.7684192,0.3925166,Stable
0.37647507,0.51805115,0.5116229,0.6574685,0.4998259,0.38535208,0.7189488,0.7367169,0.6687949,0.26975185,0.7460096,0.71888983,0.7586603,0.17935798,0.77473044,0.595215,0.76952904,0.3925541,Stable
0.3762169,0.5179955,0.51167333,0.65735334,0.4998201,0.38541758,0.7186636,0.7367492,0.66868037,0.26989117,0.74603903,0.7190223,0.75860035,0.17938659,0.7748765,0.59501165,0.76962227,0.39246225,Stable
0.37686574,0.5176692,0.50833756,0.66008425,0.497598,0.3859719,0.71797174,0.7338927,0.67099154,0.2703231,0.7507291,0.7077074,0.75713366,0.17598568,0.77626604,0.5924765,0.7671921,0.38634512,Stable
0.37675142,0.5146758,0.51311487,0.6597985,0.50081336,0.3828002,0.7143004,0.7781815,0.68870795,0.25163516,0.7007348,0.7233391,0.7653897,0.17821524,0.7748701,0.59012496,0.76909554,0.38486034,Stable
0.37578422,0.5134233,0.5123644,0.6558425,0.499586,0.38028282,0.7130925,0.7481782,0.6803855,0.25762886,0.7147473,0.72661066,0.7543452,0.18761414,0.77488065,0.58886796,0.7692007,0.38391614,Stable
0.37673897,0.5098916,0.51306677,0.65704256,0.5003071,0.37868342,0.7468355,0.7356473,0.6872643,0.25217533,0.69848156,0.7037434,0.76321983,0.17774269,0.775325,0.57578623,0.7661699,0.37785706,Stable
0.37675616,0.51009595,0.5130729,0.6570425,0.5003184,0.3787043,0.7468698,0.73591626,0.6869974,0.25223684,0.6985053,0.7036345,0.7632117,0.17762288,0.77540076,0.5758964,0.7661864,0.37795252,Stable
0.367531,0.5095206,0.51102394,0.6568614,0.49638772,0.38022038,0.73352957,0.71628827,0.68092453,0.25648165,0.7481947,0.7079105,0.762499,0.18064164,0.772448,0.58630824,0.7699244,0.3838364,Stable
0.37223428,0.5048152,0.5097511,0.65552914,0.49886605,0.37480175,0.73558897,0.7147764,0.6847646,0.2525189,0.74105585,0.706176,0.76027673,0.17970505,0.77688897,0.58849573,0.77207947,0.38347864,Stable
0.3746949,0.5003992,0.5095663,0.65327865,0.5068927,0.37752366,0.7366752,0.7151482,0.68012583,0.25539908,0.74657416,0.69543445,0.7625363,0.17848429,0.7779864,0.5902594,0.7725079,0.38482738,Stable
0.3746892,0.50033534,0.50951374,0.6533618,0.506973,0.37762913,0.7366974,0.7151331,0.68016934,0.25536102,0.746659,0.6955371,0.76258624,0.17836505,0.7779781,0.5901502,0.77249354,0.38460767,Stable
0.37662002,0.487014,0.5063685,0.6515595,0.50098664,0.37353262,0.73411435,0.7217424,0.6746034,0.25708303,0.7097263,0.69452703,0.73173213,0.2100133,0.7736232,0.58891976,0.7727159,0.3866833,Stable
0.3780695,0.4797543,0.5055705,0.6533638,0.5018703,0.37172967,0.7268161,0.70892966,0.6815099,0.25314575,0.705708,0.6873507,0.75425124,0.18820688,0.7758362,0.58883417,0.7710015,0.38858074,Stable
0.37622428,0.48328876,0.5031489,0.6540017,0.5042389,0.367465,0.73641825,0.72357476,0.6796899,0.25120112,0.67494464,0.69544804,0.75181377,0.19395493,0.77656686,0.58911884,0.77237785,0.38563532,Stable
0.37711585,0.4802904,0.49892697,0.6429955,0.5004574,0.36704427,0.6786628,0.7348517,0.67960846,0.25249594,0.67879725,0.69950414,0.7616598,0.17471847,0.77169406,0.5859482,0.7704638,0.3847693,Stable
0.37774283,0.48238322,0.49893782,0.6430843,0.5004733,0.36698824,0.6785618,0.7354571,0.6797687,0.2523577,0.6783733,0.6994149,0.76166224,0.17432058,0.7717983,0.5859134,0.770522,0.38470706,Stable
0.37696022,0.48157954,0.4969045,0.6413809,0.500219,0.367751,0.68255305,0.7251831,0.67368454,0.25673783,0.67346734,0.7040917,0.7522005,0.18954174,0.77249616,0.5796008,0.77172494,0.3815384,Stable
0.3757958,0.48028958,0.497674,0.644184,0.5002763,0.36902612,0.6858124,0.7241299,0.6774659,0.25697887,0.67773366,0.6951887,0.75306034,0.18928236,0.7723676,0.5784867,0.77173084,0.38073778,Stable
0.37146968,0.48249018,0.50213706,0.6390288,0.50178057,0.36756313,0.71567214,0.6961853,0.6889328,0.24689552,0.75199115,0.69793195,0.7523963,0.19039445,0.7735602,0.572225,0.7717475,0.37973985,Stable
0.37912154,0.48285145,0.5012938,0.64332175,0.49854752,0.37182188,0.7128345,0.71448195,0.68404216,0.25235948,0.7513721,0.6946959,0.7540481,0.18670605,0.77331686,0.57113755,0.7702152,0.37161934,Stable
0.37915856,0.48292828,0.5013829,0.64329636,0.49847636,0.3717533,0.71281075,0.71437424,0.6838795,0.25243694,0.75140595,0.6945693,0.7540902,0.18669134,0.77335954,0.57107854,0.77026886,0.37162662,Stable
0.37781882,0.48459375,0.5086002,0.64657414,0.4945812,0.36970696,0.7065164,0.7212415,0.6841564,0.2478864,0.7518892,0.69592166,0.7530295,0.1868701,0.7747268,0.5734092,0.7703232,0.37801665,Stable
0.37768242,0.48414242,0.5085584,0.6384941,0.49746734,0.3732825,0.7241136,0.712229,0.6869156,0.24454,0.76083064,0.6948737,0.7529809,0.18640396,0.7757863,0.56313276,0.7677948,0.36355668,Stable
0.37716827,0.48428056,0.50690746,0.63377273,0.4950126,0.3672373,0.7042421,0.7272699,0.67911696,0.2492926,0.7538966,0.69292873,0.74350953,0.18807432,0.7714798,0.564631,0.7624476,0.3619679,Stable
0.3736655,0.484182,0.50394636,0.6353799,0.49343032,0.3629014,0.7112744,0.7325143,0.6806893,0.24075375,0.7572975,0.6974715,0.73906326,0.19949189,0.7707855,0.5520023,0.75979555,0.3479106,Stable
0.37379158,0.48417807,0.5040069,0.63540184,0.4934619,0.36289304,0.7111944,0.7326182,0.68081474,0.2407066,0.7574079,0.697783,0.7391688,0.19944954,0.77101153,0.5520791,0.76000684,0.34787327,Stable
0.36986622,0.48194525,0.50015867,0.6399848,0.4926918,0.36345142,0.71005976,0.73682946,0.6784345,0.24000572,0.7534447,0.697845,0.73956865,0.19598113,0.7735695,0.5702844,0.76584715,0.36207685,Stable
0.37041745,0.48171064,0.49504232,0.6361614,0.4914738,0.3608492,0.68603384,0.75301075,0.6833,0.23362073,0.75341266,0.7010565,0.7241193,0.21938166,0.77176374,0.5803966,0.7656554,0.3624439,Stable
0.3693477,0.4803102,0.49334848,0.63650644,0.49182165,0.36119258,0.682892,0.75582707,0.6844944,0.23420283,0.7533178,0.69722646,0.73941964,0.20174238,0.7699494,0.57100767,0.7633176,0.35901305,Stable
0.372946,0.4790039,0.5024819,0.64274806,0.49170756,0.3581879,0.71354485,0.758645,0.7095074,0.21825704,0.7061111,0.67601216,0.73716253,0.20054726,0.7748329,0.5862115,0.766648,0.35745668,Stable
0.3733045,0.47907314,0.5024013,0.64293015,0.4918973,0.3582364,0.7133825,0.7584648,0.7097701,0.21804379,0.70493424,0.67587304,0.73728824,0.20009921,0.7748622,0.5861531,0.7666477,0.3575608,Stable
0.3720488,0.4800133,0.4900894,0.6327913,0.4924435,0.35856056,0.7217261,0.7038616,0.70220846,0.22468093,0.7581476,0.6803639,0.74921834,0.19746915,0.77044916,0.5725916,0.7629596,0.36324424,Stable
0.3744532,0.4748565,0.49010026,0.6305968,0.4906655,0.35650092,0.7005377,0.73703456,0.69937056,0.22161603,0.7519044,0.6848843,0.75078714,0.18248114,0.7701971,0.570005,0.76552904,0.36089176,Stable
0.37396717,0.4736762,0.4903733,0.6327065,0.4868017,0.35452235,0.68574685,0.7314889,0.6734146,0.23492202,0.75718,0.68998194,0.7434413,0.18578175,0.7716799,0.5654711,0.76521766,0.35985133,Stable
0.37717956,0.4682593,0.49206573,0.6257905,0.48719943,0.3516439,0.70770574,0.73135245,0.6988641,0.21147424,0.75738406,0.69286776,0.745793,0.1828539,0.7690031,0.5625917,0.76078,0.35762876,Stable
0.37718052,0.4683594,0.49169028,0.6256962,0.4871064,0.3516607,0.7074663,0.7311341,0.6987637,0.21153413,0.75744337,0.6930176,0.74583304,0.18271431,0.7689105,0.5624532,0.7606451,0.35762572,Stable
0.37502044,0.46192643,0.48740953,0.62225884,0.4888155,0.35162258,0.6987497,0.7173397,0.68438876,0.22188185,0.7701413,0.6840341,0.75426745,0.17375623,0.76429605,0.55915767,0.7604892,0.36040163,Stable
0.37348157,0.45552415,0.4856566,0.6233475,0.48880482,0.34459722,0.70892966,0.7069793,0.7019645,0.21066663,0.76655793,0.67747116,0.75384104,0.17841032,0.7647513,0.54940283,0.7547066,0.3492317,Stable
0.3687309,0.45690978,0.489436,0.6206591,0.4876786,0.34726053,0.7088651,0.6999991,0.7000905,0.2095164,0.7644471,0.665296,0.7562913,0.15662982,0.76653093,0.54868406,0.76092,0.3478149,Stable
0.3785375,0.45890635,0.4928944,0.62163997,0.493103,0.34792802,0.71050066,0.6988341,0.70270824,0.21410605,0.76092595,0.6706714,0.7596203,0.14473118,0.76797265,0.55432403,0.76354396,0.34652877,Stable
0.3789127,0.45884654,0.4929657,0.6216849,0.49320003,0.3478735,0.71072006,0.69915074,0.70264137,0.2141689,0.7609147,0.6707255,0.759911,0.14432377,0.7679765,0.55435896,0.76352274,0.3466164,Stable
0.38034472,0.46758994,0.49856007,0.62717104,0.49276456,0.35257804,0.709995,0.7125211,0.69697666,0.22036734,0.76188624,0.6742069,0.7578621,0.15643099,0.7649958,0.557392,0.762373,0.35499907,Stable
0.38064295,0.46553183,0.49280474,0.6165743,0.48544365,0.35413513,0.70692647,0.7065446,0.68121666,0.23147395,0.7592933,0.67575085,0.7651026,0.13329624,0.76411545,0.55982035,0.75965685,0.35735327,Stable
0.38640583,0.46441507,0.4939233,0.61996806,0.4866959,0.35214305,0.724218,0.6833476,0.6868011,0.22556591,0.7572209,0.6762079,0.77265567,0.120143145,0.76338315,0.5623862,0.76053643,0.35199758,Stable
0.38369367,0.4693087,0.49330592,0.62009066,0.489446,0.35142034,0.704195,0.7063002,0.67634153,0.23048608,0.7522935,0.676367,0.76617163,0.12892608,0.76570123,0.55715394,0.7594497,0.35074067,Stable
0.38374645,0.46931154,0.49339533,0.62013763,0.48955017,0.35134566,0.7041956,0.70622694,0.6763982,0.23044443,0.7523009,0.6763467,0.76619047,0.12890486,0.76582265,0.55721,0.75955003,0.35078737,Stable
0.38190407,0.47232378,0.4910714,0.6192972,0.48964208,0.35280427,0.7103913,0.68132585,0.679785,0.23030326,0.7561483,0.6728291,0.7656318,0.13570988,0.76559395,0.56212527,0.76207155,0.34901148,Stable
0.38292632,0.4704599,0.49546227,0.6266899,0.49177742,0.3460728,0.7033733,0.7055967,0.68192685,0.22000888,0.75761724,0.6713544,0.75313354,0.14692387,0.7699921,0.55180967,0.7617053,0.34673274,Stable
0.37594718,0.47457573,0.49285072,0.6218738,0.49125564,0.34472626,0.69161355,0.6899992,0.6823176,0.22090033,0.7553204,0.6736835,0.76695573,0.13069955,0.77179646,0.5531737,0.76284266,0.3446387,Stable
0.37628204,0.47392523,0.4926353,0.6231994,0.49060628,0.34276456,0.71634454,0.6962228,0.6839649,0.22013424,0.75934637,0.66805404,0.76794934,0.12969412,0.7730181,0.5509283,0.7616353,0.34129938,Stable
0.37626958,0.47397918,0.4928602,0.6231735,0.49084255,0.34261152,0.7165145,0.69598687,0.6841588,0.21997759,0.75927234,0.6680576,0.76791734,0.12969726,0.7730869,0.55114496,0.7617418,0.3412815,Stable
0.37761492,0.47289813,0.49237823,0.6231146,0.49020025,0.34502673,0.69658256,0.7033667,0.6713838,0.22510818,0.7534556,0.6771576,0.7617917,0.13553846,0.7745266,0.5520371,0.76572746,0.3408893,Stable
0.37695575,0.47456914,0.49407858,0.61880726,0.49437732,0.34595817,0.6877858,0.6992704,0.68133366,0.21943021,0.75238365,0.6832373,0.7696464,0.13583118,0.7777493,0.56549525,0.76889324,0.34261292,Stable
0.37624753,0.47645682,0.4887029,0.6188021,0.49195418,0.34528208,0.6624188,0.6714806,0.68050784,0.22631085,0.7534056,0.67634386,0.76856226,0.13419145,0.7686795,0.5575553,0.76162696,0.33804533,Stable
0.37790555,0.47573847,0.49280882,0.6179091,0.4926388,0.34381717,0.6806754,0.67973155,0.68082726,0.22162205,0.75673217,0.6817874,0.7435221,0.17231868,0.77690375,0.5492152,0.7641441,0.3375923,Stable
0.37791273,0.47572905,0.49257958,0.61813295,0.49269685,0.3439098,0.6804573,0.68014854,0.6811563,0.22133362,0.7568962,0.68177116,0.7438361,0.17217246,0.7768294,0.54948413,0.76412404,0.3377235,Stable
0.38053596,0.47544754,0.49265736,0.61788833,0.49656808,0.34564933,0.692579,0.6826128,0.68572515,0.22279659,0.7503011,0.6854627,0.7322659,0.20253596,0.7710613,0.5595686,0.7663703,0.3433997,Stable
0.38048768,0.47418806,0.4981314,0.62346077,0.4967887,0.34709713,0.6995926,0.68902063,0.68395495,0.22862399,0.75108135,0.68279874,0.74212515,0.19003022,0.77578115,0.5522865,0.76750964,0.3411101,Stable
0.37729642,0.47630817,0.4925302,0.6217448,0.48996124,0.3451881,0.6849159,0.70744646,0.68092936,0.2253096,0.7518023,0.69882935,0.7438067,0.18139766,0.7738914,0.5523094,0.7669556,0.3424892,Stable
0.37655383,0.47701526,0.48764175,0.62138546,0.4856293,0.34586895,0.66491956,0.6648202,0.66753817,0.23060475,0.7543251,0.68344855,0.7291577,0.19570887,0.7671482,0.56191504,0.76241267,0.3398766,Stable
0.3765548,0.4768848,0.4875644,0.62148,0.48561808,0.34597272,0.664852,0.664838,0.6672807,0.23079395,0.7543576,0.68351233,0.72902936,0.19561402,0.7670602,0.5618083,0.7623222,0.3398988,Stable
0.37500232,0.47653407,0.48873812,0.6209504,0.48477075,0.3499933,0.6718134,0.71350217,0.66895056,0.22998741,0.7568232,0.6882112,0.7672237,0.12936479,0.7682718,0.5638352,0.7600674,0.34134626,Stable
0.37610123,0.47834083,0.4905598,0.6173725,0.49092776,0.34637028,0.6875181,0.7087393,0.67716664,0.22047238,0.75480103,0.6900165,0.7138791,0.1858767,0.7746379,0.5624482,0.7696241,0.3430212,Stable
0.37629944,0.47711623,0.49134287,0.62280023,0.49280542,0.33965802,0.6851982,0.6937997,0.68260276,0.22138712,0.7549309,0.6801619,0.7752943,0.13355733,0.7749125,0.55870897,0.7671267,0.33990192,Stable
0.37469226,0.47585016,0.49128565,0.6236507,0.4889515,0.34351832,0.68896806,0.70146465,0.67705506,0.21979213,0.75230545,0.6762589,0.77345276,0.12897788,0.770741,0.54903746,0.76015615,0.33713502,Stable
0.37488598,0.47574788,0.4912581,0.62362826,0.48879215,0.34367228,0.6888711,0.7018328,0.67686737,0.22008938,0.75223434,0.6763452,0.77349514,0.12892911,0.7707042,0.5491425,0.76013446,0.33728456,Stable
0.37446457,0.4771485,0.48850918,0.62604475,0.48938572,0.33972463,0.68799895,0.6868426,0.6755776,0.22046119,0.74881166,0.67504096,0.7716767,0.12825406,0.77459735,0.54635644,0.7628159,0.33403715,Stable
0.3729442,0.47971034,0.48463652,0.62763906,0.48369032,0.34447563,0.6386858,0.66894406,0.6631174,0.23147538,0.7527857,0.67852753,0.71515477,0.18757634,0.7724988,0.5464711,0.7616533,0.3375679,Stable
0.37296483,0.48001438,0.48134845,0.6261688,0.4890902,0.34350273,0.63776433,0.66640043,0.66987246,0.2283954,0.7484695,0.69005597,0.7730236,0.13125288,0.7736448,0.5427854,0.7669909,0.32770976,Stable
0.3759867,0.4782142,0.48977172,0.6171587,0.4917996,0.34460855,0.64782786,0.66899097,0.6697671,0.22738424,0.7553189,0.6759161,0.77239823,0.13369258,0.77208006,0.5397612,0.76467645,0.3372168,Stable
0.37596315,0.4782877,0.48965093,0.6172122,0.49183235,0.34455574,0.6481866,0.669038,0.6698648,0.22729127,0.75546646,0.67540205,0.7724583,0.13376576,0.77207845,0.53991854,0.764668,0.33730662,Stable
0.37598604,0.47685942,0.48737666,0.6366552,0.49268377,0.34382242,0.7164995,0.6956723,0.6739296,0.22627449,0.75044334,0.67832005,0.7725245,0.13020383,0.7751553,0.5642899,0.76732993,0.33896875,Stable
0.37647057,0.47587258,0.4839151,0.6423892,0.4909984,0.3438165,0.6595188,0.6648214,0.67072475,0.22531918,0.7499065,0.67726564,0.77106017,0.12958643,0.7702521,0.5631434,0.7604419,0.33667883,Stable
0.37568364,0.47554052,0.49237508,0.63337505,0.48710567,0.3464076,0.66634905,0.7341784,0.6677758,0.22746919,0.7508208,0.7012107,0.76624984,0.13072573,0.7747587,0.56375563,0.7622458,0.33907604,Stable
0.37660664,0.47719622,0.4937529,0.6252719,0.48942643,0.345757,0.68387836,0.73763025,0.67225754,0.22747809,0.707497,0.7002647,0.7702259,0.13469627,0.7778779,0.5651684,0.7673859,0.34297046,Stable
0.37663457,0.47720665,0.49369133,0.6251686,0.48944014,0.34566534,0.6842556,0.7376077,0.67234343,0.22730187,0.7071854,0.7005677,0.77029055,0.13468477,0.7779249,0.5649611,0.76728,0.3428664,Stable
0.37652123,0.47670543,0.48745665,0.6339073,0.4864019,0.34709388,0.68067116,0.75145876,0.6671685,0.23004484,0.75005025,0.69004965,0.77108043,0.13120203,0.7709371,0.5813168,0.765593,0.3469771,Stable
0.3768247,0.47741887,0.49049217,0.63181716,0.48652393,0.34519932,0.6875049,0.7491972,0.67463434,0.21648249,0.63749397,0.71119463,0.7677939,0.13060586,0.7792095,0.5878786,0.77124906,0.34942502,Stable
0.37708926,0.48002943,0.49138916,0.64065754,0.48765075,0.34534448,0.69621265,0.73930013,0.6709155,0.2246102,0.7133378,0.6689961,0.7285618,0.17740032,0.77621305,0.5685043,0.7684252,0.34211165,Stable
0.37455416,0.48060519,0.49745214,0.63939774,0.48554096,0.3499188,0.69941175,0.750124,0.67140335,0.22456104,0.74965334,0.690645,0.7244452,0.18915269,0.7767312,0.58298385,0.7701782,0.34676883,Stable
0.37454593,0.48059785,0.497464,0.63924474,0.48558646,0.34990257,0.7000928,0.7500178,0.67156905,0.22433665,0.74962944,0.6903454,0.7243171,0.18904722,0.7767348,0.5828474,0.77031946,0.34657568,Stable
0.37280643,0.48258382,0.49152777,0.6434307,0.4835027,0.35257018,0.7057363,0.7525877,0.6675197,0.22924536,0.7501034,0.67647946,0.7198473,0.18618965,0.77645826,0.58014786,0.7689829,0.34892783,Stable
0.37434086,0.4828808,0.49787483,0.6391082,0.4852053,0.35097107,0.7111082,0.7237424,0.6819536,0.22242466,0.751927,0.6795192,0.73322487,0.19552597,0.7753903,0.58119804,0.768691,0.34804142,Stable
0.3764256,0.48293537,0.4857596,0.6339865,0.48556954,0.35279405,0.68704426,0.68925714,0.6685072,0.22788301,0.75172365,0.68612444,0.7242538,0.1913824,0.7697259,0.5624312,0.76540565,0.34392047,Stable
0.3774031,0.47971344,0.48923373,0.6269574,0.48686486,0.35463697,0.69797266,0.70085263,0.6698482,0.23066424,0.75579715,0.6844506,0.7673372,0.13482307,0.77354777,0.56300944,0.76808065,0.34569642,Stable
0.37760982,0.47949612,0.48936757,0.6267667,0.48682564,0.3548245,0.69855875,0.700942,0.6696975,0.23072699,0.7560837,0.68424004,0.7672061,0.13491905,0.77339053,0.562923,0.7679856,0.34572622,Stable
0.37895143,0.48014063,0.4947434,0.6286331,0.48588789,0.35941583,0.6961266,0.7055347,0.664062,0.23382339,0.75700825,0.68693674,0.7664675,0.13180311,0.76868194,0.56049025,0.7635903,0.34664607,Stable
0.37571377,0.4834233,0.49969527,0.63016975,0.48947033,0.35403234,0.7075672,0.68715274,0.6711329,0.22698306,0.7585253,0.6710794,0.7248699,0.19129565,0.7746791,0.5614406,0.76441383,0.3423477,Stable
0.3771335,0.4847078,0.49940097,0.6362184,0.48673695,0.3573531,0.69930786,0.7095083,0.66979665,0.22840463,0.74900544,0.67963284,0.77174366,0.1254946,0.77474976,0.56257087,0.76294434,0.3419761,Stable
0.37811264,0.48420835,0.49876568,0.6335572,0.48827165,0.35539946,0.6966351,0.716551,0.6775367,0.22223644,0.7557356,0.69171494,0.7727896,0.12218,0.7730261,0.5630151,0.7626428,0.3457839,Stable
0.37802932,0.4840443,0.49895215,0.63371027,0.4882629,0.35543033,0.6967815,0.71676654,0.6777047,0.22191493,0.75578535,0.6917968,0.73780775,0.18487619,0.77325004,0.56306005,0.76269954,0.34568307,Stable
0.37921077,0.48239493,0.50576293,0.6332751,0.4846487,0.35768807,0.7244525,0.7057616,0.66736495,0.228488,0.7471107,0.67588276,0.76803535,0.12468146,0.77477014,0.5629375,0.7659833,0.35229787,Stable
0.38000152,0.48147509,0.5091523,0.6340953,0.48526475,0.35642415,0.71631,0.70594496,0.6682603,0.22695433,0.75819606,0.66029155,0.7647325,0.13201323,0.77275085,0.5575602,0.76613706,0.34293705,Stable
0.38071114,0.4795788,0.50179654,0.6368491,0.4897443,0.35555178,0.68822116,0.7193501,0.6661403,0.23102784,0.7513666,0.68867326,0.73207873,0.1852546,0.76762646,0.55945563,0.7635867,0.34290108,Stable
0.3782341,0.4786157,0.50553465,0.63302696,0.4912457,0.35386592,0.6978952,0.7052661,0.6687052,0.22833326,0.7468964,0.66921866,0.7349355,0.18918031,0.7732432,0.5604324,0.76796544,0.3463813,Stable
0.3777736,0.4785739,0.50537264,0.6331422,0.4912901,0.35387716,0.69694746,0.7054212,0.66868544,0.22835946,0.7469752,0.66963494,0.73490155,0.18914305,0.7732653,0.56063986,0.7679586,0.34615728,Stable
0.37873912,0.4788369,0.5021256,0.6354599,0.49112684,0.3504722,0.7175652,0.68976545,0.67455405,0.2225141,0.75064653,0.67495453,0.77099097,0.12702155,0.7707793,0.5598891,0.7639515,0.33983827,Stable
0.37756678,0.47943628,0.49353123,0.64223135,0.486827,0.35233685,0.68596005,0.7273035,0.67490214,0.22356051,0.74747133,0.6758756,0.76746124,0.1288915,0.7702772,0.5624396,0.7610289,0.33918828,Stable
0.37790197,0.48045957,0.49006516,0.641514,0.49175474,0.35279462,0.68966377,0.7319674,0.6838044,0.21816394,0.7464745,0.67837566,0.77186203,0.12242534,0.7724279,0.56534535,0.76551425,0.34202024,Stable
0.38090652,0.47824,0.48990354,0.6442424,0.49144202,0.35471722,0.6908592,0.7380712,0.6764611,0.22306284,0.7517559,0.6853018,0.7340113,0.18323204,0.76755357,0.5795106,0.76161444,0.3453337,Stable
0.38068873,0.47820163,0.4899499,0.64394236,0.4913475,0.35471582,0.691518,0.7380175,0.67670125,0.2226249,0.751878,0.6852772,0.73420024,0.18311846,0.76770395,0.57956535,0.7618119,0.3454642,Stable
0.38231742,0.47865495,0.49562332,0.6470383,0.49178648,0.35608193,0.7050388,0.75406766,0.6782613,0.21992764,0.7497034,0.6970154,0.77036333,0.13143624,0.76899284,0.58146346,0.7632834,0.3454699,Stable
0.37777072,0.47886795,0.49864623,0.64442015,0.49200845,0.35814762,0.7161817,0.75282216,0.6773707,0.22718203,0.7549795,0.6828779,0.74372685,0.18018848,0.7721896,0.5771774,0.7616172,0.3434455,Stable
0.37589693,0.4830185,0.4992752,0.6414956,0.4891647,0.355095,0.6925359,0.7496178,0.67834485,0.22445768,0.5881232,0.7118139,0.74354374,0.18324322,0.77890176,0.58087194,0.76646423,0.34753066,Stable
0.3764182,0.48170766,0.49987775,0.6394142,0.492102,0.3551836,0.69802856,0.7512893,0.67773765,0.21723318,0.5741692,0.7198931,0.7393555,0.18058668,0.77971,0.58401716,0.76420724,0.34977946,Stable
0.3764668,0.48161802,0.50002944,0.6394204,0.4921697,0.3551576,0.6987456,0.75145125,0.6779219,0.21701321,0.5739145,0.7199523,0.7393951,0.18072717,0.7797835,0.58406305,0.7642548,0.34995732,Stable
0.3768077,0.48538372,0.50117826,0.6408031,0.49112427,0.35727453,0.71291184,0.7546479,0.6779224,0.21964964,0.5745475,0.7216896,0.7349853,0.18847188,0.77991104,0.5834333,0.767379,0.35818505,Stable
0.3762909,0.48730946,0.49671882,0.6435183,0.49239188,0.35498613,0.7007123,0.77003926,0.683236,0.22354832,0.5668893,0.7229189,0.7757517,0.13336745,0.7809335,0.6031494,0.7693722,0.3616427,Stable
0.3747815,0.48653552,0.5029736,0.64209545,0.49532863,0.35453552,0.7109268,0.7431647,0.6819595,0.22081396,0.692119,0.67392576,0.7327856,0.19391128,0.78076494,0.58036613,0.7712829,0.34862888,Stable
0.37604213,0.48672742,0.5007701,0.6452798,0.4970914,0.35252708,0.7078128,0.75676143,0.68520164,0.2216829,0.74783486,0.69153464,0.7316215,0.19775443,0.780914,0.5639434,0.7701763,0.34633577,Stable
0.37604022,0.48672664,0.5006757,0.6453035,0.49696824,0.3525618,0.70776504,0.75675905,0.68517137,0.22174792,0.7478709,0.69157857,0.73160213,0.19779506,0.78088915,0.56393063,0.7702098,0.3463149,Stable
0.37749264,0.4846756,0.5068123,0.6440894,0.49645615,0.3502711,0.71752656,0.76211613,0.6880049,0.2241643,0.74729884,0.6914169,0.73614043,0.19569147,0.7816171,0.5806571,0.7733242,0.3490404,Stable
0.37947616,0.4801241,0.501137,0.6429851,0.49570942,0.35399044,0.7164766,0.76007575,0.68543077,0.22197676,0.75014746,0.6927502,0.77718467,0.13328692,0.7792453,0.56682396,0.7690613,0.34655616,Stable
0.3788782,0.48137242,0.50153315,0.6434138,0.49339968,0.35535264,0.72407174,0.77514124,0.68514824,0.22710139,0.5628588,0.71965146,0.7409017,0.20225659,0.7787711,0.58302283,0.7682273,0.35015652,Stable
0.3782305,0.4820584,0.5070628,0.6380087,0.4900961,0.35506684,0.7450234,0.73509216,0.6802521,0.23009336,0.56305206,0.7186872,0.76632357,0.14317548,0.7769522,0.56807566,0.7643561,0.35096022,Stable
0.3784215,0.48173028,0.5070326,0.63809454,0.49018106,0.3550607,0.74486494,0.7350743,0.68021715,0.23008287,0.5628661,0.71877307,0.7663169,0.14315382,0.77707994,0.5680121,0.76449794,0.35095406,Stable
0.37482506,0.4823485,0.49172926,0.6470771,0.49275586,0.35498914,0.7037126,0.7288143,0.68018687,0.23292497,0.7546956,0.6948391,0.7544589,0.17691487,0.77049106,0.5854465,0.76274455,0.3440495,Stable
0.37465042,0.48452494,0.4951089,0.64394313,0.49389014,0.35274708,0.7055844,0.72855747,0.6828003,0.23170555,0.75372446,0.6925771,0.7682229,0.14447403,0.777902,0.57108605,0.76637685,0.3416469,Stable
0.37545273,0.48318034,0.5054435,0.6382556,0.4963518,0.35349226,0.7152795,0.7454704,0.6822848,0.2306519,0.7512127,0.68897104,0.74253196,0.19459802,0.7797081,0.5676374,0.76945436,0.35538122,Stable
0.37665337,0.48584306,0.50435984,0.64244443,0.49405998,0.35643393,0.70792305,0.7482413,0.68620104,0.22501537,0.7420895,0.78200066,0.73997986,0.20390563,0.7747325,0.58143175,0.7671999,0.35742864,Stable
0.37671322,0.48575848,0.5044016,0.64257205,0.49401042,0.3564318,0.7092544,0.7480232,0.6860558,0.22500251,0.7423195,0.78136843,0.74009204,0.20389083,0.77450716,0.58136564,0.7670665,0.35748416,Stable
0.3773684,0.48740983,0.5132845,0.64109623,0.49691102,0.35632405,0.7268908,0.7414288,0.68137074,0.22982566,0.73441005,0.7850013,0.74572337,0.1924325,0.77639353,0.5822591,0.7682177,0.35643122,Stable
0.3812368,0.485631,0.5212927,0.64366984,0.49504387,0.36069065,0.75610816,0.7265526,0.6847736,0.22937672,0.5490984,0.71946704,0.7490737,0.18600753,0.77862805,0.5589432,0.7710079,0.34510273,Stable
0.3813002,0.4872546,0.50893843,0.64890504,0.49196073,0.36199176,0.7518527,0.7341315,0.6855239,0.22950655,0.5417658,0.71899813,0.74291587,0.19193599,0.77760756,0.5731679,0.7686175,0.34705985,Stable
0.38249123,0.48828018,0.5118424,0.6464312,0.49578807,0.36068678,0.7519197,0.7302762,0.6820445,0.23088744,0.5398774,0.72254324,0.74530756,0.18342185,0.7799294,0.57699674,0.7702075,0.35847294,Stable
0.37991917,0.48900032,0.5158242,0.64661586,0.49710768,0.35930705,0.75049496,0.7310623,0.68301004,0.22981846,0.6865019,0.6884854,0.7557954,0.164003,0.7805528,0.5694505,0.7702028,0.3580569,Stable
0.3801956,0.4866862,0.5043819,0.6377121,0.4944408,0.3620959,0.71294725,0.71915734,0.6792244,0.23238581,0.75181794,0.6900319,0.75047946,0.18957973,0.7781164,0.56531453,0.7687254,0.35712785,Stable
0.38103443,0.4835026,0.5178005,0.64763784,0.49876294,0.3596682,0.7454471,0.7050432,0.68376964,0.22913715,0.75070494,0.6820122,0.7487185,0.21343362,0.7777518,0.5610988,0.7683567,0.35628736,Stable
0.37976718,0.4851001,0.50820875,0.642794,0.5011398,0.35855275,0.73535705,0.694605,0.6847706,0.22774139,0.6766819,0.66679907,0.73878783,0.2118278,0.77862114,0.5668837,0.77144337,0.3628106,Stable
0.37947226,0.4864554,0.4994789,0.6558914,0.5014626,0.3599484,0.71854204,0.769163,0.69472045,0.22397214,0.5719351,0.87129354,0.74841446,0.20026515,0.7693855,0.5808176,0.7644271,0.3623529,Stable
0.37934685,0.48645914,0.49956173,0.65568435,0.5014061,0.35987327,0.7179706,0.7688727,0.68717384,0.22778955,0.5720219,0.8712616,0.7484743,0.20031273,0.769498,0.58026344,0.7644908,0.3619705,Stable
0.3797137,0.48895007,0.50690806,0.6518548,0.49698707,0.3638878,0.7428312,0.76015663,0.69409245,0.22536021,0.531008,0.72493315,0.74498284,0.19449323,0.7768459,0.5852363,0.76692367,0.364533,Stable
0.38249514,0.48794222,0.50115454,0.65969014,0.500756,0.36453527,0.7488396,0.7723858,0.6947328,0.22253993,0.56717527,0.8730902,0.7761357,0.12669218,0.77803576,0.58818865,0.7685132,0.37121412,Stable
0.38568628,0.49378535,0.5215683,0.65519446,0.5016068,0.36534774,0.74762315,0.763705,0.69627255,0.224785,0.5351271,0.7331544,0.7758035,0.12725496,0.78104615,0.58808446,0.76889384,0.3651188,Stable
0.3870829,0.50056016,0.52223986,0.65924937,0.5022214,0.36629257,0.7247679,0.76598924,0.690693,0.22913039,0.59260154,0.7391617,0.7750301,0.13194516,0.7815726,0.58324265,0.76621026,0.36142084,Stable
0.38719112,0.5003954,0.52221286,0.6592685,0.5022906,0.36635125,0.7246451,0.7659923,0.6906241,0.22914974,0.5928926,0.73947227,0.77503103,0.13188982,0.78148305,0.58310425,0.7660786,0.3614149,Stable
0.38832328,0.5041385,0.5229781,0.66108584,0.5050899,0.36851108,0.72500455,0.77483225,0.7013148,0.22130993,0.5260098,0.73943424,0.7777791,0.13247511,0.7838386,0.58671916,0.77166307,0.3714449,Stable
0.38520703,0.50805736,0.52254534,0.66444945,0.5046922,0.37602898,0.72922367,0.76938283,0.68809915,0.23063236,0.5343547,0.74266684,0.7742317,0.13596076,0.7841506,0.60203755,0.77460396,0.37032652,Stable
0.3847394,0.5135809,0.5134393,0.6787211,0.49578583,0.37806606,0.7273981,0.7823259,0.6763093,0.24044655,0.54843336,0.84990644,0.7396506,0.1996446,0.7820458,0.61050105,0.7714309,0.38115367,Stable
0.38075268,0.5174389,0.51902807,0.669398,0.49643013,0.3791264,0.72221506,0.78190947,0.68050003,0.23605084,0.5211389,0.74592274,0.7360889,0.20720765,0.78114974,0.60424745,0.7734039,0.3795204,Stable
0.38071203,0.51755506,0.518886,0.66971725,0.49647492,0.37910718,0.7069013,0.78368676,0.6804781,0.23616242,0.52097034,0.7459042,0.73585916,0.20727676,0.78095526,0.6041988,0.77326334,0.37941402,Stable
0.38174996,0.5129689,0.5225338,0.6603093,0.50209856,0.37007436,0.72609115,0.7794432,0.68076295,0.23278746,0.5251706,0.73804975,0.72907436,0.2079843,0.78145945,0.5895639,0.77356255,0.37648398,Stable
0.38409242,0.5111733,0.51462746,0.6634148,0.5023742,0.3623103,0.7261871,0.7716286,0.68416595,0.22999369,0.66632307,0.67024493,0.77491975,0.13477397,0.78298223,0.5867946,0.77089536,0.36048603,Stable
0.38646024,0.50649214,0.5247617,0.6525724,0.49863,0.36366627,0.75387424,0.7312922,0.6803915,0.23447585,0.6939406,0.66919225,0.7716502,0.14085028,0.78065586,0.5831551,0.7711402,0.36232504,Stable
0.38603744,0.5031035,0.5154768,0.6432222,0.49760777,0.36306283,0.7300772,0.7327981,0.6755848,0.23364006,0.75027174,0.79204077,0.73165107,0.20663261,0.7782163,0.5700908,0.7657714,0.3557421,Stable
0.38617977,0.5033075,0.51553,0.6432432,0.4976785,0.36302456,0.7297844,0.7327758,0.67576945,0.2334804,0.75028193,0.79212826,0.7316095,0.20678872,0.77817285,0.569937,0.76579285,0.35562,Stable
0.3836306,0.500592,0.5236267,0.64142996,0.5011391,0.36288285,0.7444384,0.7322096,0.6834156,0.23005033,0.739498,0.650379,0.77582276,0.14390734,0.77807045,0.56699944,0.7688024,0.35737655,Stable
0.38472342,0.5018877,0.52475584,0.64047396,0.49946338,0.36560535,0.74045265,0.7234856,0.67990893,0.24111502,0.75221103,0.7926215,0.77101153,0.1494252,0.7757394,0.5724447,0.768077,0.36006963,Stable
0.3854576,0.5013993,0.52675724,0.64328855,0.49743265,0.36355293,0.74079865,0.7197785,0.67895985,0.24168083,0.7270204,0.67529714,0.7711601,0.15335414,0.7757365,0.5671217,0.77050626,0.35248804,Stable
0.3861305,0.5029985,0.5226718,0.64162964,0.49667752,0.36582065,0.7309441,0.727081,0.6790322,0.23304942,0.7551162,0.6914219,0.73912144,0.21235244,0.77619874,0.5654211,0.7649917,0.35270938,Stable
0.38614595,0.50299823,0.5229347,0.6417993,0.4966432,0.36591336,0.7309687,0.7267108,0.679016,0.23309511,0.7549633,0.6915445,0.7389997,0.21234599,0.7761868,0.56537724,0.7649704,0.3527958,Stable
0.38261554,0.5070423,0.51886404,0.6442688,0.4961205,0.3663276,0.7298211,0.7270798,0.6787895,0.23902997,0.71309084,0.6683843,0.73984957,0.20563799,0.7776438,0.5741404,0.7695824,0.3585766,Stable
0.38114715,0.50847197,0.5228005,0.6437375,0.4955939,0.3666688,0.73001695,0.7234845,0.6793426,0.23541978,0.7423135,0.6591283,0.77157634,0.15042043,0.776503,0.5690277,0.7682954,0.35710037,Stable
0.37870592,0.5126432,0.52446496,0.6445271,0.49775612,0.368654,0.73769206,0.7174915,0.6812967,0.23410118,0.7621558,0.6718942,0.7449674,0.20706576,0.7770297,0.56880265,0.7670938,0.35837838,Stable
0.37852687,0.5112966,0.5169435,0.6485767,0.49214467,0.3685772,0.7245525,0.7292647,0.67778796,0.2412509,0.7398748,0.67205846,0.7281026,0.21204296,0.77422667,0.57511145,0.76581156,0.36263847,Stable
0.37807345,0.511951,0.5171068,0.6486954,0.492149,0.36849993,0.7245981,0.7289735,0.6777474,0.24133164,0.7397357,0.6718628,0.72789884,0.21208487,0.7741449,0.57495135,0.76568115,0.3623628,Stable
0.38028556,0.5151015,0.52439386,0.65395874,0.49803457,0.36478645,0.739254,0.7266953,0.6909303,0.22977775,0.74043727,0.6606755,0.73653996,0.21474825,0.7739515,0.574327,0.7662976,0.36014232,Stable
0.38210183,0.51110244,0.5309068,0.65477437,0.49694937,0.3660766,0.7425644,0.706026,0.6823418,0.23487785,0.7583703,0.66142035,0.7652001,0.15229097,0.7765124,0.5769402,0.76967084,0.3597797,Stable
0.38385445,0.51006293,0.52649397,0.65409386,0.50059456,0.3618947,0.7430979,0.72461987,0.6926226,0.22938073,0.70847034,0.66730636,0.7723369,0.15359008,0.7759876,0.5810161,0.77188367,0.3626786,Stable
0.3846565,0.5096427,0.5190853,0.6451515,0.502296,0.36354095,0.7412788,0.7451967,0.6938362,0.2280592,0.7131614,0.6676395,0.7419816,0.20596549,0.7740068,0.5858811,0.7696351,0.36552888,Stable
0.38457963,0.5097587,0.5182355,0.6435862,0.50234175,0.36356565,0.74115574,0.7453995,0.6939015,0.22796938,0.7131785,0.66786456,0.7419972,0.2058826,0.7740709,0.58620167,0.7696399,0.36568916,Stable
0.3873597,0.5125185,0.5216472,0.64366555,0.5031381,0.36352775,0.74024165,0.7456771,0.6947884,0.23328285,0.70992124,0.6855395,0.7473652,0.20110676,0.7816128,0.5848638,0.77626896,0.36640924,Stable
0.38663012,0.51294047,0.5241406,0.64312434,0.50565815,0.3659035,0.74157,0.7509488,0.6956543,0.23427191,0.71518683,0.68101114,0.74046195,0.2055385,0.7809981,0.57367057,0.7737522,0.3623136,Stable
0.38684246,0.5117946,0.5205352,0.6518996,0.5050657,0.3663621,0.72054195,0.77924556,0.6850373,0.23698203,0.5422386,0.84693027,0.74261135,0.20466924,0.7802533,0.60608655,0.77588534,0.3820064,Stable
0.3824758,0.50956756,0.5216538,0.64229983,0.50480664,0.36547214,0.730445,0.7605479,0.69122756,0.23456371,0.7052151,0.7186557,0.7521591,0.20487663,0.7827468,0.58595055,0.77561367,0.37512034,Stable
0.38244683,0.509651,0.52169657,0.64235663,0.5049476,0.36555266,0.73072547,0.76039547,0.69172925,0.23441324,0.7051935,0.7184543,0.75235605,0.20513897,0.782812,0.585793,0.7757408,0.37508404,Stable
0.38612673,0.50827855,0.5222271,0.65256417,0.50254524,0.36783475,0.7163378,0.77434963,0.68153214,0.241396,0.5507554,0.85014427,0.7483188,0.20287286,0.7812228,0.5914104,0.7748574,0.3713711,Stable
0.38572177,0.5073949,0.5176577,0.64627475,0.5025226,0.36562485,0.7068101,0.76639545,0.6819681,0.24082267,0.55140424,0.8493179,0.74336016,0.20259903,0.77942884,0.59180385,0.772725,0.37146735,Stable
0.38525724,0.50768024,0.525292,0.65156996,0.504625,0.3686839,0.7123572,0.77133536,0.68093705,0.24204719,0.54251975,0.72245085,0.7428794,0.20597276,0.7809875,0.5869802,0.7749008,0.36723277,Stable
0.3843001,0.5054617,0.5253285,0.64116406,0.50297993,0.36872858,0.74913824,0.73888797,0.6847688,0.23932908,0.70018333,0.6948823,0.75677955,0.18937163,0.7818204,0.57212144,0.77534264,0.36377513,Stable
0.3843217,0.50546193,0.5253086,0.641189,0.50314635,0.36843026,0.7490863,0.73892444,0.6850239,0.23907006,0.70030355,0.6949837,0.7567711,0.1894334,0.78176445,0.5722645,0.77535224,0.36380827,Stable
0.38697785,0.5027294,0.5260359,0.64216506,0.50719124,0.36503106,0.7459609,0.7473227,0.69170463,0.23578727,0.53142416,0.7253518,0.7598605,0.18856314,0.78017414,0.58260113,0.7766837,0.36465156,Stable
0.38546532,0.50160825,0.5280148,0.63783324,0.5097009,0.36391196,0.74751735,0.7393031,0.70729864,0.21929014,0.704466,0.67425966,0.7612202,0.19548273,0.78210825,0.5759651,0.7780781,0.36473095,Stable
0.38451344,0.49794114,0.5252507,0.6387807,0.5106492,0.3660789,0.75096285,0.7324896,0.7026853,0.22238217,0.52540076,0.72945184,0.75620806,0.20376784,0.7789756,0.58296067,0.7760626,0.36958832,Stable
0.38327628,0.48852083,0.51716053,0.6303366,0.50654685,0.3597545,0.73911786,0.72341824,0.6937957,0.23324075,0.72626305,0.6605295,0.75163716,0.20402364,0.7814526,0.5710405,0.77596164,0.36351204,Stable
0.3833465,0.4885363,0.5171419,0.63053894,0.50661284,0.3597667,0.7427645,0.7216565,0.69385815,0.23324852,0.726,0.66099596,0.7516352,0.20383207,0.7814338,0.5712584,0.7759618,0.3637137,Stable
0.37611625,0.4890792,0.510659,0.63435495,0.50147706,0.3573503,0.72862494,0.71994036,0.70365566,0.21878523,0.72420776,0.68415415,0.7412416,0.21103589,0.7771909,0.5693649,0.7693225,0.35683268,Stable
0.37648582,0.49131984,0.513487,0.6305001,0.5041578,0.36000037,0.7222388,0.7179029,0.6890363,0.22942498,0.7566942,0.7323561,0.7564695,0.18631211,0.77870107,0.58455837,0.77330935,0.36702788,Stable
0.38819897,0.4871046,0.51683336,0.63516843,0.51036954,0.3672397,0.7334784,0.72788614,0.6798878,0.2495015,0.5218014,0.7284161,0.75554293,0.18564814,0.78052974,0.57956314,0.7756719,0.36680943,Stable
0.3874308,0.48821694,0.5259787,0.6407974,0.50959325,0.37264585,0.745892,0.7258074,0.6958883,0.23930143,0.53669393,0.72605175,0.76335585,0.19173473,0.7825928,0.56864434,0.7771701,0.3640544,Stable
0.3874796,0.4881564,0.5259001,0.6408473,0.5095276,0.3726334,0.74604785,0.7259959,0.6957145,0.23935345,0.53636956,0.7260251,0.76337385,0.19181329,0.7824876,0.5689132,0.7770593,0.36410487,Stable
0.38837045,0.48730475,0.525633,0.63956934,0.5080535,0.37193155,0.72906774,0.7282504,0.68539464,0.25251442,0.7143303,0.67603886,0.76149595,0.18557909,0.78206414,0.5770535,0.7765268,0.3701247,Stable
0.39001533,0.4843434,0.5225516,0.63954824,0.5078269,0.37040776,0.7397482,0.71939754,0.6979718,0.23818618,0.7138099,0.6777301,0.75547016,0.19129646,0.77866316,0.5824385,0.7713596,0.3667469,Stable
0.3881671,0.49039757,0.52138704,0.6398263,0.5095834,0.3694956,0.71338767,0.7520783,0.6921922,0.23918633,0.53523916,0.72305363,0.7434229,0.20749816,0.7810302,0.5833539,0.77480745,0.36832774,Stable
0.3839183,0.5000924,0.51991427,0.6435832,0.508595,0.37108037,0.72768754,0.72823083,0.68958783,0.2399712,0.75748175,0.7329933,0.74094665,0.20825869,0.7802715,0.5794642,0.77237594,0.3599878,Stable
0.38390028,0.50000453,0.5200578,0.64359784,0.50873876,0.37100494,0.7281751,0.72841024,0.68985486,0.2398669,0.75745976,0.73288715,0.74063826,0.20847097,0.78038347,0.57937086,0.77238226,0.36016285,Stable
0.38483995,0.50344706,0.5201955,0.64412117,0.50760925,0.3765429,0.72522396,0.7182747,0.6831435,0.2539397,0.7564281,0.7120749,0.76184106,0.18727414,0.7811799,0.5847419,0.77371645,0.36996108,Stable
0.38337538,0.50475,0.5203395,0.64737403,0.50615263,0.37758252,0.73993576,0.71468914,0.6855284,0.25513452,0.75924814,0.68075174,0.76134866,0.18793043,0.78436553,0.5824945,0.77823853,0.37075305,Stable
0.38458535,0.5029315,0.51773465,0.6415517,0.50556064,0.37627932,0.71645117,0.7000605,0.6853842,0.25410223,0.7535243,0.70305294,0.76110137,0.18413453,0.7765281,0.58684003,0.77198213,0.38077992,Stable
0.38849255,0.49925888,0.51227367,0.64240175,0.5096439,0.3733427,0.71517175,0.75793546,0.6907088,0.24954878,0.76210403,0.74674124,0.7605041,0.1892356,0.7770874,0.58577836,0.77417797,0.37023494,Stable
0.38870192,0.50000024,0.5124023,0.6421667,0.5096549,0.37324125,0.71521616,0.7580129,0.69071287,0.24961929,0.76215196,0.746462,0.7605137,0.18929207,0.7772124,0.5857558,0.77424,0.37015542,Stable
0.3848947,0.5011264,0.5174297,0.642712,0.510159,0.37708992,0.72176015,0.7546388,0.6848318,0.24914488,0.75710857,0.71626735,0.75914073,0.18805753,0.7805349,0.58564985,0.77668166,0.37223136,Stable
0.3852815,0.50075376,0.51599103,0.6409823,0.5070284,0.37592638,0.6928694,0.7817709,0.6838822,0.2538171,0.76160526,0.73132634,0.75724167,0.19112244,0.77881014,0.5856538,0.7734527,0.37862706,Stable
0.38770923,0.5027543,0.51718336,0.641681,0.50333595,0.37619472,0.71688735,0.7544372,0.68255544,0.25615188,0.7223681,0.6854861,0.75739855,0.19074592,0.7799082,0.5863349,0.77542776,0.38068694,Stable
0.38695717,0.5049137,0.5208458,0.64758444,0.51030564,0.37706196,0.7095584,0.7643676,0.6830091,0.25619578,0.733402,0.7037532,0.761691,0.18977505,0.7800788,0.58651584,0.7740009,0.37952703,Stable
0.38696703,0.50493515,0.5208713,0.6478111,0.5104885,0.37697667,0.7098226,0.76411974,0.68308485,0.25620276,0.73348874,0.7037429,0.7617168,0.18978247,0.78009474,0.5867034,0.77405965,0.37963927,Stable
0.3850755,0.51158786,0.51686645,0.65175277,0.5078422,0.37665686,0.6998451,0.79723185,0.68852514,0.2545171,0.7496471,0.73509777,0.76094216,0.18854094,0.78105175,0.5914911,0.77651256,0.3798524,Stable
0.38659537,0.5107916,0.520703,0.6469576,0.5079514,0.37802455,0.71373814,0.76574314,0.6842496,0.25461125,0.7563011,0.71558946,0.75801516,0.18761204,0.7801041,0.58714354,0.7737669,0.38155013,Stable
0.38342732,0.5137081,0.52659434,0.65149164,0.504339,0.38083276,0.7336111,0.7284074,0.6857374,0.256406,0.7637701,0.6966927,0.7557026,0.18789825,0.78247404,0.5823947,0.7777778,0.37180874,Stable
0.38326916,0.5154284,0.5231461,0.6540147,0.5043478,0.38319516,0.7214755,0.74082696,0.6820654,0.25803614,0.7543839,0.7134061,0.7532348,0.19330458,0.7837445,0.58585584,0.7764938,0.38226232,Stable
0.3832471,0.5154309,0.52296543,0.6539779,0.50426435,0.3831141,0.7213735,0.7408246,0.68192804,0.25796816,0.75438493,0.7135591,0.75328207,0.19326922,0.7837074,0.58597994,0.77641964,0.38233933,Stable
0.3860864,0.5135867,0.5224591,0.6542412,0.5030015,0.3823305,0.7277958,0.740587,0.6883852,0.25745115,0.76201725,0.7109367,0.76233816,0.18590139,0.7811973,0.5885681,0.7753169,0.38338014,Stable
0.38564909,0.5123688,0.5235183,0.6554235,0.5072194,0.38239977,0.74085635,0.74079525,0.6955316,0.25537065,0.75064105,0.71325755,0.7617435,0.189412,0.7828355,0.5889943,0.77616704,0.38249797,Stable
0.3851437,0.513153,0.5220751,0.65434253,0.50515103,0.380127,0.7343957,0.74385256,0.6869938,0.25551623,0.7600347,0.7435152,0.76671195,0.18659961,0.7813863,0.5903205,0.7767756,0.38030955,Stable
0.3855679,0.51391906,0.5131953,0.6501434,0.5045781,0.37849805,0.73063505,0.7497072,0.6840918,0.2613988,0.756721,0.741894,0.7642393,0.18883952,0.78159255,0.59516937,0.7776701,0.3882918,Stable
0.38557434,0.514045,0.51312685,0.6501838,0.50456905,0.37852117,0.7306461,0.7500446,0.6840741,0.26143622,0.7568064,0.7422906,0.76431704,0.18875396,0.78160805,0.5950663,0.77765626,0.38799584,Stable
0.38709325,0.5142262,0.51100993,0.65043855,0.5046487,0.38199878,0.71478146,0.7445042,0.67938274,0.2694604,0.76184654,0.7353289,0.7636045,0.19111931,0.7786217,0.6066754,0.7780571,0.39031446,Stable
0.38973773,0.51358557,0.5111452,0.651808,0.5089231,0.383545,0.70793295,0.7505822,0.6892421,0.25754374,0.75366867,0.7585466,0.76803106,0.18851972,0.7782385,0.60460806,0.7748777,0.38706252,Stable
0.3882414,0.5147668,0.51403254,0.6552781,0.51342833,0.38353157,0.73286223,0.74472284,0.6941244,0.25936887,0.7603911,0.7568853,0.7666904,0.18612564,0.7809626,0.60287815,0.778283,0.38406384,Stable
0.38699144,0.5157113,0.51674217,0.6553373,0.5105896,0.38399538,0.738445,0.759691,0.68515253,0.26899084,0.7574095,0.7669134,0.76839745,0.18942003,0.7817298,0.59457207,0.77816176,0.3833333,Stable
0.38704675,0.51570773,0.51674247,0.6551347,0.51074684,0.3841358,0.7385433,0.7598752,0.6850796,0.26901135,0.75737417,0.76713073,0.7684934,0.18926951,0.781904,0.59440184,0.7782904,0.3833203,Stable
0.38883576,0.5139396,0.5164695,0.65409,0.5160794,0.38465947,0.7403531,0.7515225,0.68396795,0.27250093,0.7533621,0.75388575,0.76383984,0.1919269,0.7810972,0.594455,0.77794546,0.3865102,Stable
0.3894405,0.51059127,0.51432985,0.64884806,0.51277757,0.3841148,0.71988934,0.75109494,0.68296266,0.27003017,0.75718415,0.7553917,0.7615585,0.20139806,0.7809557,0.5938607,0.77627295,0.3860138,Stable
0.3898308,0.50894153,0.5159035,0.6545452,0.515791,0.3796645,0.7269896,0.75423735,0.68901134,0.26888233,0.75301784,0.73105544,0.7676668,0.19604431,0.7844975,0.5932305,0.77927685,0.38145941,Stable
0.3905489,0.5079327,0.5136235,0.6553829,0.514568,0.3788376,0.74115145,0.7401544,0.698169,0.26537687,0.6967508,0.725732,0.7546897,0.2080078,0.7835101,0.60555005,0.78072727,0.3855679,Stable
0.39059883,0.5080072,0.5136789,0.65558636,0.51469624,0.37882793,0.74110246,0.74002784,0.6983208,0.26523566,0.6965929,0.72570884,0.754708,0.20801517,0.78345245,0.6056237,0.78069353,0.38563108,Stable
0.39039668,0.50641453,0.5130801,0.65486807,0.511994,0.3815086,0.73972666,0.75018454,0.6992058,0.26905996,0.6640669,0.72563547,0.7553498,0.20899436,0.7791779,0.5919596,0.77572006,0.38183114,Stable
0.3915006,0.50408626,0.5138633,0.6594895,0.5165403,0.3794349,0.74436855,0.75502795,0.7053477,0.26861176,0.6339031,0.7314183,0.7680468,0.19715497,0.7816171,0.5925449,0.7793784,0.38291726,Stable
0.38621664,0.50187963,0.51385975,0.656486,0.5122963,0.38220808,0.70469016,0.76112056,0.6946722,0.2774312,0.51811767,0.7560057,0.7708814,0.19635633,0.78121626,0.587852,0.77743596,0.3794353,Stable
0.38356185,0.49889004,0.5124611,0.6541246,0.51335037,0.37903076,0.739459,0.7902976,0.69429386,0.27649805,0.52423716,0.7544018,0.7677209,0.19319192,0.7807383,0.59291124,0.77874607,0.3834728,Stable
0.38357946,0.49893945,0.5124445,0.6541852,0.513297,0.37901062,0.73954463,0.79028624,0.694199,0.27652204,0.5242883,0.7543118,0.76775074,0.1930922,0.7808398,0.59328127,0.77879685,0.38353723,Stable
0.3860198,0.49954706,0.5083772,0.6505003,0.5125702,0.38006493,0.65767896,0.7630264,0.69620275,0.27141532,0.5229933,0.75357765,0.76923746,0.19266325,0.7789613,0.60111976,0.7796916,0.39004374,Stable
0.3903153,0.4964562,0.51056623,0.6519489,0.51407087,0.37981868,0.6688985,0.79595727,0.70020956,0.2725683,0.5272318,0.7577423,0.7615453,0.20091689,0.7825162,0.60274875,0.7802152,0.3885935,Stable
0.39186496,0.495197,0.5084912,0.66068405,0.51342046,0.38045558,0.60975707,0.812202,0.6965785,0.2766517,0.5192095,0.7608842,0.7692822,0.19162987,0.78125256,0.61016834,0.778464,0.38753673,Stable
0.38965613,0.49604672,0.5089603,0.65211445,0.51293415,0.38079935,0.6452903,0.78467333,0.6892209,0.2785275,0.56240046,0.750108,0.7646369,0.2037346,0.7774531,0.60618854,0.7751009,0.39096266,Stable
0.38947862,0.49610385,0.5090284,0.6521452,0.5129001,0.380785,0.64506125,0.7847885,0.68941826,0.27837145,0.56252503,0.750013,0.7645563,0.20362741,0.7775148,0.6060069,0.775085,0.39073086,Stable
0.38590425,0.49874824,0.51099765,0.653174,0.5159983,0.37941915,0.6748614,0.78390074,0.69814575,0.27333272,0.5912182,0.7479888,0.76271355,0.20245272,0.7794792,0.59257716,0.77919596,0.38536632,Stable
0.38584465,0.4991539,0.5124084,0.6528068,0.5127803,0.3812186,0.7031287,0.77254844,0.6950707,0.27511925,0.6679999,0.7105796,0.7663295,0.19356379,0.7805528,0.5989281,0.78026474,0.38437718,Stable
0.38878796,0.5024458,0.51766795,0.65664625,0.51368845,0.3822008,0.72158206,0.7705988,0.6966447,0.27551728,0.5260011,0.755669,0.7639689,0.20079505,0.78472084,0.60258603,0.7825806,0.38373786,Stable
0.39069372,0.5079533,0.52062124,0.6607557,0.52311635,0.38213807,0.70147914,0.79842746,0.71383786,0.25399396,0.52638775,0.75754476,0.7586297,0.20889625,0.7853465,0.60662967,0.784115,0.39628172,Stable
0.39053234,0.5078416,0.5206562,0.66066086,0.5229374,0.3821796,0.70141554,0.79843426,0.7135781,0.25405145,0.5263699,0.75762284,0.7587086,0.20870554,0.7854799,0.6067097,0.7842239,0.3962755,Stable
0.3911483,0.5081352,0.51406455,0.6540022,0.51262516,0.38535044,0.7040348,0.79544055,0.6976224,0.26754376,0.5364358,0.7475786,0.7664992,0.19805446,0.7787571,0.60547686,0.7786982,0.39995596,Stable
0.39299867,0.5095184,0.51414573,0.6582743,0.51236653,0.38644224,0.70239353,0.79809093,0.6983595,0.26366922,0.51909804,0.7500949,0.7656566,0.20392832,0.78117603,0.60680413,0.77997494,0.39032775,Stable
0.3931588,0.5124821,0.512991,0.6520759,0.51392746,0.3862303,0.74134564,0.77983785,0.6927351,0.27415892,0.518862,0.7383229,0.7573332,0.2063857,0.78200865,0.6090859,0.7809862,0.40338764,Stable
0.3904438,0.51443213,0.51259094,0.65061855,0.5121353,0.38692522,0.68583155,0.7642083,0.6954683,0.27064025,0.51522434,0.7430484,0.7534182,0.22142851,0.78143966,0.607819,0.78001064,0.4001157,Stable
0.3904843,0.51436794,0.5125915,0.6505798,0.51214355,0.38700587,0.68597555,0.76380944,0.6954621,0.27071837,0.515273,0.74289364,0.75344205,0.2214514,0.7813725,0.60778236,0.7799863,0.40010867,Stable
0.39138925,0.5139886,0.51359797,0.65051204,0.51438403,0.38628584,0.72016716,0.7430381,0.6934704,0.27349028,0.5200333,0.73506397,0.75981283,0.2065874,0.7814475,0.6024097,0.78031015,0.39792424,Stable
0.39353257,0.51339626,0.5136203,0.65156716,0.5179182,0.3880201,0.7023937,0.76892126,0.69559216,0.2709566,0.51650095,0.7437775,0.7581739,0.21974592,0.780909,0.5913104,0.7795861,0.3873118,Stable
0.3928222,0.5163351,0.51189727,0.65106016,0.5194733,0.386989,0.7002699,0.7623774,0.69695675,0.27134153,0.52344334,0.7390792,0.75988567,0.22140512,0.7834601,0.60161763,0.78118557,0.39717674,Stable
0.39236984,0.5173026,0.51403505,0.661407,0.5146706,0.3927439,0.7394701,0.75682724,0.69888496,0.27363884,0.6864213,0.7144369,0.76156586,0.22104257,0.7834854,0.6051932,0.78096664,0.398225,Stable
0.39240056,0.51728654,0.5139844,0.6615384,0.51483166,0.39270806,0.739519,0.7571287,0.6989907,0.27355272,0.6863761,0.7147917,0.76155496,0.22104716,0.7834501,0.6054275,0.7809644,0.39835405,Stable
0.39265105,0.5201322,0.51379246,0.66313136,0.5138527,0.39802778,0.7256316,0.74012744,0.7149848,0.26338682,0.759933,0.72186375,0.7646291,0.21741377,0.7887899,0.59278905,0.78259695,0.388088,Stable
0.39172396,0.52151287,0.51676404,0.6661721,0.5127622,0.40181586,0.73298395,0.74460596,0.69512093,0.2773405,0.763536,0.71926284,0.76771045,0.21051197,0.7877904,0.59315085,0.78179646,0.39119852,Stable
0.38701433,0.52426004,0.52208066,0.6732902,0.5125605,0.39830774,0.73258114,0.7398411,0.69813085,0.27061623,0.76600075,0.7034716,0.7593171,0.2138776,0.7884499,0.58880496,0.78123975,0.3852427,Stable
0.388227,0.52622545,0.52505505,0.6749433,0.5114368,0.39848483,0.74782526,0.745634,0.6932869,0.27683908,0.7169349,0.7236141,0.7610287,0.20801531,0.78913105,0.59334445,0.7816528,0.38457084,Stable
0.38827905,0.5261972,0.52519095,0.67499506,0.51151764,0.3984736,0.7484777,0.7460358,0.6932048,0.2769031,0.7160158,0.724318,0.7610352,0.20781618,0.7893213,0.5934346,0.7818117,0.38432294,Stable
0.38811597,0.5259887,0.52057374,0.6795844,0.5090406,0.39683628,0.74390185,0.74332684,0.6929066,0.27689543,0.71487224,0.7246244,0.7598702,0.2100827,0.78732073,0.593952,0.77993166,0.38581967,Stable
0.38721716,0.5247745,0.5254462,0.6802541,0.5073987,0.39593393,0.7529129,0.7733116,0.69786036,0.27461863,0.7323785,0.72065294,0.75876236,0.2121747,0.7878989,0.5903177,0.78050005,0.38005424,Stable
0.38723564,0.52541864,0.5229621,0.68115616,0.5077542,0.3972698,0.7503373,0.7744703,0.6948657,0.2760724,0.6919696,0.7466073,0.7593597,0.20597526,0.78644586,0.5963455,0.7792299,0.3885542,Stable
0.38623506,0.52542865,0.51521355,0.67259854,0.5062801,0.3954218,0.724354,0.76317704,0.6891172,0.27821144,0.71325755,0.7181984,0.7663858,0.19440328,0.78490627,0.5936976,0.7784271,0.3881043,Stable
0.38621747,0.5254742,0.5152066,0.67294496,0.50631106,0.39532566,0.7249229,0.7634341,0.6824701,0.2886505,0.71201724,0.72929907,0.76649135,0.1943615,0.78500044,0.5939697,0.77855587,0.38832414,Stable
0.3867286,0.52440536,0.5115032,0.66508806,0.5061113,0.39571652,0.7161865,0.7505261,0.6923808,0.27601063,0.7556607,0.8006386,0.75694096,0.20963395,0.7800437,0.6079298,0.7781939,0.40449917,Stable
0.38442832,0.5253898,0.51219475,0.66614735,0.5097475,0.3962642,0.71916544,0.753384,0.68307316,0.27992356,0.72072256,0.7258718,0.7597386,0.20696554,0.78194463,0.5968812,0.77806354,0.39048254,Stable
0.38439912,0.52623653,0.50786173,0.6681639,0.50980604,0.39705634,0.7260284,0.7435192,0.68803847,0.28247204,0.7372048,0.7292036,0.7637454,0.20670925,0.7792181,0.6128791,0.7763399,0.4031167,Stable
0.38545972,0.5259373,0.5126471,0.66755503,0.50925887,0.3977892,0.73081744,0.74782836,0.6975664,0.2704432,0.7179386,0.72590417,0.7586092,0.20793876,0.784914,0.6094028,0.7808246,0.40147215,Stable
0.38547918,0.5259243,0.51256704,0.66746545,0.509271,0.39788482,0.7309855,0.747679,0.6975488,0.2703532,0.717546,0.72610474,0.7584657,0.20782165,0.7849102,0.6095614,0.7808596,0.40166432,Stable
0.38724062,0.52556944,0.51429045,0.6735244,0.51120895,0.39984187,0.71570945,0.76729816,0.69172835,0.2776329,0.6989774,0.77393746,0.7632215,0.20418513,0.7826245,0.6111337,0.77937794,0.39870486,Stable
0.3833346,0.5257496,0.50981325,0.6753508,0.50753224,0.39899307,0.7407037,0.7549626,0.6960056,0.2738341,0.70560753,0.7517888,0.7671603,0.19759166,0.7825915,0.5944929,0.7785088,0.38770804,Stable
0.38253734,0.5240629,0.50942343,0.6785418,0.50856006,0.396433,0.736083,0.7595022,0.6964102,0.2702307,0.7192166,0.75150764,0.7576065,0.19091062,0.77659845,0.60927355,0.7738677,0.4024758,Stable
0.38251978,0.524084,0.5094309,0.67849773,0.5086834,0.3964556,0.7358057,0.75946605,0.6964791,0.2701077,0.71953857,0.7515142,0.75769114,0.19072184,0.7765291,0.6094549,0.7739279,0.40267286,Stable
0.3821804,0.52433544,0.5154067,0.67273295,0.5034992,0.39367235,0.7341696,0.7557108,0.67678964,0.27569264,0.7488904,0.724159,0.75531137,0.19113868,0.77355516,0.6000704,0.7697245,0.39422995,Stable
0.3824274,0.52472997,0.51490974,0.6749427,0.5002929,0.39320076,0.7372293,0.7417092,0.678555,0.2709651,0.7527031,0.7046747,0.75571775,0.18894641,0.7791252,0.5983212,0.7746908,0.39073431,Stable
0.38321006,0.52541184,0.51337254,0.670072,0.49572098,0.39092064,0.7269718,0.73800224,0.67789525,0.2686696,0.7565009,0.7018907,0.76077473,0.18694878,0.7792628,0.59770685,0.77511805,0.38923618,Stable
0.3845054,0.52550423,0.5115177,0.6688995,0.49563164,0.38539046,0.730536,0.7344255,0.697196,0.2561959,0.76325697,0.70515674,0.77136844,0.1732543,0.78316677,0.6046835,0.7785058,0.38697213,Stable
0.38446814,0.5255125,0.51159585,0.6689354,0.49571007,0.38540027,0.73061156,0.73453724,0.6972387,0.2561709,0.763163,0.7050518,0.7713289,0.17332816,0.7832036,0.6045869,0.77852833,0.38694918,Stable
0.37689543,0.5258192,0.5111033,0.6610931,0.49410188,0.39142668,0.7240275,0.7174729,0.68383574,0.26456493,0.7609908,0.69553417,0.7716264,0.17602466,0.78094697,0.5989464,0.77703995,0.3871021,Stable
0.38061354,0.52339387,0.5122212,0.6638806,0.49762493,0.38145074,0.7276622,0.72484225,0.68480086,0.26431856,0.76152843,0.71615267,0.7649841,0.18879503,0.7834239,0.60147077,0.7808148,0.3836882,Stable
0.38173863,0.52346146,0.5053756,0.6698735,0.4994125,0.38353643,0.7230021,0.72906125,0.6965318,0.2566875,0.754697,0.7329241,0.7633978,0.18724126,0.78052914,0.6101959,0.778872,0.38585043,Stable
0.3798841,0.52277625,0.5035963,0.6632894,0.49637336,0.38182247,0.72354716,0.7306599,0.6992614,0.25486386,0.7543931,0.71572304,0.769488,0.17765304,0.77967834,0.60991776,0.7775302,0.38798806,Stable
0.3798581,0.5227134,0.50367635,0.6633179,0.49593097,0.3818966,0.7232885,0.73063195,0.6985111,0.25555384,0.754678,0.715852,0.7689649,0.17912273,0.7797281,0.6099762,0.77767074,0.38766986,Stable
0.3793705,0.5231842,0.5048383,0.6571826,0.49534023,0.38065428,0.7206881,0.72728896,0.68025124,0.27356666,0.7703632,0.6937828,0.7544751,0.19702229,0.7848027,0.5941781,0.77987736,0.38254887,Stable
0.37412685,0.52670985,0.50030684,0.6571143,0.49263245,0.38049015,0.7165052,0.7234909,0.6803371,0.2661642,0.7660682,0.7076378,0.75808287,0.1943863,0.7808441,0.5963724,0.7774706,0.3853222,Stable
0.3784313,0.5319733,0.5000791,0.65097743,0.4965191,0.37699565,0.7169093,0.72365654,0.69594616,0.2564389,0.7561116,0.7069775,0.76216817,0.1947552,0.7787041,0.5962115,0.7762186,0.3816044,Stable
0.3759324,0.54303575,0.50307274,0.65472555,0.49879706,0.37771592,0.7156329,0.7196126,0.6911847,0.2555173,0.7560121,0.7081475,0.7568192,0.18940899,0.7795751,0.59824085,0.777172,0.38144442,Stable
0.3759241,0.5430428,0.50316805,0.6546806,0.4986949,0.37767994,0.71565145,0.71961844,0.6912018,0.25551048,0.7552961,0.7074854,0.7569519,0.18929057,0.7794398,0.59827644,0.7771057,0.38145775,Stable
0.37721562,0.5499458,0.50380737,0.65433514,0.49506986,0.37977165,0.70886266,0.7127552,0.67410254,0.2615462,0.7557181,0.7220173,0.7539269,0.19331466,0.77960604,0.58376575,0.77927387,0.37559754,Stable
0.3778975,0.5610608,0.5005061,0.6588927,0.49314588,0.37308487,0.71385616,0.71864057,0.6806872,0.2555874,0.7557453,0.7107489,0.75711405,0.19215694,0.77709365,0.592862,0.77580893,0.37741715,Stable
0.37952444,0.5664964,0.5050238,0.6662711,0.4990631,0.36752963,0.722321,0.72068965,0.699314,0.24844483,0.7593035,0.6872656,0.76072973,0.19390538,0.7834462,0.59283745,0.7814517,0.37112898,Stable
0.3866689,0.5725915,0.5059252,0.6614251,0.5004241,0.3661074,0.72511995,0.7269413,0.6957261,0.24053262,0.7598188,0.69664025,0.7504927,0.19718778,0.7785246,0.58945465,0.77966756,0.3647039,Stable
0.38726652,0.57273626,0.5060006,0.66625196,0.5004067,0.3661859,0.7244867,0.7268007,0.69523376,0.24073885,0.7605051,0.69659984,0.75043666,0.19740069,0.7782373,0.5893108,0.7794892,0.36490834,Stable
0.38360965,0.56538117,0.5079189,0.66769564,0.4987516,0.3727096,0.731383,0.72206634,0.68916225,0.24725896,0.7638426,0.6892115,0.75767297,0.19073687,0.780364,0.5900933,0.7785632,0.3702231,Stable
0.38877472,0.5709126,0.50737536,0.6693828,0.501619,0.36822113,0.73042655,0.7232105,0.70053643,0.24290925,0.7540001,0.7109251,0.7637214,0.19359362,0.7792456,0.6027051,0.778885,0.37445056,Stable
0.39372858,0.5716145,0.50492907,0.66653186,0.49600363,0.36826742,0.7195639,0.70871973,0.70109695,0.23764005,0.7517995,0.7009721,0.7600608,0.19107917,0.77410233,0.59138197,0.77159786,0.36803803,Stable
0.38417932,0.5638179,0.507312,0.6624779,0.49925074,0.36264724,0.73052585,0.7126154,0.70241135,0.23479772,0.7548172,0.7026987,0.7622542,0.20557496,0.7763252,0.6015516,0.77550334,0.3711018,Stable
0.38404152,0.5633835,0.5070031,0.66244125,0.49907178,0.36265266,0.73048365,0.7128343,0.7023512,0.23482066,0.75451326,0.70274866,0.7621796,0.2058252,0.7762336,0.601655,0.7753718,0.3712395,Stable
0.37881845,0.5512165,0.5087507,0.6590735,0.49788412,0.36555505,0.72601295,0.7051789,0.70748156,0.23469669,0.750699,0.69140553,0.77064705,0.19373131,0.77898574,0.5906629,0.77790344,0.3674336,Stable
0.37313288,0.53773516,0.5096542,0.65428525,0.49451536,0.36085182,0.7229501,0.70135367,0.7008188,0.23591612,0.74836886,0.69045234,0.7631767,0.1911163,0.7749487,0.58228385,0.7726551,0.36209762,Stable
0.37096947,0.5281241,0.50730836,0.6473219,0.49567938,0.36122537,0.7169165,0.6997871,0.70113796,0.23495826,0.7509534,0.6934962,0.76696825,0.1873006,0.774975,0.5902861,0.77285904,0.36619172,Stable
0.369171,0.51589453,0.50993025,0.65210104,0.49798414,0.3538311,0.72195673,0.71395624,0.702199,0.23401086,0.7519232,0.6866027,0.77500105,0.18982445,0.7723407,0.5904523,0.76973045,0.3637347,Stable
0.3691891,0.5161208,0.5097164,0.6517035,0.497609,0.35394055,0.721677,0.713715,0.7017672,0.23434745,0.7522137,0.6865587,0.7747204,0.18973069,0.7722715,0.5901966,0.7697216,0.36381108,Stable
0.369446,0.5032635,0.5081717,0.64925635,0.4952597,0.35310254,0.71815795,0.72723335,0.692652,0.23709671,0.746573,0.73878527,0.7659618,0.1897299,0.77284783,0.59834164,0.7704984,0.36300743,Stable
0.37455758,0.49819833,0.5077117,0.6419667,0.49639422,0.35256025,0.7162673,0.7265737,0.69836235,0.23503922,0.75468916,0.71443266,0.7734674,0.19016701,0.77487886,0.59272265,0.7717999,0.36228776,Stable
0.36900848,0.49050304,0.5100803,0.64480114,0.4949386,0.34836468,0.7289891,0.71449584,0.6980187,0.22813796,0.75685495,0.67564046,0.7738821,0.1768168,0.7771288,0.5846982,0.773015,0.3590984,Stable
0.36748546,0.48875186,0.5053735,0.6396987,0.49293026,0.34868535,0.7177024,0.7082407,0.68705106,0.22875994,0.7592195,0.7001622,0.77337253,0.16094658,0.77624905,0.57465047,0.77006423,0.3561462,Stable
0.36760968,0.48869473,0.50531024,0.639606,0.49287033,0.34880066,0.7176842,0.70821655,0.6869485,0.22901231,0.75898284,0.700139,0.7732519,0.16048397,0.77615476,0.5744319,0.769967,0.35634956,Stable
0.36660582,0.48030537,0.50585485,0.6338072,0.49586606,0.34597385,0.7190654,0.69248044,0.6938139,0.21444009,0.7606412,0.65252584,0.77824426,0.15234783,0.77292174,0.5691013,0.7669158,0.35526523,Stable
0.35722432,0.46699905,0.49300855,0.636858,0.49688512,0.3324353,0.72012925,0.69352674,0.68802834,0.21016121,0.7608894,0.68170255,0.77039075,0.13247353,0.77540845,0.5539365,0.7642748,0.3228884,Stable
0.3456505,0.46349058,0.4918923,0.6172213,0.48751146,0.33109003,0.6946537,0.6799307,0.6833865,0.21069142,0.75487006,0.66869605,0.7687658,0.1341821,0.7664429,0.57042295,0.76129836,0.34162033,Stable
0.34371614,0.45801577,0.48852777,0.61711836,0.4858721,0.33203053,0.66654813,0.6748871,0.6768772,0.21262723,0.7512688,0.6711229,0.7626343,0.13107067,0.7717804,0.5689721,0.76448274,0.3427016,Stable
0.34373376,0.45810485,0.4886182,0.6171747,0.48591733,0.33209795,0.6665586,0.67471254,0.67685074,0.2127685,0.7512383,0.6711651,0.7623901,0.13082615,0.7718899,0.56885386,0.7644197,0.34256047,Stable
0.35296148,0.45719382,0.49399483,0.6312863,0.49204677,0.33117044,0.68847936,0.68479866,0.6877393,0.20766383,0.7465622,0.67982376,0.76748437,0.12934384,0.7658137,0.5724131,0.7577604,0.3375464,Stable
0.35294005,0.4548721,0.4930844,0.6215579,0.4900462,0.32786393,0.6931032,0.68364966,0.6887733,0.20712315,0.75888985,0.6455302,0.7721073,0.13894533,0.7593369,0.56715846,0.75524133,0.34296593,Stable
0.35487613,0.44628924,0.4969699,0.61900437,0.49464044,0.3256474,0.7100228,0.6766038,0.69848263,0.19929866,0.759607,0.63169086,0.7736262,0.12902357,0.77732646,0.5400213,0.7687199,0.32229936,Stable
0.35309064,0.44562125,0.4932561,0.6088687,0.48994467,0.32259586,0.6949401,0.6753244,0.68066645,0.20950037,0.75558823,0.64299285,0.76662624,0.1200967,0.7728739,0.54425424,0.76563776,0.3257391,Stable
0.35305056,0.4456514,0.49317896,0.6088947,0.48992845,0.32278237,0.6949667,0.6754222,0.6804611,0.20954286,0.7555587,0.6431195,0.7664458,0.12006232,0.7727008,0.54427195,0.7654683,0.32588136,Stable
0.34517258,0.44846913,0.4873645,0.6044774,0.49082455,0.32041454,0.69941473,0.6620417,0.681347,0.20586161,0.76319885,0.6473532,0.76513636,0.11798996,0.7780869,0.54809946,0.77399933,0.32506734,Stable
0.3491306,0.4460435,0.49055383,0.6030604,0.4910105,0.3176855,0.7042885,0.664647,0.6788763,0.20710693,0.75879806,0.6409552,0.7671468,0.11711496,0.7795779,0.5374108,0.77289987,0.32515955,Stable
0.35078788,0.4468815,0.49307367,0.60340995,0.4882124,0.31743538,0.7045113,0.6761298,0.67565674,0.20631418,0.7520963,0.6501976,0.7601944,0.116321355,0.7746438,0.5479361,0.7728864,0.32981536,Stable
0.3453233,0.44632098,0.49679667,0.60022825,0.4903252,0.3154351,0.7085284,0.66441697,0.6760945,0.2025707,0.75189483,0.64565116,0.7616856,0.11634027,0.7723098,0.5509924,0.7698671,0.32890278,Stable
0.34555182,0.44631857,0.49685246,0.600264,0.49021527,0.3152683,0.70859236,0.6645483,0.67614794,0.20262727,0.7520653,0.64548147,0.7617299,0.11625358,0.7723632,0.55110484,0.76993513,0.32904226,Stable
0.34827864,0.4436047,0.49234813,0.59947574,0.48799652,0.31380507,0.70774454,0.6780061,0.67607963,0.19548237,0.7546811,0.62372017,0.76555604,0.11244631,0.775406,0.5415088,0.7721264,0.3260715,Stable
0.34868997,0.44357976,0.4905016,0.5974736,0.48728022,0.31323746,0.7055072,0.6748662,0.673649,0.19688836,0.7519178,0.6422974,0.7608449,0.11584534,0.775794,0.53944135,0.7710767,0.32878545,Stable
0.34881887,0.44266224,0.4938088,0.5991096,0.48759064,0.3112617,0.71715605,0.6706959,0.6762564,0.1937553,0.74566185,0.64462507,0.7613093,0.114945844,0.7744445,0.5441622,0.7707859,0.32575464,Stable
0.34860384,0.44123358,0.49401546,0.5978046,0.48978385,0.30922058,0.7102282,0.67678034,0.6799573,0.19246095,0.7506068,0.6459221,0.7648498,0.11284693,0.77408993,0.5400598,0.7730269,0.32575083,Stable
0.3486256,0.44119155,0.49396786,0.59773666,0.48976552,0.30925876,0.7102004,0.676908,0.67989933,0.19247143,0.750564,0.6459632,0.76482385,0.1129756,0.7740767,0.53998643,0.7724006,0.3261037,Stable
0.34999236,0.44153947,0.4973029,0.599519,0.49129504,0.30598897,0.7138592,0.66475046,0.69376177,0.17552756,0.75937676,0.6401698,0.77545613,0.10950973,0.78086776,0.53588766,0.77734923,0.3121734,Stable
0.3529104,0.43722236,0.4950689,0.59976393,0.49119973,0.30625793,0.7144055,0.6684579,0.69539493,0.17337537,0.7487432,0.6535769,0.7598333,0.11053675,0.77537274,0.53733516,0.7725576,0.31433505,Stable
0.35536918,0.43599743,0.49623644,0.5979207,0.49015552,0.30607754,0.70840806,0.6661845,0.68978655,0.18036632,0.7416854,0.64108837,0.77276874,0.10768345,0.7730612,0.5379737,0.7702768,0.32375032,Stable
0.3524022,0.4301312,0.49682754,0.5926243,0.49019825,0.30301732,0.7113279,0.65934587,0.68057156,0.18969047,0.74098825,0.6348816,0.7722389,0.11207163,0.7744178,0.5343602,0.7723613,0.31614187,Stable
0.35229295,0.42998967,0.49693662,0.5926826,0.4902311,0.30296138,0.711322,0.6594998,0.68069017,0.18951808,0.7409972,0.6347332,0.7721302,0.11206853,0.7742559,0.5343144,0.77222383,0.31611353,Stable
0.3557009,0.43015167,0.49244612,0.5866723,0.4912182,0.3071645,0.70236397,0.6633122,0.6904663,0.17629823,0.7487199,0.6278783,0.7654877,0.114692435,0.7719183,0.533739,0.7698929,0.32396656,Stable
0.35652834,0.42903814,0.49465144,0.59838957,0.49530813,0.30710673,0.7040991,0.6708336,0.6962824,0.17995477,0.74872315,0.6395775,0.7624903,0.114716575,0.7749283,0.5343597,0.77052903,0.32146922,Stable
0.35845456,0.4323176,0.4945823,0.5996489,0.49370906,0.2999723,0.7187526,0.6816461,0.6974323,0.18039547,0.71439874,0.657004,0.76918554,0.114372954,0.7762548,0.5311531,0.7723409,0.3134783,Stable
0.35719168,0.43397224,0.4927696,0.6015854,0.4972175,0.30955,0.70355195,0.665733,0.6913427,0.18785095,0.7455854,0.636431,0.7664134,0.11521435,0.77777195,0.5354393,0.77237475,0.32225946,Stable
0.35719377,0.43397015,0.49292845,0.6015645,0.49732408,0.30940813,0.70278645,0.66557217,0.69130915,0.18804896,0.7465837,0.63650024,0.7663605,0.11528277,0.7776536,0.5352396,0.7724418,0.32217976,Stable
0.3571697,0.43423235,0.49373373,0.59806156,0.49586838,0.30831176,0.70885533,0.6541394,0.67882335,0.20737994,0.72950995,0.64552414,0.76427525,0.11360886,0.77442586,0.53402793,0.76907194,0.32290533,Stable
0.35780033,0.4350786,0.4975023,0.5989934,0.49402663,0.31043923,0.731614,0.6659685,0.6756588,0.20600156,0.6887893,0.6574442,0.7653264,0.11413185,0.77711487,0.5336936,0.7719288,0.32608473,Stable
0.3609496,0.43513882,0.50236416,0.600368,0.4929921,0.31404924,0.75154895,0.67662066,0.67776936,0.20946845,0.6815007,0.66138256,0.7690686,0.120316796,0.7787346,0.5239737,0.7719011,0.32572412,Stable
0.36324006,0.43716592,0.49449396,0.59992033,0.49288234,0.31547827,0.7110318,0.66323805,0.6774301,0.20973834,0.7129586,0.6565435,0.7582146,0.12481488,0.77613515,0.5371574,0.7697915,0.32727373,Stable
0.36383158,0.4367388,0.49413067,0.5997865,0.49270958,0.3154418,0.71075606,0.66277015,0.677492,0.20978074,0.71398866,0.655758,0.75821984,0.124902815,0.7759197,0.53695214,0.7696444,0.32721978,Stable
0.3642072,0.44075164,0.4920022,0.6025851,0.49396643,0.3160114,0.7030475,0.6660812,0.67753744,0.2124149,0.71058416,0.6627488,0.75853723,0.13383353,0.7809371,0.5263602,0.7734934,0.31689748,Stable
0.368226,0.4413213,0.49156493,0.60263443,0.49257463,0.31546015,0.69723487,0.6583928,0.6777153,0.21470809,0.72340465,0.65013015,0.7566165,0.1342856,0.7802791,0.5345336,0.7734771,0.32189298,Stable
0.36598656,0.4429446,0.49210453,0.60020006,0.49071223,0.31909418,0.68513095,0.6615995,0.67878234,0.21407998,0.6985702,0.6582974,0.77069354,0.13178666,0.77682203,0.5336555,0.7694749,0.3240305,Stable
0.36323842,0.44427606,0.49274117,0.6030724,0.48792037,0.3215347,0.68710744,0.6687342,0.67855275,0.21205008,0.51645786,0.6704763,0.7701759,0.13197914,0.77043027,0.535524,0.763937,0.32562166,Stable
0.36241528,0.4443352,0.4929316,0.60313475,0.48801434,0.32143593,0.6865721,0.66849154,0.6784705,0.21199927,0.6930725,0.65879005,0.7700076,0.13202393,0.77044886,0.53553665,0.764058,0.32560793,Stable
0.3624923,0.44559965,0.48965126,0.5975016,0.48756933,0.3230245,0.66018796,0.6681256,0.66720796,0.21387431,0.49527714,0.6655485,0.76575464,0.14425036,0.7719237,0.5364977,0.7666311,0.32708648,Stable
0.36253583,0.44730842,0.48806164,0.60286003,0.4806703,0.32681257,0.6779249,0.6679877,0.67843306,0.21396428,0.6952926,0.6500547,0.7682493,0.14438152,0.7677069,0.54222506,0.7622814,0.33205572,Stable
0.36294812,0.44465494,0.4920044,0.6021973,0.48550385,0.3241526,0.6756209,0.6684043,0.6772417,0.21298937,0.6922922,0.65904343,0.76827836,0.13064998,0.7700939,0.5417129,0.76357144,0.32589504,Stable
0.36165196,0.44503188,0.48882696,0.5991708,0.48359644,0.32174814,0.6722207,0.6633035,0.6680929,0.22278264,0.7294249,0.64834195,0.76248616,0.14698398,0.7677612,0.54032564,0.76199,0.33084846,Stable
0.36177278,0.44496223,0.48889494,0.5990989,0.4836081,0.3218098,0.67193073,0.6634992,0.66812176,0.2228998,0.7450427,0.6496463,0.76253855,0.14702888,0.76763296,0.5404557,0.76192915,0.33096698,Stable
0.36063063,0.44521603,0.48981273,0.6028558,0.48628244,0.31985027,0.68440056,0.66576195,0.67736524,0.21607974,0.74138546,0.63870025,0.7663504,0.14271085,0.77033395,0.54154015,0.7668647,0.33581302,Stable
0.3582425,0.4432711,0.48866755,0.6067314,0.48624325,0.31949213,0.7048508,0.66322714,0.678801,0.21546862,0.74993694,0.6442442,0.7709836,0.1310614,0.7715639,0.5366603,0.76661605,0.32784706,Stable
0.35671842,0.4417029,0.49003217,0.60330904,0.48757988,0.32060775,0.69301605,0.67385066,0.6840552,0.21632569,0.74844664,0.6657613,0.7663862,0.14559656,0.7738687,0.5398033,0.7707033,0.3289826,Stable
0.356959,0.443925,0.47843334,0.59949327,0.48619366,0.321025,0.64729947,0.66461205,0.6819861,0.221189,0.75560373,0.6703477,0.7655996,0.14652255,0.7699568,0.5391586,0.76819193,0.3303095,Stable
0.3572851,0.4437912,0.47850132,0.59954536,0.486289,0.32103777,0.6475331,0.6647266,0.68206906,0.22122255,0.755744,0.6701069,0.7656257,0.14647356,0.77016544,0.5390147,0.768283,0.33028895,Stable
0.3528046,0.44641802,0.4756459,0.6043928,0.48274025,0.3253172,0.6483118,0.6662903,0.6756195,0.22704086,0.7583015,0.67205775,0.7652445,0.153144,0.76789755,0.54520416,0.7604742,0.34048325,Stable
0.35698193,0.44361007,0.47596216,0.6072628,0.4806448,0.32906532,0.6629716,0.67363614,0.67678976,0.22849779,0.75600016,0.6748296,0.76102346,0.16494803,0.7657584,0.5576744,0.7607667,0.3480661,Stable
0.35799205,0.44374925,0.46730074,0.6099031,0.47913617,0.33501256,0.65418047,0.6647208,0.66563386,0.24048077,0.75337,0.67409027,0.7608118,0.16803715,0.7643537,0.5558537,0.75848264,0.35003865,Stable
0.35729706,0.44867545,0.4695581,0.6113553,0.47909248,0.34277782,0.6460174,0.67167515,0.66867894,0.24276233,0.7516307,0.68502545,0.7591208,0.17219573,0.75844264,0.5587885,0.7539302,0.35059187,Stable
0.35730943,0.44858322,0.46961448,0.6114587,0.4792739,0.34281465,0.64613193,0.67171836,0.6689846,0.24272864,0.7519309,0.68488955,0.758989,0.17210601,0.7586512,0.5587789,0.75414824,0.35074925,Stable
0.355685,0.45454046,0.47207266,0.6122153,0.480221,0.33877873,0.6487062,0.678645,0.67454267,0.2480033,0.75913495,0.68477917,0.76370806,0.1764087,0.7583581,0.56574583,0.75425166,0.36002564,Stable
0.35398358,0.46301898,0.47619468,0.61829734,0.48622596,0.343167,0.6681935,0.6863389,0.6798792,0.24577457,0.76069593,0.6821272,0.7666968,0.17987582,0.7648787,0.5684794,0.7645125,0.35976705,Stable
0.3546,0.4574076,0.4709123,0.620757,0.4822795,0.34612256,0.65493894,0.6851305,0.66998506,0.24823523,0.75710845,0.686279,0.7514764,0.19222733,0.7664336,0.56290233,0.7596543,0.3562892,Stable
0.35467887,0.46448335,0.47449726,0.6238366,0.48236594,0.35146332,0.66097826,0.6906029,0.67437834,0.25212094,0.76404154,0.622044,0.7628032,0.1916226,0.76870143,0.5671465,0.7664337,0.36543378,Stable
0.35470778,0.46436292,0.474555,0.6238017,0.48234636,0.3514129,0.6613045,0.69076025,0.67468464,0.25208116,0.76411533,0.6222159,0.76280993,0.19160539,0.768758,0.5669273,0.76629865,0.36513337,Stable
0.35412246,0.46672738,0.47753665,0.62350607,0.48534232,0.3516754,0.6719493,0.69879264,0.6792425,0.25039586,0.765377,0.6329813,0.7581512,0.19334124,0.76987255,0.5708439,0.76734066,0.3680329,Stable
0.35776302,0.4661696,0.4727752,0.6253605,0.4842329,0.35474095,0.6725206,0.6990602,0.6757126,0.25595707,0.76086307,0.70352596,0.7532848,0.20394155,0.76399964,0.57364154,0.76456106,0.37171757,Stable
0.36101943,0.46656537,0.47331136,0.62673014,0.4860619,0.3544868,0.6629426,0.69923276,0.6874968,0.25071436,0.7496289,0.7004017,0.7724742,0.19510221,0.76214683,0.5756417,0.7633354,0.37054372,Stable
0.36049402,0.46468756,0.475766,0.62853205,0.48617336,0.35842356,0.6719384,0.7005626,0.68146574,0.25430965,0.75369465,0.70840067,0.7604165,0.19943921,0.76465416,0.57128024,0.7594301,0.3724751,Stable
0.3604593,0.4646158,0.4757576,0.62879795,0.48613882,0.3588583,0.6719985,0.70081997,0.68120664,0.25476205,0.7533259,0.70885265,0.7606561,0.19929919,0.7644426,0.57126236,0.75919646,0.37256226,Stable
0.36010802,0.46487015,0.4787825,0.6278284,0.48756108,0.35817084,0.6818533,0.70343685,0.6802386,0.26045054,0.75893444,0.69850206,0.76029766,0.20186722,0.76654685,0.5719788,0.7648698,0.37093437,Stable
0.36137557,0.46425086,0.4797678,0.6336093,0.48531362,0.3584429,0.6770092,0.7030162,0.67634,0.26910183,0.7587906,0.7132148,0.76640505,0.20083891,0.7613934,0.58183914,0.76399916,0.38106722,Stable
0.3651644,0.46525666,0.48212707,0.63535905,0.48987198,0.3644083,0.6922514,0.71482027,0.67902935,0.27235347,0.75755876,0.7212807,0.7548337,0.20532688,0.7662904,0.58293843,0.76831067,0.3829245,Stable
0.35348925,0.474082,0.47957954,0.6340711,0.4909763,0.36791432,0.67225355,0.7058458,0.6820237,0.2720089,0.7620975,0.71888816,0.7658612,0.20280972,0.7601232,0.58703816,0.76692164,0.39022237,Stable
0.35333765,0.47446784,0.47942132,0.63411796,0.49104616,0.3679695,0.6723143,0.70619935,0.6818898,0.27200207,0.76167464,0.7185697,0.7658099,0.20286173,0.7600395,0.5869833,0.7669195,0.39022493,Stable
0.35642374,0.47912097,0.4846352,0.6376231,0.49223453,0.36839563,0.6909351,0.7235295,0.67852926,0.27141818,0.7558452,0.7230415,0.7604039,0.20341611,0.76491237,0.5876201,0.77004254,0.3879021,Stable
0.35334438,0.47899312,0.482764,0.63994706,0.49008095,0.36928016,0.6791379,0.7144593,0.6769747,0.2723546,0.7539651,0.7139441,0.75650764,0.19890454,0.76300514,0.5961286,0.76829886,0.39884079,Stable
0.35588032,0.478634,0.4800603,0.64446044,0.4872067,0.3721602,0.67127985,0.70704186,0.67029846,0.27884483,0.75462765,0.7215311,0.76508725,0.1989415,0.77242535,0.5941074,0.7711985,0.38953578,Stable
0.3555721,0.48276246,0.47947645,0.6440949,0.48749423,0.37441835,0.6768255,0.70383847,0.6717155,0.27824822,0.758831,0.72534037,0.7670776,0.20123899,0.77457106,0.5963557,0.77393,0.39136323,Stable
0.35554993,0.482658,0.47939914,0.64404076,0.48742968,0.3745094,0.67682284,0.70377105,0.67171854,0.27827063,0.75893563,0.7252716,0.7670394,0.20131841,0.7744882,0.59637403,0.7738518,0.39138752,Stable
0.35383576,0.48303646,0.47788545,0.6447379,0.48776764,0.37453932,0.66829515,0.7112481,0.6725876,0.2776609,0.75795805,0.72774863,0.76415956,0.20001376,0.77597284,0.5929936,0.7764207,0.39034265,Stable
0.35449535,0.48490745,0.4789867,0.64307344,0.4870536,0.3720995,0.66866916,0.7140987,0.67236507,0.27843806,0.75985503,0.7281617,0.7625239,0.20415305,0.7736652,0.5962753,0.7759239,0.3907799,Stable
0.3578684,0.4826917,0.47273824,0.64583164,0.48356387,0.37231004,0.6702451,0.7131797,0.6734139,0.2786533,0.7577221,0.7338495,0.7571792,0.20978984,0.76964414,0.59611404,0.77044606,0.38917658,Stable
0.35859358,0.4825244,0.4716624,0.64541745,0.48374853,0.37195617,0.6745125,0.71493804,0.6734978,0.2785262,0.76081467,0.7173073,0.76327986,0.2051233,0.765646,0.59705436,0.7681064,0.38871622,Stable
0.35860384,0.48251778,0.47166002,0.64554095,0.48369882,0.3720153,0.6747334,0.7147879,0.6733987,0.27866465,0.76076835,0.7173862,0.76299804,0.20418182,0.7656177,0.59713686,0.76802725,0.38880414,Stable
0.35972244,0.4820698,0.47256887,0.6446515,0.48541018,0.3732373,0.6686065,0.7112841,0.67212737,0.2892676,0.7578033,0.7157583,0.75562114,0.21150604,0.7655065,0.5991087,0.7682969,0.3918371,Stable
0.35676605,0.4814825,0.47323453,0.642519,0.4845177,0.37346178,0.66969126,0.71501803,0.6691971,0.28946167,0.7589132,0.7261119,0.7567812,0.21406966,0.7669811,0.5958942,0.768268,0.38947344,Stable
0.35816142,0.4811715,0.47382686,0.64231294,0.48280331,0.37211308,0.6652409,0.71263707,0.67599535,0.28450015,0.7596013,0.7301604,0.7591182,0.21237773,0.7671656,0.5965246,0.76882946,0.38870007,Stable
0.36031866,0.47708628,0.47860843,0.6483636,0.48341143,0.371836,0.6697528,0.71148217,0.672066,0.2815656,0.7622022,0.726774,0.75911,0.2148047,0.7664942,0.6077011,0.7690762,0.3896081,Stable
0.3603999,0.47714812,0.47867987,0.648386,0.48335922,0.37187946,0.6698064,0.7115853,0.6719415,0.28167176,0.76219535,0.7267906,0.7590935,0.21484838,0.76664436,0.607694,0.76908886,0.38957042,Stable
0.3607378,0.47525042,0.474014,0.6456497,0.48333248,0.3744155,0.66780895,0.71471155,0.6646701,0.28987524,0.7549216,0.72942275,0.75825065,0.21636319,0.7665163,0.60012746,0.76654047,0.39994717,Stable
0.35663676,0.47512984,0.47282547,0.64254814,0.48424584,0.37583494,0.6625364,0.71344584,0.67031854,0.29210758,0.7596149,0.7208585,0.7590148,0.21439317,0.75870365,0.60560715,0.76474875,0.40601727,Stable
0.35430962,0.47492033,0.4751681,0.6422413,0.48500785,0.37687755,0.6667792,0.7141268,0.6765783,0.29056984,0.75930154,0.7284627,0.75747395,0.21969293,0.7632333,0.6073167,0.7677743,0.40334094,Stable
0.3554111,0.47798038,0.4730659,0.64529073,0.48516786,0.3770511,0.6473948,0.7103378,0.6764335,0.29042006,0.75699705,0.7369403,0.7585701,0.21839267,0.7588972,0.59344035,0.75947547,0.4041141,Stable
0.3553768,0.47804528,0.4732908,0.6452941,0.4851498,0.37710267,0.6483904,0.71004486,0.67638123,0.29047102,0.7570001,0.7369556,0.75866187,0.21847592,0.75911593,0.5933186,0.75961673,0.40401495,Stable
0.35287303,0.4769728,0.47646174,0.6443695,0.48552307,0.37780333,0.6656149,0.7168716,0.6754961,0.28667957,0.7546443,0.7404744,0.7546731,0.21704273,0.76268864,0.590914,0.76417327,0.39367732,Stable
0.35286936,0.47784954,0.47504193,0.64466363,0.48585558,0.37862632,0.6638634,0.7164454,0.6789712,0.29533526,0.758374,0.7372285,0.7638261,0.22092247,0.7646257,0.5980585,0.7674453,0.40392184,Stable
0.35348743,0.47774845,0.47472212,0.64731574,0.4826818,0.3810875,0.6754298,0.713863,0.66972446,0.2955144,0.7572012,0.73996305,0.7495483,0.23686442,0.7612276,0.60071397,0.7572655,0.41024542,Stable
0.35800374,0.4767176,0.4771099,0.6529507,0.4885015,0.38026088,0.67461836,0.7198999,0.68293494,0.29624018,0.75592923,0.7524693,0.763005,0.23234688,0.75884914,0.60958606,0.7592089,0.40957817,Stable
0.35792658,0.4766727,0.4770326,0.6528988,0.48863763,0.38032997,0.6746342,0.7196369,0.68300533,0.29620287,0.7564704,0.7520661,0.76309794,0.2323842,0.75866127,0.60974556,0.7589984,0.40974802,Stable
0.36037216,0.47548932,0.48226842,0.65370953,0.48941696,0.3814826,0.6832714,0.7229264,0.67848676,0.29728353,0.7673863,0.7464418,0.7675964,0.2317023,0.76452583,0.6100904,0.7655105,0.4090463,Stable
0.35676348,0.47775242,0.48134482,0.6562242,0.48743793,0.38279343,0.6831223,0.7232122,0.6780989,0.29583263,0.767981,0.7548864,0.760169,0.23086855,0.7618388,0.6115874,0.76353467,0.40964466,Stable
0.35645443,0.48086068,0.4781984,0.654796,0.48704618,0.38821006,0.6704938,0.731308,0.6798103,0.29475218,0.7554436,0.7569647,0.76886165,0.23161839,0.7628994,0.60770226,0.76349443,0.40738827,Stable
0.35792118,0.48235354,0.48028213,0.6555822,0.4891563,0.38500974,0.6760482,0.7298689,0.68288726,0.29240358,0.75897115,0.75765455,0.7632472,0.23008817,0.7679782,0.59722435,0.76761264,0.39480853,Stable
0.35795122,0.48246834,0.48032153,0.6555968,0.48908204,0.38502,0.67633843,0.72997034,0.68897676,0.2866729,0.759432,0.75770795,0.76332545,0.23006877,0.7681508,0.59714484,0.7676546,0.39461625,Stable
0.3619858,0.4860668,0.47679543,0.6572068,0.4908447,0.3881052,0.6745156,0.7292353,0.68381655,0.29794505,0.75801873,0.7635484,0.7770462,0.23429519,0.76258993,0.6081584,0.76379335,0.4065348,Stable
0.3557127,0.49048588,0.4786567,0.66084844,0.48781258,0.39207467,0.67574155,0.73369306,0.677834,0.2995571,0.7599673,0.7617167,0.7638968,0.24459028,0.7676735,0.6091684,0.76439285,0.40779516,Stable
0.35843727,0.48610744,0.4732575,0.6634552,0.48375005,0.39203247,0.6741358,0.74358785,0.67660064,0.30556226,0.76139164,0.75722426,0.76766944,0.23960266,0.76393723,0.61386013,0.76241386,0.41311753,Stable
0.36120808,0.485112,0.47784993,0.6654387,0.48487878,0.3955056,0.66782403,0.74245596,0.6750617,0.30379593,0.74888337,0.7313925,0.7419976,0.2620635,0.75802875,0.6159881,0.75214136,0.42487603,Stable
0.36146504,0.48497224,0.4777958,0.6654239,0.48492515,0.39554125,0.6676643,0.7425208,0.6749661,0.30388132,0.7487456,0.7316157,0.74186414,0.26199973,0.757878,0.61594176,0.7520895,0.42488503,Stable
0.36176333,0.485838,0.47514707,0.6661663,0.48643216,0.3963097,0.6820273,0.7453994,0.6816191,0.30345473,0.7612827,0.73146695,0.75601196,0.2608913,0.7628917,0.6175554,0.75771236,0.4254945,Stable
0.36239502,0.49233052,0.47882682,0.6762891,0.4886065,0.39799285,0.6777851,0.7540685,0.689815,0.3041592,0.75796664,0.7584796,0.76544017,0.25732887,0.76394296,0.62844896,0.7637924,0.42436084,Stable
0.36197156,0.49962685,0.479871,0.67883694,0.48614976,0.3957141,0.67802775,0.7471701,0.68169945,0.31379524,0.7608773,0.75587726,0.7596779,0.2774327,0.7690593,0.61805993,0.7655136,0.4154672,Stable
0.35923785,0.4975657,0.47485694,0.68109816,0.4880038,0.40207362,0.6717715,0.77014744,0.68314135,0.31454158,0.76011705,0.7947526,0.7574786,0.27904066,0.76984394,0.6278515,0.7668871,0.43544614,Stable
0.3592244,0.49774262,0.47476488,0.6809794,0.4879825,0.40212095,0.67212987,0.77029437,0.6831445,0.31450248,0.76027954,0.7945285,0.7574,0.27902743,0.7700442,0.62771845,0.7670804,0.43550104,Stable
0.3560658,0.51568216,0.4704064,0.6846812,0.48423028,0.40611944,0.68312097,0.77830887,0.68067807,0.32055622,0.7596823,0.8066394,0.76541746,0.28150898,0.7643503,0.6437983,0.76214045,0.44056594,Stable
0.35341895,0.5226258,0.46974206,0.68601173,0.48319143,0.41147214,0.6773162,0.7799191,0.68378377,0.32253164,0.75783604,0.7960044,0.7556076,0.28974265,0.76569533,0.64174026,0.7654239,0.45132393,Stable
0.35247993,0.5297123,0.46710512,0.6992245,0.48428127,0.41723865,0.68148106,0.79618615,0.6902596,0.32353485,0.77019155,0.76571083,0.7665369,0.28488296,0.76707065,0.6580087,0.76741576,0.45760864,Stable
0.34873676,0.5388673,0.46615466,0.7016829,0.47358638,0.42644817,0.67138815,0.80503666,0.66579664,0.34289595,0.7665446,0.79494894,0.7654121,0.28515223,0.76294243,0.66248,0.7607598,0.46709138,Stable
0.34864706,0.53893244,0.4661923,0.70180166,0.4732755,0.42641115,0.6710872,0.80484533,0.66564035,0.34297758,0.7665738,0.7947992,0.765399,0.2851345,0.7627084,0.6626515,0.7606081,0.46718138,Stable
0.3456144,0.5470908,0.47085905,0.714844,0.47806662,0.42642546,0.67832506,0.80704427,0.66992676,0.33835086,0.7667574,0.7904078,0.7689345,0.29188657,0.7690489,0.66635835,0.76680225,0.46084195,Stable
0.34885666,0.54878676,0.47524703,0.7103347,0.48077914,0.42493054,0.6882345,0.8035457,0.66992474,0.33169934,0.76637053,0.80988836,0.7686175,0.2835195,0.76846015,0.6634293,0.7693383,0.4526609,Stable
0.34994662,0.54947436,0.47226018,0.70662254,0.47497034,0.42476282,0.6775455,0.8031981,0.670879,0.33267397,0.76126313,0.7978786,0.76826596,0.28804588,0.76179826,0.6619346,0.7589053,0.4510044,Stable
0.35075217,0.545884,0.4725269,0.7111592,0.475371,0.42837772,0.68686575,0.80408496,0.6630255,0.34186506,0.76110166,0.7928304,0.7628581,0.29887924,0.7682158,0.65680444,0.76654077,0.45566636,Stable
0.35103238,0.5455824,0.4726048,0.7113628,0.47551152,0.42841828,0.68735546,0.804198,0.6632201,0.34179747,0.7612195,0.7926763,0.7631365,0.2987741,0.76828206,0.6569863,0.7666032,0.45579576,Stable
0.3513115,0.5397619,0.47761905,0.7134554,0.4788981,0.43916976,0.69140923,0.80496734,0.66000843,0.3421871,0.7599613,0.79598826,0.7568774,0.2997837,0.76961184,0.6486393,0.76333666,0.4518678,Stable
0.35284895,0.53903043,0.4745333,0.7114631,0.47632372,0.4387096,0.67802286,0.80664265,0.6647823,0.34488106,0.75668335,0.81957954,0.7663674,0.2908256,0.7670741,0.65976477,0.76346797,0.4577406,Stable
0.36020562,0.5303877,0.47509712,0.71066,0.4774583,0.43360385,0.67789316,0.80592394,0.66379106,0.35033244,0.75406694,0.8072152,0.7610582,0.29915988,0.7683396,0.66230947,0.7678218,0.46624887,Stable
0.36169,0.5295358,0.4711973,0.7059032,0.47707486,0.4303798,0.67680824,0.8034059,0.66691923,0.348155,0.75627756,0.80710757,0.75587523,0.305239,0.7643284,0.66240454,0.76292825,0.46452254,Stable
0.36171287,0.5294989,0.47115275,0.7058572,0.47699195,0.43048072,0.676598,0.8032832,0.66688955,0.34813702,0.7562667,0.80733633,0.75584364,0.30525693,0.76411194,0.6626408,0.7626567,0.46466285,Stable
0.36038077,0.52144843,0.46954116,0.7053747,0.48395956,0.4274733,0.678218,0.80345434,0.6626406,0.35170615,0.75569475,0.80489695,0.7480687,0.3099786,0.76338047,0.6482952,0.7613462,0.46033272,Stable
0.36507553,0.5203639,0.47342938,0.7096875,0.4921976,0.4317212,0.6887697,0.805784,0.67732763,0.35015547,0.7569808,0.802593,0.75793266,0.3064292,0.7688815,0.65726066,0.76635575,0.4706655,Stable
0.36408293,0.51834404,0.46916646,0.7082621,0.4850886,0.42960972,0.6800419,0.80166376,0.65915024,0.35692593,0.75435054,0.79960483,0.75562334,0.30681813,0.76621735,0.6414417,0.759258,0.45335993,Stable
0.36727235,0.5183321,0.47204873,0.7085654,0.4835487,0.43190402,0.6915802,0.80351186,0.6712605,0.34838188,0.7603616,0.7993747,0.7588606,0.30754864,0.7709863,0.6460647,0.7675354,0.45710754,Stable
0.36725926,0.5183604,0.4720598,0.7086465,0.48332185,0.43209678,0.6915505,0.80333364,0.6707834,0.3487063,0.76024336,0.79946494,0.758868,0.30812806,0.7708859,0.6459645,0.7673538,0.4571391,Stable
0.36859477,0.5165136,0.47198933,0.70830405,0.48531306,0.4310506,0.6889801,0.79803175,0.67552376,0.34685117,0.76406765,0.7970257,0.7618553,0.3111592,0.76886976,0.64671123,0.7655524,0.46057245,Stable
0.3649504,0.51668525,0.4723382,0.70745146,0.48011515,0.43312144,0.68311536,0.79841137,0.6605511,0.3505358,0.76117957,0.7983686,0.76016486,0.30552432,0.76776594,0.6423328,0.7639371,0.45704994,Stable
0.36568296,0.51850915,0.47578558,0.71150297,0.48096734,0.43224347,0.6930534,0.7987618,0.65674084,0.35835108,0.7655689,0.788088,0.7483078,0.3032391,0.7697531,0.6451992,0.7654347,0.45407483,Stable
0.3688783,0.5240767,0.4804413,0.7120516,0.4816975,0.4343865,0.7003953,0.79939663,0.66639,0.35745427,0.76794,0.74637526,0.75729984,0.30527306,0.77406764,0.64738965,0.7713499,0.4596474,Stable
0.36886272,0.5240497,0.4803031,0.7118764,0.48169154,0.43438265,0.70031494,0.7993817,0.6663396,0.3575859,0.76774526,0.7460043,0.7573421,0.30527192,0.7741333,0.647382,0.77141756,0.45980877,Stable
0.37013006,0.5260761,0.47716552,0.71618503,0.47995862,0.43356836,0.6979717,0.8053702,0.6732378,0.35225052,0.7685649,0.7433447,0.76662123,0.30594206,0.7694594,0.66235554,0.76524615,0.4604071,Stable
0.36825544,0.533396,0.47811544,0.71541715,0.4786769,0.4350253,0.70249575,0.80940264,0.6701474,0.35184512,0.76151407,0.7340653,0.7509028,0.30212468,0.7726478,0.6517336,0.7660746,0.45740256,Stable
0.37015414,0.54247797,0.4833221,0.7226298,0.48223922,0.43916115,0.69757426,0.80807483,0.67581457,0.35623682,0.7632391,0.7651786,0.76122344,0.31521776,0.7722056,0.6601337,0.76956236,0.46032327,Stable
0.37418675,0.5442479,0.48606414,0.7254045,0.4850683,0.44000384,0.69698834,0.8108791,0.6673524,0.3577248,0.7657105,0.7917197,0.7623484,0.31201255,0.7733712,0.65897065,0.77148193,0.4611436,Stable
0.37414905,0.5442727,0.48613453,0.7252468,0.48507273,0.43997583,0.69686055,0.8107126,0.6673164,0.35775226,0.7655718,0.7918216,0.7622882,0.3118782,0.7734493,0.65892816,0.7715534,0.46111375,Stable
0.37071604,0.54772604,0.48627394,0.7236036,0.4817966,0.44670027,0.7014837,0.81006956,0.6599467,0.3595849,0.7613892,0.7426821,0.75489515,0.32458842,0.7755717,0.6594759,0.7714974,0.47359437,Stable
0.3763562,0.55438125,0.48495322,0.7266187,0.4866993,0.44395953,0.6944152,0.8165511,0.6705787,0.35777077,0.76112807,0.79328865,0.75871843,0.31173486,0.7748007,0.6625549,0.7728242,0.47087073,Stable
0.37402007,0.5574021,0.48431143,0.7259004,0.48937973,0.44496334,0.68104976,0.8070135,0.6735686,0.35783303,0.7612233,0.78947467,0.75428903,0.32029736,0.7737996,0.6676795,0.77216434,0.47741994,Stable
0.37394428,0.55696255,0.48120826,0.7267184,0.48692426,0.44631678,0.6775682,0.80552644,0.67412436,0.35947058,0.75790167,0.7853042,0.7533354,0.32066226,0.7721376,0.6673071,0.7686395,0.474935,Stable
0.374006,0.5570439,0.48114392,0.7267159,0.48694927,0.4464818,0.6774925,0.8055017,0.6741307,0.35947084,0.7577707,0.7855005,0.7533991,0.32027128,0.7720687,0.6671638,0.76855934,0.4749475,Stable
0.37425625,0.5556564,0.48428255,0.72284997,0.48831367,0.4473737,0.67436075,0.80494785,0.66982496,0.36009726,0.7561561,0.7978296,0.7564587,0.31876087,0.7691089,0.666411,0.7674986,0.47672904,Stable
0.375154,0.55689263,0.4845087,0.724355,0.4888798,0.44787318,0.6940915,0.8123114,0.66998136,0.3645024,0.760102,0.7909529,0.7604341,0.31635708,0.7739386,0.66851974,0.7725321,0.47791275,Stable
0.37431583,0.56271404,0.4847334,0.7251953,0.48791778,0.45081148,0.69707865,0.8164689,0.672295,0.3677733,0.7636525,0.76144326,0.755135,0.31727734,0.7775283,0.66821456,0.77617526,0.47829232,Stable
0.37515998,0.5624678,0.48313278,0.72915244,0.48986575,0.45554078,0.702542,0.8173984,0.67424154,0.3690315,0.76629126,0.75595206,0.75808144,0.31850794,0.7790884,0.66448176,0.7757349,0.4779471,Stable
0.37492514,0.56252575,0.48290405,0.72896236,0.4896947,0.455728,0.7023217,0.81753886,0.67418617,0.36901373,0.7662964,0.7557522,0.75798386,0.31861916,0.7788528,0.6645784,0.7756085,0.478067,Stable
0.37478873,0.5598753,0.4909566,0.7366952,0.48649308,0.45658952,0.7136378,0.82245207,0.67461437,0.37064087,0.7643265,0.7587561,0.76536363,0.31832734,0.7790754,0.6685718,0.77579945,0.47932076,Stable
0.37670612,0.55858517,0.48803997,0.7367325,0.48723873,0.4577771,0.7076301,0.82811874,0.6745815,0.36977255,0.7596537,0.7452771,0.7653424,0.32097983,0.77855897,0.6769392,0.778954,0.4833352,Stable
0.3765553,0.5573012,0.49358982,0.7379262,0.4866478,0.45966488,0.70994604,0.8270328,0.67141426,0.37301838,0.7562203,0.7445768,0.76373065,0.31937373,0.7755036,0.66576695,0.7733288,0.4765776,Stable
0.37981972,0.5605593,0.49620506,0.7405062,0.49557552,0.45931935,0.72341394,0.8307326,0.6763077,0.370501,0.75172395,0.7333019,0.76060724,0.31960085,0.77668655,0.6679195,0.7740927,0.4779993,Stable
0.37984568,0.5605493,0.49621177,0.74056244,0.4955927,0.459519,0.7238277,0.8308209,0.67624056,0.37051743,0.75151175,0.7333018,0.76056457,0.31987172,0.77694535,0.667972,0.7742914,0.47788855,Stable
0.37848032,0.5606023,0.49440086,0.7383075,0.49493772,0.45735502,0.72621894,0.8226096,0.6820791,0.3684216,0.75757277,0.73314166,0.76322174,0.32499483,0.78434587,0.66736877,0.77870935,0.47950742,Stable
0.38218063,0.55709827,0.4917801,0.73328567,0.49134427,0.4533167,0.7199286,0.8232702,0.6742461,0.37273633,0.7571033,0.7376056,0.7637998,0.32267535,0.7842709,0.66477305,0.77930915,0.48053718,Stable
0.38210118,0.55985975,0.49220404,0.7294153,0.49981868,0.45758235,0.7206782,0.8282796,0.677439,0.36993986,0.75993705,0.7522795,0.7607434,0.3269528,0.78322864,0.66611856,0.78451014,0.4808309,Stable
0.37700814,0.5619607,0.49641466,0.73452795,0.49896932,0.45173573,0.7266662,0.8291234,0.6772295,0.3698505,0.75691473,0.7524165,0.7630212,0.32676584,0.7843982,0.6773032,0.7824685,0.4821015,Stable
0.37685162,0.5616851,0.49583566,0.73394054,0.49903595,0.45212126,0.7261798,0.8287701,0.6763355,0.3733248,0.75652206,0.7524709,0.76283526,0.32674497,0.78425163,0.67685974,0.78229684,0.48190486,Stable
0.3824093,0.556007,0.49719316,0.7370511,0.49536943,0.45783812,0.7242665,0.82571614,0.6724833,0.38376957,0.761585,0.7356524,0.7619366,0.33284178,0.7830509,0.6662186,0.781506,0.48153841,Stable
0.3856064,0.5583634,0.49178955,0.7435883,0.49543834,0.45939386,0.7208812,0.83353376,0.69271463,0.37234852,0.7560095,0.747246,0.7698405,0.33026534,0.7816386,0.67684436,0.7827057,0.48627397,Stable
0.38413224,0.55892724,0.49699706,0.7437222,0.49850008,0.4558315,0.7254379,0.8294132,0.68987215,0.37381062,0.75327563,0.7424278,0.7641251,0.33067307,0.7866332,0.66628486,0.78549784,0.4830589,Stable
0.38432106,0.55625993,0.49755797,0.74554604,0.500258,0.46202594,0.72457594,0.8294815,0.69454026,0.37137437,0.7549337,0.7322022,0.75574464,0.33881623,0.78741664,0.66529435,0.7881316,0.48018837,Stable
0.38428593,0.5562581,0.4975046,0.74546164,0.5002554,0.46222675,0.7244108,0.82955927,0.694302,0.37135944,0.7546765,0.7321753,0.75577754,0.3387106,0.7874793,0.6655153,0.78808904,0.48040038,Stable
0.38159996,0.5584785,0.49492058,0.74386764,0.49676937,0.47162628,0.726875,0.83137745,0.68030953,0.37676042,0.75544256,0.7360598,0.75669336,0.33335063,0.7827182,0.66537493,0.78552794,0.48285946,Stable
0.38217458,0.5611344,0.49628174,0.7441067,0.4965025,0.4725151,0.72380304,0.831061,0.6784934,0.37877938,0.7500512,0.7410294,0.75465465,0.33293992,0.78634614,0.6743495,0.7877464,0.4841052,Stable
0.38156387,0.5605134,0.50042135,0.74658585,0.49859762,0.46980184,0.73442113,0.82722473,0.6814584,0.37682778,0.7447909,0.7230073,0.7520629,0.3398118,0.78932494,0.67497957,0.79060185,0.48428652,Stable
0.38630137,0.556368,0.50047266,0.7529831,0.4984398,0.47106308,0.72958946,0.82666177,0.6853633,0.37515038,0.7217085,0.74836063,0.75535786,0.33727795,0.79086506,0.678066,0.7921103,0.48306125,Stable
0.38626164,0.5563731,0.50059557,0.7531835,0.498402,0.47101182,0.7294914,0.8266845,0.6853732,0.37512082,0.7219714,0.7481239,0.7553413,0.337457,0.79074115,0.6781859,0.7920077,0.48325747,Stable
0.37977728,0.5591777,0.49816138,0.74872583,0.49589556,0.4693849,0.7288069,0.8258673,0.6802877,0.37710413,0.69405735,0.75068843,0.7500546,0.34121633,0.7889861,0.6769852,0.7899649,0.4807392,Stable
0.3789825,0.5612099,0.5005576,0.75329125,0.49747372,0.47400618,0.7393922,0.83672047,0.686576,0.37482044,0.738728,0.7395842,0.7601961,0.32721433,0.7889592,0.67691934,0.7913526,0.48031625,Stable
0.3815759,0.55464256,0.49951574,0.74676704,0.495748,0.47210133,0.7313762,0.83249676,0.6759912,0.38154125,0.73048306,0.7220165,0.756878,0.32422614,0.78948593,0.6621096,0.7896769,0.47763917,Stable
0.37788674,0.5599303,0.4931394,0.746371,0.49546298,0.4743138,0.7190429,0.8264103,0.67054236,0.38412878,0.70674413,0.74460626,0.7668495,0.33388066,0.7875137,0.6645217,0.78734004,0.48080766,Stable
0.3776449,0.5596528,0.49319178,0.7464029,0.4956103,0.4742399,0.71958065,0.82625264,0.67064375,0.38399625,0.7066324,0.74482507,0.76685953,0.33390948,0.7876855,0.664449,0.78748554,0.48075888,Stable
0.37787184,0.5583697,0.4909273,0.7446139,0.49640387,0.47349626,0.7166142,0.82886755,0.6722052,0.38346,0.73665106,0.73757446,0.76786935,0.33004546,0.78540826,0.66363,0.78596514,0.4828647,Stable
0.3824838,0.5567613,0.4962945,0.74602926,0.4951355,0.4750625,0.7182007,0.83043396,0.6719248,0.3827365,0.7500486,0.735062,0.7562444,0.32431927,0.7818897,0.6649187,0.7825083,0.48381445,Stable
0.38057432,0.5593132,0.4896503,0.7415947,0.4927431,0.46655476,0.7086088,0.8268,0.6746235,0.3803867,0.7014903,0.7669141,0.7590734,0.3248627,0.78271866,0.67453855,0.78206563,0.48290735,Stable
0.37702066,0.5606746,0.4935313,0.739874,0.493162,0.46414506,0.7143258,0.8248069,0.6726979,0.3806274,0.72965497,0.7798461,0.74024504,0.33577394,0.7776055,0.65967447,0.7760703,0.47891605,Stable
0.3768667,0.560755,0.4936342,0.7399477,0.49314973,0.4642194,0.71497023,0.8246747,0.67272276,0.3806518,0.731589,0.76112545,0.74045104,0.3357123,0.777812,0.65982527,0.77621454,0.47908288,Stable
0.3781254,0.5588817,0.49080786,0.73299706,0.49094838,0.4629725,0.7202732,0.8218121,0.6687595,0.3757665,0.7092039,0.7328903,0.7323048,0.33615717,0.7734692,0.6449225,0.7708446,0.4784416,Stable
0.38097823,0.5592208,0.4935672,0.7358121,0.4957279,0.46518314,0.71141267,0.8258297,0.67611164,0.3749505,0.7507136,0.726984,0.75782716,0.32733706,0.7811887,0.66308105,0.7794843,0.48253447,Stable
0.38632536,0.55632114,0.49498114,0.73861206,0.4966333,0.4693719,0.7193371,0.8291894,0.67537844,0.37940085,0.7534577,0.73783225,0.762691,0.32515785,0.77906364,0.6742236,0.78129506,0.48622227,Stable
0.38309607,0.5592598,0.49615452,0.7402937,0.49440178,0.46414572,0.72172475,0.82794946,0.6757207,0.37196696,0.74278784,0.7115519,0.7536646,0.32538956,0.7812306,0.6625691,0.7785162,0.47798106,Stable
0.38287628,0.5593674,0.49603444,0.7403858,0.49430382,0.46412945,0.7220433,0.82776785,0.67562973,0.3720172,0.7417905,0.71184266,0.7536025,0.32542217,0.7812032,0.66254437,0.77841294,0.47785935,Stable
0.38911778,0.5600159,0.4958427,0.73893213,0.49619028,0.4681469,0.7238171,0.8307351,0.6784953,0.3689751,0.7457985,0.7004262,0.7589051,0.3285903,0.77900904,0.6626171,0.78119755,0.48023605,Stable
0.38248712,0.55715454,0.49083608,0.73249286,0.4967202,0.46066475,0.7230463,0.8253684,0.67324185,0.3682836,0.74759674,0.7056428,0.7483512,0.3354789,0.7741833,0.65792304,0.7718689,0.47735676,Stable
0.37842524,0.559537,0.48821768,0.7297308,0.4987144,0.45980307,0.7171191,0.8196528,0.6749147,0.3673777,0.74968857,0.72917426,0.75450844,0.3272639,0.7805114,0.66480386,0.777017,0.47914073,Stable
0.3757335,0.5528096,0.49304962,0.7282169,0.4896271,0.45976418,0.69250596,0.81528246,0.6629418,0.37454554,0.7615935,0.77968735,0.74049044,0.32555762,0.77317023,0.6666175,0.77086973,0.48011637,Stable
0.37729943,0.5533254,0.4930905,0.7281815,0.4896384,0.45972228,0.692623,0.8153021,0.6630158,0.37444255,0.7615413,0.7799198,0.74019027,0.32542455,0.7731349,0.66646713,0.7708465,0.48007113,Stable
0.37715638,0.5478902,0.49849245,0.73364705,0.4949543,0.46295425,0.71796966,0.8196799,0.6743795,0.36918658,0.74610865,0.77714837,0.7512921,0.33164203,0.7836386,0.6655193,0.78082657,0.4801718,Stable
0.37952626,0.5466169,0.50030863,0.7375903,0.49965498,0.45554233,0.72903097,0.8204391,0.6815345,0.35849673,0.7623698,0.7435769,0.75225484,0.31416363,0.77312297,0.6664779,0.77366924,0.47768113,Stable
0.38682365,0.5408467,0.499835,0.7377636,0.4945601,0.45720005,0.7452385,0.82000315,0.67955756,0.36032605,0.75535744,0.73892224,0.74841344,0.32537103,0.769122,0.6612965,0.7687871,0.47545445,Stable
0.39299405,0.5350586,0.50634533,0.7368734,0.49299142,0.45896518,0.7432973,0.82064486,0.67571807,0.36249077,0.7595965,0.736789,0.74629945,0.32291666,0.7720324,0.6606425,0.76996106,0.47624883,Stable
0.3937586,0.5350672,0.5064612,0.7367933,0.49303198,0.4591298,0.7433192,0.82057095,0.6755843,0.36253142,0.75955963,0.7367453,0.7463142,0.32318538,0.7719931,0.66085756,0.7699141,0.47656617,Stable
0.39503333,0.53188586,0.50519496,0.73518485,0.49206004,0.4594487,0.7323345,0.82098734,0.67335534,0.3635103,0.75699127,0.7343394,0.74348164,0.32152078,0.7747333,0.66647923,0.7715928,0.47976917,Stable
0.38166127,0.53051245,0.50194603,0.7294649,0.49517906,0.45004845,0.73154753,0.8179826,0.6832451,0.3550889,0.7534678,0.75480306,0.74934256,0.3083036,0.7780115,0.6668618,0.775246,0.47233903,Stable
0.37671196,0.51656866,0.5007024,0.7303914,0.48715627,0.45671543,0.72945356,0.8195631,0.6671874,0.3581016,0.7598456,0.74406326,0.7505572,0.31181395,0.77200145,0.6612962,0.7687125,0.47090638,Stable
0.3792326,0.5213612,0.5006943,0.72411704,0.49611372,0.44733095,0.73641795,0.81039894,0.6820098,0.34456658,0.7099438,0.7217996,0.7589884,0.29600734,0.77276677,0.65927607,0.7696993,0.46167082,Stable
0.37912604,0.5212592,0.500829,0.7241702,0.49617076,0.4473142,0.73685503,0.8105713,0.6820311,0.3445109,0.70898247,0.72162485,0.7587504,0.28916138,0.77285707,0.65920955,0.7697232,0.46149474,Stable
0.37108386,0.52018297,0.5032461,0.7180202,0.49483877,0.4463371,0.72129154,0.79925966,0.66909665,0.35282642,0.75965035,0.76523083,0.75666964,0.30152166,0.77190673,0.6598921,0.77036804,0.47180218,Stable
0.37086308,0.5287533,0.4980988,0.715692,0.49612007,0.44258636,0.7378361,0.7964336,0.677966,0.34119594,0.72088814,0.7381477,0.74728596,0.29261178,0.7712158,0.65846634,0.7713758,0.46529758,Stable
0.3814407,0.5135026,0.5039036,0.717941,0.4957338,0.4458438,0.7254392,0.7997842,0.6737387,0.3409596,0.75846946,0.73160475,0.73884577,0.30163234,0.7723183,0.6438215,0.771161,0.46082675,Stable
0.3800882,0.507777,0.5011327,0.7122171,0.49514338,0.43994343,0.72355723,0.79901904,0.68054307,0.33678088,0.75833845,0.7429239,0.7489175,0.2931559,0.77074134,0.6459718,0.77228236,0.46281922,Stable
0.38005883,0.5080329,0.50121313,0.712306,0.49535117,0.44003305,0.7237476,0.7990277,0.68011016,0.33706635,0.7583262,0.7426769,0.7481077,0.29310262,0.77120847,0.6460056,0.7725767,0.46301717,Stable
0.38714117,0.5009285,0.49860582,0.70720696,0.49119997,0.4414119,0.7063922,0.78625536,0.66907287,0.34143817,0.7550988,0.749957,0.7561935,0.29502732,0.7666371,0.6550895,0.7701887,0.46989316,Stable
0.37845,0.5071175,0.49376595,0.7045475,0.48963436,0.43628794,0.71484566,0.7970213,0.6786897,0.33544597,0.7571003,0.7466325,0.7450537,0.2910244,0.7697236,0.64538455,0.77071095,0.4605242,Stable
0.37708366,0.5114039,0.5025518,0.71058345,0.4891145,0.43523675,0.7207853,0.7853767,0.6773309,0.33609757,0.7331862,0.73015845,0.75106347,0.2914649,0.7721121,0.6449997,0.77237344,0.4611236,Stable
0.37664235,0.51258755,0.5023129,0.70647144,0.49418458,0.4359619,0.7209382,0.7858677,0.68309486,0.33036935,0.7323266,0.7316374,0.7524941,0.2923473,0.7750119,0.6406627,0.7737093,0.45804998,Stable
0.3762588,0.512895,0.50207305,0.70625156,0.4941624,0.43577176,0.72029436,0.78596085,0.6831244,0.33035022,0.7323437,0.73172784,0.7530884,0.29195735,0.77465045,0.6408993,0.7735611,0.45819566,Stable
0.3760409,0.51331615,0.50285685,0.7075932,0.4942119,0.42886418,0.7218373,0.7829125,0.6840372,0.32970518,0.75846314,0.72607386,0.7348219,0.29283458,0.7715652,0.6432241,0.77131927,0.45572373,Stable
0.37902313,0.5150317,0.5023488,0.70752925,0.49562916,0.43003723,0.71970856,0.7840597,0.684052,0.32509488,0.7565384,0.7199635,0.75379944,0.29183108,0.7749976,0.6428041,0.7760152,0.4549498,Stable
0.37689084,0.5194805,0.5087837,0.707231,0.49383613,0.4306303,0.7433747,0.79532975,0.6855144,0.3169952,0.76028126,0.72153056,0.75085974,0.27533686,0.77422845,0.6397381,0.77415437,0.4445543,Stable
0.3725718,0.51328063,0.49822566,0.7058477,0.49192652,0.42622715,0.7276825,0.7810886,0.6736319,0.32468086,0.7585098,0.70958424,0.74774206,0.27690053,0.7753681,0.6411544,0.7754464,0.44636318,Stable
0.37261218,0.51341057,0.49803442,0.70579237,0.4919231,0.42635632,0.7275223,0.78104305,0.67336696,0.32488868,0.75853056,0.70967406,0.7476742,0.2769881,0.77525705,0.64137036,0.775326,0.44661826,Stable
0.37534994,0.5134091,0.5040412,0.7036079,0.48982382,0.42443419,0.7364687,0.78043425,0.68039215,0.31647485,0.75828636,0.70853996,0.75506413,0.26975963,0.7760761,0.6221985,0.774048,0.44019264,Stable
0.37506837,0.51238704,0.50101703,0.7001481,0.48848695,0.42469656,0.73306715,0.77587926,0.6786184,0.31555358,0.75166154,0.7366338,0.75026214,0.27418852,0.77494776,0.6223425,0.77406967,0.4378752,Stable
0.37290227,0.50948966,0.49959278,0.70058584,0.49360773,0.4201505,0.743917,0.78154767,0.6769056,0.32021534,0.7591659,0.7078868,0.73877954,0.2725473,0.77961564,0.61995375,0.77577424,0.43613255,Stable
0.3729812,0.50936186,0.49960956,0.70064926,0.49348757,0.42020398,0.7439412,0.7815772,0.6769833,0.32019275,0.75918406,0.7075101,0.7454226,0.2731567,0.7798366,0.62005615,0.7759073,0.4361431,Stable
0.36681688,0.51017106,0.495851,0.7024626,0.49420977,0.4182063,0.73949397,0.7775723,0.677336,0.31754324,0.75753915,0.69269216,0.7428601,0.2762341,0.7794523,0.6221534,0.775181,0.43641075,Stable
0.3645652,0.51232314,0.5011537,0.70191306,0.49115127,0.41621822,0.72771996,0.77548575,0.67616737,0.32017165,0.7557689,0.69655627,0.74579877,0.2741085,0.777815,0.62230474,0.7740297,0.4355294,Stable
0.36898214,0.51390785,0.49938416,0.7014723,0.4940374,0.4202792,0.735316,0.76472247,0.6812226,0.31594765,0.7574824,0.717312,0.75527805,0.26753628,0.77580583,0.6240006,0.7731351,0.4334556,Stable
0.36989915,0.51481545,0.5001845,0.6984092,0.49173293,0.41616237,0.7332365,0.7652449,0.6823711,0.31627333,0.7568704,0.7165026,0.75164455,0.26972434,0.77635497,0.6275343,0.77428055,0.4375391,Stable
0.36972022,0.5150844,0.49996608,0.6982798,0.49162,0.41624826,0.7328362,0.765296,0.68223447,0.31641513,0.75687087,0.71668196,0.75164926,0.26972634,0.7763202,0.627651,0.7742571,0.43770072,Stable
0.37065476,0.5138014,0.4998202,0.70138663,0.49337515,0.4200235,0.7400853,0.7578446,0.6842529,0.3114505,0.75385356,0.7146415,0.7536899,0.2693382,0.7741054,0.622394,0.7710805,0.43146193,Stable
0.37376153,0.5150756,0.50050104,0.6969957,0.4890197,0.41650876,0.7376911,0.7572593,0.6789334,0.31367236,0.75590074,0.71037614,0.7458603,0.27073216,0.7753377,0.61587834,0.7717878,0.4217013,Stable
0.37192544,0.51558065,0.5023649,0.69711816,0.4885598,0.41479796,0.74165976,0.7610103,0.67894953,0.31426343,0.75339663,0.7094216,0.7388984,0.27315772,0.7767352,0.608801,0.77029335,0.4213818,Stable
0.36934608,0.5178892,0.50303996,0.6946639,0.49041784,0.4149012,0.72858524,0.7582652,0.68160814,0.31306732,0.7565615,0.7131275,0.74255407,0.2724591,0.7780905,0.60904133,0.772972,0.42419285,Stable
0.36930236,0.517647,0.50318825,0.6945309,0.49050483,0.4148562,0.7291949,0.7582514,0.68177795,0.31291047,0.75668335,0.71235347,0.7430953,0.2720948,0.7783339,0.60889816,0.7730538,0.4239907,Stable
0.3648557,0.5196849,0.5038419,0.6990461,0.49125904,0.4156834,0.7344999,0.75860786,0.6796996,0.31225163,0.755497,0.7150361,0.7426758,0.27800244,0.77703995,0.6103408,0.77337766,0.4229005,Stable
0.37184006,0.51555586,0.4982005,0.6969414,0.4903959,0.41710573,0.7283782,0.7609338,0.6772411,0.31467023,0.74675333,0.71493936,0.75175285,0.27164716,0.7738116,0.62490344,0.77397746,0.4354167,Stable
0.36760402,0.5167959,0.50192523,0.69744754,0.49574625,0.41901323,0.73334616,0.76363146,0.68250436,0.3049854,0.7472538,0.70344746,0.75089264,0.2658623,0.7810153,0.62421405,0.7773379,0.43069994,Stable
0.37350783,0.5144738,0.5057503,0.69765806,0.4946786,0.41131753,0.7487254,0.77355397,0.69478005,0.30130467,0.75179666,0.70092595,0.7527527,0.25557393,0.7836868,0.6186557,0.77751446,0.41940814,Stable
0.3735296,0.514534,0.505571,0.69752395,0.49459898,0.41127467,0.7486186,0.7735814,0.694741,0.30127096,0.75172853,0.70095384,0.75089586,0.26470682,0.78362864,0.6187795,0.7774717,0.41951174,Stable
0.37367946,0.5165893,0.5020666,0.6893897,0.4942338,0.4180654,0.7282138,0.76417184,0.6831908,0.30869752,0.75737536,0.7016114,0.7473073,0.27547342,0.7781532,0.6196048,0.7750129,0.43339205,Stable
0.37182862,0.519292,0.50494146,0.6899694,0.4939171,0.41752765,0.7349845,0.76532674,0.6816892,0.31247893,0.7585987,0.6998927,0.7460351,0.27655795,0.78202933,0.61801547,0.77761954,0.42356467,Stable
0.37553316,0.5160593,0.5051342,0.6953267,0.4921614,0.4171883,0.7466144,0.7791451,0.687642,0.3063207,0.7572353,0.7074888,0.7469758,0.2752964,0.7791104,0.61876285,0.77592057,0.4252152,Stable
0.3780586,0.517113,0.50940543,0.6999799,0.49201703,0.41871938,0.7346729,0.7663077,0.6822289,0.31628928,0.75766027,0.7115532,0.7366707,0.28261995,0.7769158,0.6222361,0.77297854,0.4375509,Stable
0.37798643,0.517263,0.50944173,0.6997595,0.4921945,0.41856372,0.7344984,0.76667666,0.6825068,0.31602708,0.75748366,0.7116952,0.7367703,0.2826795,0.77690756,0.62244225,0.77307034,0.43760535,Stable
0.37302035,0.5183795,0.5101911,0.7025993,0.49420983,0.41589385,0.7479743,0.78312033,0.6894743,0.31071183,0.7599358,0.6904642,0.7531899,0.27701133,0.78705704,0.6251815,0.7834443,0.4269995,Stable
0.37336943,0.5236835,0.5120032,0.70364165,0.4949956,0.42176744,0.7436937,0.78004014,0.6766162,0.32146272,0.7581987,0.70370257,0.73810077,0.28877652,0.78004307,0.6269486,0.7762181,0.44019157,Stable
0.37113148,0.52503675,0.50967085,0.7079207,0.49129486,0.42305285,0.73331046,0.7837063,0.67502165,0.3225143,0.74796164,0.7081249,0.73416984,0.2788445,0.78059906,0.63254297,0.77555346,0.44102162,Stable
0.36889368,0.5247842,0.511727,0.71093434,0.49204776,0.42419037,0.74408996,0.7860555,0.67401814,0.32247788,0.75844735,0.70820683,0.7325482,0.2752831,0.7842052,0.6289588,0.7799029,0.43811008,Stable
0.36923838,0.52467084,0.5118198,0.711061,0.49211833,0.42421526,0.7440154,0.7859435,0.67407984,0.3225537,0.7581491,0.70832825,0.73295593,0.27519846,0.7841956,0.6292006,0.7799675,0.43821406,Stable
0.36990124,0.52400744,0.5154777,0.70936316,0.49210048,0.42514867,0.74457735,0.78227305,0.6745912,0.3191502,0.7606942,0.7053413,0.7370684,0.26920575,0.7831038,0.62973464,0.7778815,0.4365798,Stable
0.3701803,0.5226538,0.51320875,0.7073345,0.49172887,0.42690057,0.74561465,0.779397,0.67599916,0.31852847,0.76048154,0.7035656,0.75235885,0.25308943,0.7842727,0.6275745,0.7778517,0.43659848,Stable
0.3676077,0.52155656,0.50389487,0.7044016,0.49205518,0.42261904,0.74352425,0.7759828,0.6800358,0.3165899,0.7557715,0.71396613,0.74559,0.26918566,0.77884686,0.62609273,0.7734729,0.43267757,Stable
0.36472452,0.51890326,0.5086744,0.7052838,0.49575377,0.41936123,0.747328,0.77829784,0.6823791,0.3106678,0.75565636,0.69032836,0.75715256,0.2463974,0.7854581,0.6256829,0.77784175,0.42212325,Stable
0.3647586,0.51888543,0.5087677,0.7053346,0.4958211,0.41935647,0.74732256,0.7783951,0.68229806,0.31066698,0.7556381,0.690207,0.75702155,0.24646764,0.7853284,0.6256579,0.7777579,0.4220816,Stable
0.3611257,0.51988095,0.50272286,0.700819,0.4974923,0.41763648,0.72931707,0.7632098,0.6788694,0.31181106,0.75461197,0.70515394,0.7618515,0.2245551,0.7728924,0.61972773,0.7681563,0.4202888,Stable
0.36087948,0.5135014,0.4965567,0.6953924,0.49584743,0.41537404,0.74265945,0.7745472,0.6802818,0.3073936,0.7561579,0.69033855,0.753288,0.2469163,0.78160274,0.6147295,0.7734592,0.41766235,Stable
0.36043882,0.5161882,0.49409878,0.69476336,0.49532932,0.41314444,0.7313668,0.7756897,0.6784364,0.3131196,0.756679,0.6962103,0.74751633,0.24835727,0.77678674,0.6159485,0.77193177,0.42070243,Stable
0.3595432,0.5169583,0.49283886,0.6932523,0.4947014,0.41068274,0.7305709,0.7768754,0.6818005,0.30432475,0.7581428,0.70215464,0.75664014,0.24636102,0.77689403,0.6179358,0.7744786,0.41943595,Stable
0.35946667,0.517207,0.492894,0.6931891,0.49459887,0.41087517,0.73033327,0.77696365,0.6817132,0.30453062,0.75810856,0.70242,0.75668025,0.24640685,0.7767119,0.61792433,0.7744641,0.41948754,Stable
0.3619787,0.51208675,0.4936256,0.69314927,0.49642906,0.40496442,0.7337295,0.7630017,0.6819562,0.30333716,0.7625911,0.68372005,0.7545129,0.23844008,0.78562015,0.6169938,0.7778678,0.41493914,Stable
0.36770046,0.5072874,0.49662966,0.6913523,0.49970707,0.40362716,0.7400579,0.7644862,0.681733,0.30100015,0.759004,0.6877961,0.74680257,0.23975216,0.7823503,0.6188544,0.7781559,0.4142296,Stable
0.3683045,0.5005286,0.49236602,0.68814266,0.49712926,0.40556106,0.7323095,0.7630681,0.67935944,0.3006015,0.7571029,0.6927507,0.7497139,0.23541498,0.7828913,0.6155792,0.7785094,0.4120303,Stable
0.37061554,0.49392053,0.4933867,0.6869664,0.49930334,0.40221354,0.73160017,0.76213115,0.6848495,0.2964302,0.7585668,0.6731241,0.75424325,0.23160343,0.7861194,0.60661805,0.784523,0.40571424,Stable
0.37079334,0.49402583,0.4933065,0.686962,0.49926198,0.4021319,0.73131907,0.7621565,0.68493664,0.29643506,0.7586088,0.672824,0.75458854,0.23143986,0.7862716,0.60681283,0.7847016,0.4058655,Stable
0.36610198,0.49308988,0.48829696,0.6832785,0.49562132,0.3997255,0.72246397,0.7604202,0.6809568,0.29723138,0.7579424,0.68318367,0.7561604,0.22238329,0.7808983,0.60343957,0.77500176,0.40458423,Stable
0.36724505,0.4899556,0.49376234,0.6750095,0.49578306,0.39754957,0.71846795,0.75445366,0.680161,0.29393026,0.753315,0.68527937,0.7529553,0.22084324,0.7840543,0.59805524,0.777843,0.39267355,Stable
0.36814666,0.48011374,0.49168882,0.6728473,0.49334842,0.39703056,0.7240473,0.7539586,0.6796098,0.2923868,0.75405824,0.6769279,0.75481975,0.21768169,0.7808043,0.6078415,0.7779538,0.4002006,Stable
0.36657643,0.47723413,0.48558348,0.66300684,0.497585,0.39116868,0.7174878,0.7518449,0.681859,0.28954962,0.7495841,0.6860156,0.7597462,0.21175349,0.7815124,0.5922891,0.77519786,0.38730296,Stable
0.36669338,0.47709906,0.48543918,0.6627899,0.49769628,0.39115548,0.7177219,0.7517011,0.6818854,0.2895019,0.74956936,0.6857455,0.75967973,0.2117526,0.781427,0.5920987,0.775145,0.3868997,Stable
0.3662846,0.47679275,0.4830405,0.6586993,0.49660978,0.38836533,0.71479404,0.7524028,0.68442523,0.28407127,0.7527491,0.6834321,0.758315,0.21714674,0.776072,0.60108733,0.7715415,0.39921147,Stable
0.36745965,0.48099968,0.4854713,0.65614593,0.5005754,0.38976365,0.709577,0.7437903,0.6858932,0.27990836,0.7530891,0.6822585,0.76239574,0.20690143,0.7803565,0.5883378,0.7741057,0.39067042,Stable
0.37146914,0.47971177,0.48732412,0.6548454,0.5001936,0.3891778,0.714833,0.7432043,0.68022984,0.2794199,0.756438,0.6679635,0.7604073,0.20887873,0.7810793,0.59089077,0.77684,0.39117122,Stable
0.36967182,0.47476336,0.4910586,0.6547049,0.5010379,0.38418004,0.7426933,0.75167274,0.68609303,0.276213,0.7544935,0.6789708,0.75677246,0.20650712,0.7827501,0.59035,0.77888536,0.39070088,Stable
0.36962816,0.4748057,0.491232,0.6547914,0.5010159,0.3842026,0.74291563,0.75183856,0.6860027,0.27623641,0.7544496,0.6787033,0.756768,0.20659316,0.7826416,0.59034413,0.7789179,0.39077947,Stable
0.36310908,0.4794883,0.49296972,0.6516273,0.5028618,0.37682292,0.7272982,0.7377219,0.69755316,0.26420945,0.7566531,0.67423916,0.7589776,0.2032545,0.7839977,0.5927661,0.7813067,0.38791698,Stable
0.36395866,0.47712576,0.48908442,0.64585507,0.50388813,0.37907743,0.72282094,0.73578185,0.69393176,0.2689187,0.7559906,0.66472924,0.75606364,0.20514366,0.7786658,0.5897258,0.77661216,0.38747263,Stable
0.36834118,0.47373903,0.4910409,0.64679116,0.50178885,0.37675688,0.7127907,0.73685807,0.7010378,0.26076972,0.7546154,0.66783667,0.7590908,0.20204714,0.7847948,0.5896995,0.78196543,0.38825846,Stable
0.3628492,0.4750229,0.48572367,0.64277446,0.5057496,0.36953068,0.72290206,0.7327347,0.70260847,0.25322327,0.75616544,0.667098,0.75614715,0.19839695,0.78176564,0.5801416,0.7787012,0.38617963,Stable
0.36262676,0.47517323,0.48619208,0.6429653,0.5058876,0.3694421,0.72327346,0.73281765,0.70293665,0.25305253,0.7561979,0.667243,0.75613946,0.19862264,0.7819433,0.5801325,0.7787976,0.38607475,Stable
0.37034762,0.46967703,0.49087542,0.64052993,0.50100034,0.37224197,0.71553373,0.7261884,0.6957788,0.25668353,0.75884426,0.6827414,0.75322294,0.20338118,0.78237545,0.5774723,0.7777023,0.383914,Stable
0.36799562,0.46838364,0.49025667,0.63832873,0.5018946,0.36729878,0.7105092,0.7181618,0.6999161,0.2521463,0.75144947,0.67397374,0.7587275,0.20266347,0.7815401,0.5748897,0.7782659,0.3720786,Stable
0.36613977,0.46574876,0.49568957,0.63931316,0.5039172,0.3649988,0.7351192,0.7292368,0.69558644,0.254058,0.74870145,0.6717722,0.75406814,0.19738555,0.78252023,0.5786248,0.7807583,0.37165412,Stable
0.36943004,0.4668129,0.49699414,0.6359521,0.5019125,0.36727628,0.7083503,0.7155213,0.69585025,0.252734,0.7510838,0.6884384,0.75702155,0.20298898,0.77662414,0.5795059,0.7735858,0.38018477,Stable
0.3690322,0.46693462,0.49723864,0.63588506,0.5019496,0.36700615,0.70891786,0.71564263,0.6963643,0.2525914,0.7510905,0.6883268,0.75714934,0.20308623,0.7766386,0.5792957,0.773649,0.38021928,Stable
0.37012777,0.46562514,0.4941699,0.63506496,0.50065625,0.36260518,0.7153897,0.71389556,0.6988134,0.25332883,0.7450212,0.6852085,0.7586466,0.20679086,0.7785001,0.57860005,0.77520823,0.37292776,Stable
0.36784267,0.46784925,0.49500495,0.633015,0.5025492,0.36585045,0.7067859,0.7167265,0.6980586,0.25596714,0.74703735,0.68703043,0.75011224,0.20613194,0.7796184,0.5777457,0.77736855,0.37335205,Stable
0.36848637,0.4667488,0.49441886,0.6372526,0.5005393,0.36154613,0.7147011,0.7228624,0.69813704,0.2574239,0.74789846,0.68680114,0.7562375,0.207535,0.77897704,0.57784534,0.77635527,0.37246996,Stable
0.37039924,0.46546292,0.49727985,0.6385626,0.5015211,0.36273667,0.72770894,0.7296166,0.7006705,0.25631827,0.7477383,0.6864976,0.7554869,0.21142665,0.7782113,0.5797499,0.77650785,0.37319738,Stable
0.37065813,0.4655354,0.49726683,0.63868284,0.50170326,0.36279386,0.7280543,0.7299752,0.70064795,0.25628754,0.7478832,0.68636537,0.7556658,0.21129124,0.77838147,0.579767,0.77669543,0.3732909,Stable
0.3646881,0.4653675,0.49395108,0.6335581,0.5017308,0.3640008,0.70815605,0.71125114,0.6980123,0.2576804,0.7536914,0.688833,0.7552263,0.21068713,0.7804503,0.57957655,0.77762526,0.38107526,Stable
0.36810702,0.4690649,0.4962984,0.634596,0.50087535,0.3769145,0.701822,0.7098347,0.6818902,0.27039546,0.76378316,0.6923222,0.7490675,0.20789129,0.7770233,0.57382804,0.7740594,0.37352926,Stable
0.36712182,0.47150034,0.49359262,0.6346146,0.5009767,0.3766013,0.6972074,0.7125622,0.68288016,0.26931188,0.7533641,0.6960844,0.7548182,0.21511519,0.77747047,0.5755682,0.7729845,0.3823765,Stable
0.36051875,0.4743567,0.49426657,0.637364,0.4976314,0.3748225,0.6957958,0.7177075,0.6829366,0.27060434,0.75947994,0.6980528,0.75585914,0.21482079,0.7798173,0.57744604,0.7782334,0.38404283,Stable
0.36061582,0.47412354,0.49429104,0.637362,0.49764913,0.37487286,0.69600457,0.7179278,0.682974,0.27059257,0.759601,0.6980366,0.75586385,0.21482329,0.7798442,0.57735336,0.7782473,0.38402843,Stable
0.3646745,0.4764853,0.49400592,0.63938886,0.49422997,0.37516826,0.6974424,0.71854603,0.6789624,0.27615634,0.75594395,0.68788147,0.7557521,0.21301459,0.77841437,0.573733,0.77502936,0.3834604,Stable
0.36666676,0.47330707,0.4957577,0.6430766,0.496184,0.3786661,0.7162633,0.7276008,0.6760995,0.2816134,0.7602789,0.67757505,0.7528633,0.22223775,0.7798521,0.5728942,0.7752025,0.38362557,Stable
0.3745379,0.47159678,0.49758583,0.64877856,0.49401653,0.38200378,0.72625846,0.73305786,0.6761579,0.28264973,0.7577754,0.6673297,0.75106806,0.23023307,0.7811138,0.57613647,0.7755184,0.3851164,Stable
0.3691492,0.4775481,0.4978691,0.64964616,0.49960113,0.38434777,0.7209828,0.7335683,0.68436545,0.28098342,0.7552937,0.6766164,0.7477826,0.22579649,0.7825996,0.58548105,0.777074,0.38737905,Stable
0.36806023,0.47801134,0.4975748,0.6494757,0.49952608,0.38441938,0.7208904,0.733391,0.68434805,0.2809938,0.7558838,0.6761278,0.7477522,0.22576986,0.7826471,0.5854773,0.776993,0.38755965,Stable
0.3691445,0.47740242,0.4993314,0.6551036,0.5013461,0.385635,0.7225573,0.7363376,0.6946008,0.27456033,0.7531967,0.67525476,0.7533881,0.23371086,0.7841655,0.5896949,0.7791264,0.38849562,Stable
0.3670666,0.4752003,0.4980858,0.65159976,0.49845168,0.38607404,0.7198641,0.734631,0.6828143,0.28886026,0.7568256,0.68891215,0.7583527,0.22094584,0.7826573,0.58946717,0.78101295,0.38606334,Stable
0.36576247,0.47321743,0.49767303,0.65627986,0.49852276,0.38922668,0.73810637,0.75278103,0.6856947,0.28785056,0.7564034,0.6788986,0.7536594,0.23254994,0.78295505,0.5921129,0.77879256,0.3885978,Stable
0.3632627,0.47772476,0.49482125,0.6614276,0.4988811,0.39284772,0.72246456,0.75077814,0.68089676,0.2962181,0.75586116,0.68487144,0.75652283,0.2289208,0.77965117,0.6073112,0.7796643,0.3930274,Stable
0.3633128,0.47783852,0.49484724,0.66134965,0.49881908,0.39284763,0.7224812,0.75082177,0.6809093,0.2961453,0.75581473,0.68465674,0.7569193,0.22866365,0.7797321,0.60722446,0.7796891,0.39283127,Stable
0.3665982,0.48139226,0.49785465,0.6612252,0.49825203,0.39658985,0.7255308,0.7517428,0.68310297,0.2926888,0.7561227,0.6814946,0.74983203,0.2400079,0.7815169,0.6062492,0.77802014,0.4045275,Stable
0.36980844,0.480119,0.49874502,0.6661952,0.49861163,0.397215,0.7330362,0.75274193,0.6833901,0.29511464,0.7564554,0.68052244,0.75651854,0.23838359,0.7818412,0.6098421,0.77870035,0.40655988,Stable
0.36871153,0.48593783,0.4992193,0.6705713,0.48842728,0.39834332,0.7181941,0.75214165,0.6862595,0.29386643,0.7550982,0.6957575,0.7590131,0.24099986,0.77868956,0.6122623,0.7786521,0.40989336,Stable
0.36499473,0.48986495,0.5007045,0.67135155,0.48968562,0.39933118,0.72329867,0.7538761,0.684194,0.29400438,0.7542746,0.6762816,0.74817675,0.2505697,0.7827973,0.60496664,0.7796947,0.40928137,Stable
0.36502764,0.4898786,0.50070286,0.6710321,0.48978353,0.3992451,0.7233635,0.75368786,0.6844799,0.29383266,0.75430346,0.67584395,0.74838424,0.25048554,0.78285426,0.6045764,0.7797917,0.4088516,Stable
0.36867902,0.49490994,0.5010916,0.67548674,0.4911232,0.40020186,0.72389907,0.7554638,0.68491685,0.2942016,0.75308007,0.67701554,0.7451116,0.24719039,0.78064394,0.6072957,0.7754547,0.4091174,Stable
0.36667868,0.4993239,0.50424814,0.67925835,0.49044606,0.4008001,0.7288126,0.7575843,0.68441385,0.2960296,0.7537211,0.6872164,0.7502396,0.25052935,0.78272974,0.6060542,0.77826035,0.41018495,Stable
0.36267704,0.5000212,0.50437033,0.6757834,0.4941674,0.39977288,0.7200562,0.7563143,0.682004,0.2999785,0.75426733,0.68332237,0.75279105,0.24867827,0.78339624,0.6015231,0.778078,0.39630577,Stable
0.36928123,0.498316,0.5016408,0.6779841,0.4942643,0.4002559,0.73085445,0.75864303,0.68559813,0.29841423,0.75467867,0.68579197,0.7510683,0.2504339,0.7825885,0.6065025,0.77675384,0.4095174,Stable
0.3691069,0.49865922,0.5016032,0.67798316,0.49412188,0.4003185,0.7303735,0.7584009,0.68513894,0.29854748,0.7550413,0.68592304,0.7511473,0.25038725,0.7827401,0.6065173,0.77684945,0.4098245,Stable
0.37509423,0.49741888,0.5036789,0.6801877,0.49581182,0.40087646,0.72906363,0.7619797,0.68774766,0.29949868,0.75495213,0.6832589,0.7518942,0.2540024,0.7847819,0.61634696,0.78031963,0.41053173,Stable
0.37194285,0.49995476,0.50714844,0.68758464,0.4947649,0.4028556,0.74400544,0.75840914,0.691813,0.29800916,0.75275916,0.6838058,0.7508855,0.2518564,0.784006,0.61845875,0.7790842,0.411061,Stable
0.36342525,0.5069721,0.50473785,0.68384635,0.4938942,0.39923236,0.72444004,0.76410097,0.6929611,0.3007424,0.756222,0.68194264,0.7521288,0.25192508,0.78373516,0.62170434,0.7796209,0.41564834,Stable
0.36304802,0.50717723,0.50687134,0.68572927,0.49335635,0.39948583,0.73140544,0.76303875,0.68412423,0.30127347,0.75499153,0.6749257,0.7503047,0.26689658,0.78659624,0.6215364,0.78344315,0.41409743,Stable
0.36303532,0.5072168,0.50679886,0.68557346,0.49328053,0.39955017,0.73150414,0.7632577,0.684091,0.3012572,0.75485194,0.6748134,0.75036067,0.26677954,0.7864729,0.6214775,0.78328365,0.41404626,Stable
0.36366865,0.5082749,0.5069858,0.68852675,0.49321544,0.39859208,0.7348424,0.76261544,0.69527364,0.29978994,0.7482273,0.6866507,0.7464073,0.25607026,0.7849895,0.6201149,0.7783741,0.41409123,Stable
0.3654177,0.50956416,0.5056549,0.69090146,0.49328053,0.40491235,0.742896,0.7579534,0.6899542,0.302826,0.75957537,0.6889221,0.755712,0.24969485,0.7858906,0.61905265,0.7790568,0.41398638,Stable
0.36184296,0.5117283,0.50600445,0.6909751,0.49342322,0.40563318,0.7286343,0.76012003,0.6885605,0.30282253,0.7410946,0.7092675,0.7572278,0.25299674,0.7828318,0.6213773,0.78109735,0.4200039,Stable
0.36077031,0.5114769,0.503881,0.6925823,0.49290735,0.40846747,0.7322935,0.7574494,0.6902284,0.30293304,0.7365224,0.7100629,0.75872016,0.25017726,0.7818955,0.622957,0.780955,0.42167675,Stable
0.36074612,0.5114958,0.5037569,0.6923861,0.49308997,0.40848953,0.7323689,0.7574097,0.6905984,0.30273283,0.736138,0.71017635,0.7586596,0.25019652,0.7820709,0.62301725,0.78101575,0.4215684,Stable
0.36127302,0.5102908,0.5042891,0.6930852,0.49663183,0.4094522,0.73741263,0.7570807,0.6916263,0.30348068,0.73348916,0.7111935,0.75491655,0.25020182,0.78442836,0.62511,0.7814647,0.43070897,Stable
0.3652873,0.5098975,0.5064442,0.69384503,0.4963475,0.41049844,0.73493814,0.7607906,0.6843307,0.30878943,0.743093,0.7077512,0.7463772,0.26432356,0.78327346,0.62661296,0.77770627,0.43027255,Stable
0.36463666,0.5094838,0.50762576,0.69237846,0.49370548,0.40391266,0.73609984,0.7606429,0.687067,0.3016885,0.72783506,0.7079088,0.7450652,0.2652569,0.7856302,0.6213127,0.7815105,0.4166373,Stable
0.3607884,0.51080036,0.5083018,0.69515896,0.49344754,0.4023387,0.7394943,0.76174223,0.6904061,0.30156147,0.7443739,0.7037958,0.7495066,0.26588833,0.7841253,0.62113404,0.7795166,0.4174868,Stable
0.36078393,0.51070046,0.5082761,0.6952256,0.49341354,0.402441,0.7400331,0.7614457,0.6904244,0.30147636,0.7437904,0.7042465,0.74937296,0.2659,0.78437686,0.6210921,0.77961075,0.4174196,Stable
0.35712957,0.50865465,0.5045385,0.69324017,0.49420953,0.40860534,0.73211163,0.77344334,0.6852329,0.30181015,0.73247236,0.7246095,0.75008297,0.26442727,0.77705574,0.6193961,0.7743281,0.41954678,Stable
0.35872933,0.5092084,0.5053511,0.6935536,0.49263597,0.40090245,0.7403855,0.7738253,0.6887421,0.3033672,0.7539228,0.7191419,0.75629556,0.23957273,0.78083503,0.62220716,0.77838254,0.416818,Stable
0.35578856,0.5099235,0.50767267,0.6936302,0.4945136,0.3995894,0.7416793,0.75802004,0.6919851,0.3020936,0.753909,0.69673073,0.75691605,0.2382562,0.7802729,0.61799806,0.77661717,0.41443372,Stable
0.3549186,0.51182604,0.5093048,0.6954402,0.49702626,0.40158463,0.74768126,0.77435374,0.6941799,0.3031851,0.7421054,0.71225667,0.7631704,0.23358016,0.7851732,0.62459826,0.78275096,0.41780657,Stable
0.35494977,0.5119934,0.5090031,0.6950769,0.49666995,0.40148067,0.74794245,0.77439785,0.6942085,0.30315137,0.7426411,0.71176714,0.7636014,0.23345236,0.7848338,0.62408,0.7824878,0.4174412,Stable
0.35638374,0.5117837,0.50990844,0.69399226,0.49664342,0.40251267,0.74568117,0.7738904,0.69200253,0.3025728,0.7265133,0.7256559,0.7585002,0.23952547,0.78452796,0.62499094,0.7821383,0.41843054,Stable
0.35992953,0.5098185,0.50747865,0.69240534,0.49670017,0.40328562,0.7414338,0.77726144,0.69035596,0.30366206,0.7288729,0.72280765,0.75281775,0.24076407,0.7827902,0.62463534,0.77989477,0.41643417,Stable
0.36088318,0.5079961,0.5082814,0.6964598,0.49790967,0.4049761,0.7443728,0.77719176,0.6901726,0.304946,0.7237939,0.71491516,0.76258826,0.23661636,0.78387064,0.6253698,0.7819087,0.4195006,Stable
0.3591636,0.50415117,0.5091244,0.69895995,0.49660915,0.4035537,0.7463805,0.77437395,0.68982804,0.30009106,0.7161851,0.72663856,0.7579012,0.23933987,0.7801742,0.62484324,0.78000563,0.41970742,Stable
0.35929644,0.503837,0.50909853,0.6989883,0.4966584,0.40359056,0.74635714,0.7745675,0.6898767,0.30002493,0.7158294,0.72656554,0.75772905,0.23920962,0.779927,0.62474346,0.7797742,0.41974506,Stable
0.36056444,0.49585137,0.51609933,0.6988951,0.49996638,0.399517,0.74632716,0.7734891,0.6818361,0.3044467,0.7222578,0.7130929,0.744146,0.26420283,0.7787458,0.62003595,0.7786707,0.4114669,Stable
0.35885724,0.49448308,0.51493967,0.6969418,0.50200826,0.3985307,0.7480626,0.7745678,0.68017185,0.30127457,0.75446177,0.7198426,0.7538426,0.24704055,0.78197193,0.62454164,0.7825556,0.4081554,Stable
0.3626158,0.49169812,0.5143883,0.69511855,0.49707064,0.39681754,0.744662,0.7721762,0.682868,0.29721165,0.73163,0.72523445,0.7617341,0.23370108,0.7821491,0.6181126,0.7827909,0.40882394,Stable
0.35802525,0.4815963,0.5001545,0.6886112,0.4915521,0.39579353,0.73715305,0.7551359,0.6821897,0.29906917,0.73843235,0.719131,0.7470216,0.24716368,0.7777405,0.62091714,0.7783741,0.40750253,Stable
0.35841644,0.48194528,0.50025594,0.6885451,0.49131638,0.39587808,0.7377443,0.7552389,0.6822655,0.29889485,0.74267817,0.71071434,0.7470872,0.24712609,0.7778698,0.6205438,0.7786028,0.40736184,Stable
0.34876665,0.49120378,0.49914417,0.68094987,0.49878865,0.39763162,0.72311133,0.75432706,0.6764559,0.30019265,0.7239398,0.72225416,0.749047,0.24016444,0.7754791,0.6192552,0.7732134,0.4097794,Stable
0.3505276,0.48250803,0.50434875,0.682554,0.4993112,0.39537495,0.7401339,0.7701005,0.677894,0.29865503,0.7579174,0.70219034,0.7549152,0.24022245,0.7822075,0.6259099,0.7804148,0.4092173,Stable
0.34802052,0.4892597,0.5046738,0.680783,0.5069873,0.39166686,0.73581713,0.76565635,0.6807461,0.2944805,0.7525959,0.70871127,0.744473,0.23472553,0.78321046,0.6224492,0.78054905,0.40902588,Stable
0.352362,0.4834947,0.50848496,0.6789061,0.49999273,0.3896932,0.73905057,0.7591736,0.6824042,0.2969185,0.75821686,0.7036822,0.74906063,0.23539446,0.7842839,0.6181012,0.7817626,0.40783748,Stable
0.35227996,0.4834153,0.5086205,0.67886186,0.4999283,0.3897465,0.7389819,0.75920546,0.6822463,0.29690602,0.75829875,0.70327705,0.74903595,0.2354111,0.784502,0.6180316,0.7818557,0.40773094,Stable
0.36252242,0.48306215,0.5035214,0.6757564,0.49368924,0.38956487,0.736078,0.7529855,0.6772663,0.2966222,0.7461604,0.7066281,0.7456478,0.24504712,0.7821845,0.61677957,0.7804496,0.4097498,Stable
0.36544368,0.48343408,0.5083232,0.67497146,0.4960756,0.38953704,0.7411512,0.75225246,0.6806368,0.29497826,0.7524163,0.69958484,0.75357234,0.23045748,0.7821378,0.615844,0.7822703,0.40685135,Stable
0.36418983,0.4844153,0.50698227,0.67670715,0.4951094,0.38867113,0.73949116,0.7510308,0.6770328,0.29577324,0.74175256,0.70826924,0.75517195,0.23148845,0.78249955,0.6142001,0.7834637,0.4054085,Stable
0.36250228,0.4831949,0.5053637,0.67484856,0.49690208,0.39164087,0.7415066,0.7514043,0.67826647,0.2966569,0.733092,0.7064234,0.7518193,0.23469439,0.7811943,0.61125565,0.7803125,0.40364847,Stable
0.36280808,0.48306805,0.50552773,0.675245,0.49720606,0.391428,0.7430973,0.7513367,0.6789462,0.29623723,0.7330064,0.7063917,0.75256556,0.23066299,0.7818637,0.6112776,0.7809746,0.40327045,Stable
0.3641573,0.4785319,0.5057128,0.67497027,0.4941431,0.39027128,0.743201,0.7515473,0.6743741,0.29797322,0.7601763,0.6820103,0.7382602,0.25395876,0.78117704,0.6116336,0.7785477,0.40336725,Stable
0.3641029,0.47953054,0.5049091,0.67455864,0.49376974,0.3876561,0.74135447,0.7528521,0.6786965,0.29522455,0.7599339,0.6834681,0.7498094,0.23841101,0.7804019,0.61299825,0.7756335,0.40129226,Stable
0.36346087,0.47890228,0.50160396,0.6739595,0.49380535,0.38813877,0.7403147,0.75378627,0.6792798,0.29491383,0.757744,0.68809956,0.74887985,0.23701996,0.779798,0.61274856,0.7770575,0.3916616,Stable
0.36164206,0.47871488,0.49935085,0.67204344,0.49462613,0.3888412,0.73899287,0.7532357,0.67867965,0.29335803,0.7565643,0.6872944,0.7479045,0.2377129,0.78029,0.60917515,0.77745175,0.38986468,Stable
0.36163196,0.47867274,0.49949595,0.67203754,0.49470517,0.38893068,0.7392589,0.75332296,0.678808,0.29333052,0.7568898,0.6867261,0.74812746,0.23774815,0.7806403,0.60910213,0.7776995,0.38968012,Stable
0.36226863,0.47648573,0.5008252,0.67200816,0.49640685,0.38983977,0.74052614,0.75141656,0.6789206,0.29518288,0.7542113,0.69853485,0.75039077,0.23617384,0.7796408,0.6117192,0.7786364,0.4015407,Stable
0.362534,0.47769424,0.49785256,0.6717538,0.4971568,0.38813198,0.7248609,0.7535628,0.6818278,0.2942039,0.7561364,0.6901535,0.75088996,0.23572838,0.781072,0.61388427,0.7786876,0.4003559,Stable
0.35977185,0.47723004,0.50147593,0.6713345,0.4992277,0.38912755,0.7446033,0.75183344,0.6812737,0.29291934,0.75493157,0.68314505,0.74375784,0.24503367,0.7830614,0.6088529,0.77954364,0.39111018,Stable
0.36321458,0.47799516,0.50303936,0.67032516,0.49782595,0.3878034,0.7450864,0.74980617,0.67993253,0.29275024,0.73037237,0.68903613,0.73628235,0.25266817,0.7794461,0.59677947,0.77704287,0.38878387,Stable
0.36317307,0.47801086,0.503158,0.6702859,0.49786556,0.38781297,0.7422609,0.7499361,0.6798619,0.29279596,0.730164,0.6889168,0.73637784,0.25283337,0.7794279,0.59665644,0.77692556,0.38879383,Stable
0.36535275,0.48036277,0.5022681,0.67140687,0.49872828,0.3899071,0.7418734,0.752438,0.67573,0.2951571,0.71062267,0.67550707,0.732862,0.2505874,0.77840656,0.5967149,0.7756103,0.38994718,Stable
0.3643336,0.4823403,0.5028267,0.6721821,0.49992213,0.39000714,0.7278282,0.74338764,0.6768719,0.29378965,0.7309165,0.68863934,0.7341927,0.2497826,0.7791101,0.59914327,0.7780441,0.3925659,Stable
0.35879654,0.48350674,0.50238264,0.676914,0.49656364,0.38576943,0.7308168,0.7528915,0.67729855,0.29296404,0.7069718,0.6920485,0.72815204,0.24753386,0.7814197,0.59866536,0.7765279,0.3924435,Stable
0.3563882,0.4862716,0.5043459,0.675651,0.49888688,0.3868056,0.7405467,0.7431278,0.6784214,0.2904343,0.661129,0.7012679,0.73679197,0.24650803,0.78060997,0.5953156,0.7751884,0.39200515,Stable
0.3565691,0.4862201,0.5044132,0.6756737,0.4990887,0.38689882,0.74041927,0.7437832,0.6787414,0.29030883,0.66152257,0.7014421,0.736976,0.24636051,0.7808478,0.595291,0.77538484,0.39202875,Stable
0.35586533,0.48653015,0.50283605,0.6726935,0.4977519,0.39007604,0.7423906,0.7453732,0.6743642,0.29338837,0.66275704,0.7138163,0.75429213,0.22202268,0.7758126,0.5944476,0.7712275,0.3933342,Stable
0.35622388,0.48569664,0.5022231,0.6717299,0.49745783,0.3902181,0.7278354,0.75014395,0.67714596,0.29076084,0.6587632,0.7124578,0.7270303,0.2476629,0.77944493,0.5939275,0.7755525,0.39267057,Stable
0.35822797,0.4839508,0.50354695,0.67488325,0.49772108,0.3905235,0.7391318,0.7485794,0.67503923,0.2908061,0.6640098,0.71140826,0.7313305,0.25104815,0.7754986,0.5937283,0.77703613,0.39298546,Stable
0.35430658,0.48157454,0.5077933,0.67218226,0.501465,0.39185902,0.7388875,0.75272465,0.67574453,0.29320103,0.70715684,0.69042826,0.7293222,0.249947,0.7783519,0.59964,0.77782696,0.39742935,Stable
0.3547234,0.48164648,0.50721616,0.6721473,0.50103104,0.39198336,0.73821396,0.7527381,0.67538327,0.29359496,0.70781934,0.69028676,0.72929573,0.25002334,0.7781436,0.5998229,0.7770499,0.40609342,Stable
0.3509892,0.48080438,0.5054794,0.6746801,0.49977762,0.3900627,0.73572814,0.7501284,0.67819047,0.28793803,0.694997,0.69541895,0.7317502,0.25046837,0.7784928,0.60830283,0.77710176,0.4053516,Stable
0.3509131,0.48271817,0.50243986,0.67347825,0.49946234,0.3919549,0.736154,0.75054395,0.67750686,0.29156566,0.69427484,0.71207345,0.7288887,0.24880652,0.78106964,0.5984535,0.7783963,0.39648783,Stable
0.35149997,0.4800399,0.5035448,0.6780037,0.4998712,0.39420635,0.73134035,0.7528586,0.67039573,0.29892558,0.75067824,0.70825076,0.7297535,0.25028723,0.7772979,0.6109638,0.7751272,0.40563712,Stable
0.35570943,0.48298478,0.50813,0.6793915,0.49836633,0.38880306,0.74029374,0.754285,0.67509294,0.29718703,0.7316301,0.70554185,0.72705144,0.2512021,0.7762336,0.6105196,0.77657413,0.40491652,Stable
0.35582644,0.48279092,0.50813514,0.6793968,0.49795395,0.38879785,0.7402631,0.75452805,0.67478657,0.29735392,0.73161495,0.7055063,0.7273365,0.25096178,0.7763499,0.6105347,0.7766683,0.40480447,Stable
0.3566962,0.4878229,0.50871706,0.6808042,0.498656,0.38778087,0.73847246,0.75480497,0.6780166,0.29230487,0.72773516,0.71987575,0.7218608,0.25090262,0.773925,0.59756434,0.77531785,0.39690036,Stable
0.35242265,0.49810386,0.5119952,0.682891,0.50293505,0.38733685,0.734482,0.7544601,0.6725273,0.2929835,0.72470915,0.7249724,0.72979057,0.2553594,0.77797353,0.5972847,0.77779955,0.39513475,Stable
0.3512168,0.49568784,0.50913435,0.68361783,0.499628,0.39039156,0.73941624,0.7546529,0.67710227,0.29392207,0.60664713,0.73025054,0.72918266,0.25144833,0.77714384,0.60210425,0.7768395,0.39868438,Stable
0.35279772,0.49048194,0.5068154,0.68379974,0.4979748,0.39428708,0.73832244,0.7545743,0.67463434,0.29654318,0.71381044,0.72255003,0.73551536,0.2522298,0.77889085,0.6147608,0.777498,0.4085216,Stable
0.3530062,0.4911823,0.5071291,0.68363667,0.49809378,0.39439338,0.7388946,0.75456184,0.67454547,0.2965821,0.7136271,0.7224631,0.73546904,0.2523086,0.77904856,0.6143693,0.7777154,0.40840352,Stable
0.35528994,0.49416122,0.5074792,0.6827308,0.49792153,0.39531907,0.73910064,0.75409174,0.6704082,0.29553488,0.6613873,0.72151107,0.7447087,0.23221843,0.782367,0.6015818,0.7780595,0.39578208,Stable
0.35442635,0.4891523,0.5104424,0.684914,0.49920186,0.3935017,0.73932993,0.7645279,0.6713617,0.29633775,0.72678196,0.71706295,0.74137944,0.24441221,0.77850574,0.6149216,0.77748483,0.39862415,Stable
0.35412008,0.4835965,0.5065647,0.6831841,0.4946643,0.39073515,0.74132603,0.7640936,0.6692511,0.29624796,0.7269165,0.7080683,0.7386276,0.24555793,0.7812497,0.6097505,0.77934635,0.39570946,Stable
0.35912022,0.48148882,0.507159,0.679947,0.4943194,0.39175817,0.7415945,0.7658004,0.67466927,0.29397207,0.7301638,0.70640725,0.7350082,0.24554226,0.78123116,0.6059095,0.7809245,0.40444887,Stable
0.35938364,0.4814632,0.50737107,0.6799457,0.49456072,0.39165434,0.7420111,0.7655519,0.6747222,0.29402626,0.73011154,0.7061118,0.7350628,0.24554455,0.7816628,0.6059842,0.781322,0.40452123,Stable
0.35992187,0.48053953,0.50575787,0.6777234,0.49793634,0.39562568,0.74095094,0.7523229,0.6778001,0.2924358,0.7542305,0.68688905,0.73678076,0.24626914,0.78390396,0.60920966,0.78261495,0.40351963,Stable
0.36007795,0.47900498,0.5060746,0.6765822,0.5014308,0.38943374,0.7415816,0.7522201,0.6759238,0.2896136,0.72587675,0.690619,0.72132576,0.24657336,0.78065914,0.61013764,0.7804212,0.40318727,Stable
0.36397183,0.47780806,0.50926185,0.67532814,0.49848482,0.38728327,0.74077314,0.7548448,0.67236316,0.29740888,0.73256415,0.7024827,0.73580587,0.2439348,0.78299725,0.5925065,0.7795261,0.3923324,Stable
0.36165354,0.47572955,0.5063213,0.674914,0.49967664,0.3910906,0.74209213,0.75500655,0.6730943,0.29908943,0.74747294,0.68828416,0.74472284,0.22892186,0.78137344,0.5920044,0.7784811,0.38879952,Stable
0.3618073,0.47584987,0.506221,0.67485154,0.49949265,0.39116928,0.7426035,0.754748,0.6727847,0.29933053,0.7472621,0.687488,0.7445978,0.22898203,0.7814831,0.5921956,0.7784335,0.38879082,Stable
0.36056232,0.47709835,0.50705737,0.675802,0.49754578,0.38797352,0.7432802,0.7529607,0.67359585,0.2974199,0.74673796,0.6877515,0.73505855,0.2441304,0.78469914,0.5938374,0.78069425,0.38957113,Stable
0.36197802,0.4790303,0.507217,0.67519057,0.49827856,0.3872527,0.7409742,0.75432765,0.6717984,0.29469383,0.75870657,0.68651456,0.7406328,0.24275321,0.78497624,0.59484804,0.78176224,0.39006314,Stable
0.3617763,0.48103654,0.50391436,0.6722908,0.49802828,0.39067623,0.74110436,0.75769806,0.6751853,0.2931214,0.72955346,0.6911845,0.72802114,0.24776411,0.78297466,0.599998,0.7812482,0.39344713,Stable
0.36463365,0.4794687,0.5077482,0.67407817,0.49553055,0.38816604,0.7407782,0.76032007,0.6720657,0.2952617,0.69408035,0.69812,0.73134816,0.2448477,0.785642,0.6004017,0.7816617,0.39198953,Stable
0.36468065,0.47935134,0.5076529,0.67399764,0.49544594,0.38815302,0.7409309,0.76046455,0.6720313,0.295151,0.66745806,0.69998044,0.7311167,0.2449125,0.7856771,0.6004341,0.7815937,0.39205825,Stable
0.3660564,0.48140582,0.5095302,0.67575645,0.498313,0.3895892,0.73935986,0.7605746,0.67307794,0.29415232,0.7284453,0.7048399,0.7333514,0.24893555,0.7798314,0.6141137,0.7780489,0.40618926,Stable
0.36719093,0.48120177,0.5106378,0.67689866,0.49723965,0.39054796,0.7381205,0.767811,0.664873,0.2968117,0.7028482,0.69638085,0.72391546,0.24451642,0.7752296,0.60515887,0.7720276,0.40859556,Stable
0.3660675,0.48202306,0.50471365,0.66938657,0.4956261,0.38822266,0.7411096,0.75483596,0.6628685,0.29774955,0.6708529,0.6964574,0.72287405,0.24642807,0.781254,0.59413594,0.77872056,0.38926888,Stable
0.3665608,0.4800191,0.5031702,0.66930556,0.4950554,0.38603613,0.7238916,0.75254935,0.66814625,0.29414344,0.73051965,0.7048265,0.72748077,0.24469253,0.7802516,0.5919652,0.77929205,0.39073563,Stable
0.36650532,0.48027393,0.5030576,0.6692154,0.4951719,0.38603017,0.7236514,0.7524593,0.6683245,0.29403216,0.7304822,0.7049507,0.72744346,0.24464677,0.78012264,0.59207183,0.7792465,0.39088377,Stable
0.36931822,0.47793633,0.5061359,0.668749,0.49319255,0.38608107,0.7340932,0.752449,0.670447,0.29505676,0.7574367,0.6926932,0.73713076,0.24504821,0.78035134,0.5922568,0.77865833,0.38981482,Stable
0.37077507,0.4761966,0.5119728,0.666727,0.49343354,0.38519606,0.7262827,0.7517628,0.66810644,0.29115662,0.75795025,0.6856486,0.7262854,0.24632804,0.7804102,0.59394455,0.7791366,0.38738954,Stable
0.3707114,0.47357413,0.51189387,0.6685144,0.4946568,0.384937,0.7325144,0.7508416,0.6668982,0.2888884,0.75315756,0.68865675,0.7284429,0.24431086,0.78054607,0.5931053,0.7786285,0.3873647,Stable
0.37042737,0.4724942,0.5111469,0.6685679,0.4947145,0.385133,0.73901904,0.7532303,0.6674311,0.29030147,0.75581336,0.68896675,0.7275672,0.24495754,0.77978295,0.59056365,0.77681947,0.3871561,Stable
0.37043238,0.4725016,0.51099354,0.66841793,0.4945945,0.38511413,0.7388727,0.75306606,0.66742796,0.29038,0.75586975,0.6888155,0.7278198,0.24508898,0.7799215,0.5905591,0.77689165,0.38726443,Stable
0.36928126,0.47313628,0.5086198,0.66372067,0.4959793,0.38549024,0.7328422,0.73557705,0.6673584,0.28880516,0.75845903,0.67787516,0.7252683,0.24583197,0.7795838,0.58728313,0.77676123,0.38567322,Stable
0.36925778,0.47263777,0.5094434,0.6638732,0.49580145,0.38546678,0.7302985,0.7471587,0.6708705,0.28884754,0.75257564,0.6888251,0.7388126,0.24337421,0.78254884,0.58904237,0.779611,0.38712722,Stable
0.36725196,0.4730984,0.50389934,0.6635178,0.49183592,0.38231295,0.72138923,0.7477319,0.67046255,0.2916991,0.7587101,0.6893003,0.7471051,0.22915772,0.7788715,0.5932181,0.77789515,0.38772625,Stable
0.3677683,0.47321063,0.5055139,0.6614835,0.49047464,0.38140875,0.7253957,0.7466258,0.67900014,0.28224224,0.7607248,0.68514097,0.74382067,0.2274361,0.7793094,0.5903444,0.77854013,0.38260907,Stable
0.36775085,0.47341058,0.50534487,0.66141224,0.49028194,0.38139576,0.7255057,0.7465528,0.6789755,0.28242832,0.75334805,0.6881026,0.74386615,0.22750168,0.77929974,0.590299,0.77860665,0.38262773,Stable
0.36842132,0.47403163,0.50479484,0.66231525,0.4922285,0.38199005,0.72536385,0.7477064,0.6744637,0.2879239,0.7615751,0.68551654,0.744166,0.23087358,0.78129065,0.59605354,0.77961826,0.38685256,Stable
0.37050328,0.4705139,0.50663054,0.6631056,0.49190146,0.38215762,0.7366705,0.73309934,0.67521304,0.2804625,0.76096356,0.6759255,0.7435365,0.22788064,0.77777714,0.5920341,0.7777029,0.38503703,Stable
0.3682626,0.47218236,0.504987,0.6578779,0.49063027,0.38111603,0.72402656,0.73376656,0.6763932,0.27986664,0.756279,0.691096,0.7459499,0.23033834,0.7775599,0.5893402,0.77616256,0.38562506,Stable
0.36529034,0.4716925,0.5066327,0.659223,0.49200624,0.38233683,0.739272,0.7347435,0.6751162,0.2814926,0.7593738,0.67151636,0.7456206,0.22646825,0.78031415,0.5877209,0.77747095,0.3860192,Stable
0.36529574,0.47168577,0.5066569,0.6592466,0.49199796,0.3823247,0.7394747,0.7347871,0.6750157,0.28133425,0.7594017,0.6716694,0.7456977,0.22639498,0.7804097,0.58769,0.77750194,0.38597053,Stable
0.36546272,0.4711684,0.5059784,0.6558429,0.49702093,0.38135058,0.74344766,0.7358033,0.6827685,0.27507934,0.752855,0.6788518,0.7513015,0.22751354,0.7844419,0.57568514,0.78141874,0.3843858,Stable
0.36715907,0.46950352,0.5052839,0.6570208,0.49509677,0.38075745,0.7411623,0.7317966,0.6821019,0.27612466,0.7560551,0.68369913,0.73934674,0.2386997,0.78207487,0.58778375,0.7810995,0.38663435,Stable
0.36398214,0.47018144,0.50237596,0.65759534,0.4975713,0.37999433,0.7425692,0.73216933,0.6804447,0.27618527,0.7550818,0.6825966,0.74127316,0.24179626,0.78069806,0.5883138,0.77910817,0.38671848,Stable
0.36139297,0.4712944,0.5019397,0.6565876,0.4962897,0.3785562,0.74220014,0.7350857,0.6827861,0.27685735,0.7511443,0.67981136,0.7498231,0.2284053,0.782829,0.58793885,0.7780477,0.387007,Stable
0.3614361,0.4712878,0.50211585,0.65665334,0.4962766,0.37854105,0.74231666,0.7349221,0.68262076,0.27684188,0.7512859,0.6797597,0.7496346,0.22857165,0.78276813,0.5876885,0.77795684,0.3868187,Stable
0.3628144,0.4716726,0.5009541,0.65594506,0.49712288,0.37937173,0.74001193,0.73395795,0.69126886,0.27414605,0.7590333,0.67568946,0.75080943,0.2275335,0.78456616,0.5924379,0.7795675,0.38790792,Stable
0.36367476,0.47240704,0.49781856,0.65827405,0.49747342,0.37909943,0.72029734,0.7221359,0.69124556,0.2738467,0.7527145,0.6948387,0.7495072,0.22758925,0.78361267,0.5895982,0.7788748,0.38636538,Stable
0.3605058,0.47457814,0.5000556,0.6592392,0.49400896,0.37654847,0.7408409,0.7295448,0.6844701,0.2791074,0.75894535,0.6868559,0.7504785,0.2262896,0.78189194,0.59114337,0.77976674,0.38399076,Stable
0.36314112,0.47438204,0.49804264,0.6603484,0.4954037,0.3800429,0.7414598,0.7336769,0.6828846,0.2812113,0.7593059,0.67798316,0.74371374,0.24121647,0.7864343,0.59312356,0.7824154,0.38677,Stable
0.36347973,0.47394225,0.49846643,0.6605675,0.49547648,0.38009045,0.74130344,0.73373294,0.68286985,0.28138968,0.75971955,0.6775851,0.7439809,0.24119735,0.7865178,0.59291565,0.78248525,0.38669023,Stable
0.3709144,0.4729849,0.50484574,0.6624081,0.49435234,0.3764505,0.74792117,0.7507502,0.68189377,0.27702093,0.7600268,0.6754831,0.74497604,0.23964533,0.78757083,0.59439504,0.7840113,0.3863321,Stable
0.37078878,0.47216767,0.5054364,0.6616607,0.4965604,0.37769222,0.7483176,0.7524322,0.6795007,0.2794418,0.75823843,0.6780821,0.7515812,0.22688094,0.78748703,0.59288585,0.7850026,0.38673744,Stable
0.37041613,0.4708528,0.5045659,0.6621989,0.49406105,0.37810692,0.74312013,0.748904,0.6783094,0.28318128,0.7593819,0.6749219,0.747745,0.2272422,0.78774154,0.59551656,0.7840555,0.38645536,Stable
0.37117833,0.47115898,0.50307524,0.66394216,0.497674,0.3820824,0.74077773,0.74515474,0.6808571,0.2785306,0.75045747,0.67620313,0.7447796,0.238322,0.7891852,0.59435046,0.7859585,0.38765955,Stable
0.3711073,0.47118354,0.5031399,0.66385055,0.49755937,0.38202736,0.741045,0.74541783,0.6807634,0.27858382,0.7504661,0.67608464,0.74474955,0.238367,0.78911227,0.5943283,0.7858486,0.38769838,Stable
0.37193048,0.47287855,0.50590235,0.66558945,0.4963231,0.38228226,0.7443439,0.7378441,0.67588663,0.2829622,0.7488185,0.67940605,0.7418617,0.23883872,0.7873826,0.5912951,0.7846656,0.3844959,Stable
0.37286723,0.47132382,0.5045079,0.66881573,0.49579978,0.38362992,0.74113786,0.7322578,0.66910434,0.2849794,0.7567165,0.6946919,0.7473537,0.22257607,0.78573054,0.5944232,0.78230345,0.3873368,Stable
0.371119,0.47580418,0.51203686,0.6731237,0.49598932,0.37960428,0.74867314,0.733953,0.6797949,0.2841105,0.752223,0.68104166,0.7421617,0.23829243,0.7906697,0.5969492,0.7878198,0.38743004,Stable
0.37090534,0.47039625,0.51213944,0.6716201,0.49702856,0.38430864,0.7502502,0.73511183,0.6707219,0.2886113,0.7486366,0.6821203,0.7338338,0.24430047,0.7853598,0.5933396,0.78249836,0.38633257,Stable
0.3708478,0.47040293,0.51196814,0.67162174,0.4969067,0.3843572,0.7498881,0.73492944,0.6709039,0.2887724,0.74911547,0.68244,0.733987,0.24440555,0.7849591,0.59316456,0.782215,0.38656437,Stable
0.3713659,0.47538853,0.5096908,0.6757504,0.49458075,0.3858561,0.7464623,0.7353553,0.6725046,0.2886455,0.75177383,0.68470615,0.7311611,0.2457891,0.7804096,0.5930721,0.7777235,0.38565165,Stable
0.3640777,0.47799644,0.5103699,0.6694047,0.49480855,0.38544092,0.742367,0.7325598,0.670143,0.28996563,0.7594652,0.6799616,0.7459563,0.22964153,0.78142416,0.5958389,0.77858484,0.39118528,Stable
0.36812007,0.47625062,0.5137079,0.6779813,0.49579298,0.3864439,0.7433969,0.73471326,0.67763615,0.28772062,0.7554948,0.683511,0.7537849,0.22577333,0.7830331,0.5958086,0.78069615,0.39060652,Stable
0.36804375,0.47712636,0.5081517,0.6727197,0.4930354,0.38576186,0.7443437,0.72928905,0.67061496,0.2841068,0.7462745,0.6967558,0.74452657,0.21773076,0.7827815,0.59689933,0.7817466,0.38979968,Stable
0.36683604,0.47766978,0.5087233,0.6717807,0.49472758,0.38525903,0.74594134,0.7301979,0.6719154,0.28516352,0.74307907,0.6967628,0.74298733,0.22783709,0.7849382,0.5981046,0.78310657,0.38877553,Stable
0.36618155,0.47736108,0.51089716,0.6730513,0.4944174,0.3846911,0.74729985,0.7344608,0.66991556,0.2854877,0.74907506,0.68457025,0.742645,0.22813678,0.78316915,0.5968399,0.78111976,0.38639924,Stable
0.36312327,0.47932383,0.5063376,0.6680116,0.49454218,0.3840521,0.7447941,0.73352766,0.67982143,0.28347045,0.757822,0.67079806,0.74584556,0.22729775,0.7830471,0.6110028,0.77985525,0.38966572,Stable
0.3634425,0.4783574,0.50791097,0.6676471,0.4963356,0.38502222,0.7492663,0.72976756,0.67886513,0.2847718,0.6337898,0.64723486,0.7305454,0.24434379,0.7826214,0.5910403,0.7786969,0.3852815,Stable
0.3554961,0.47561786,0.50422823,0.67033195,0.49729443,0.3826056,0.7442836,0.7306646,0.68597984,0.2779207,0.753365,0.68156564,0.73759675,0.24129888,0.7811155,0.5904687,0.77678216,0.3853944,Stable
0.3555852,0.47515965,0.5043819,0.6702857,0.49738848,0.38259584,0.744255,0.7306604,0.68617475,0.27815145,0.75358385,0.681486,0.73762167,0.24138328,0.78110045,0.59048426,0.7768037,0.38539466,Stable
0.35730466,0.47751054,0.503645,0.6685104,0.4946944,0.3804236,0.7447064,0.7341988,0.6796044,0.28107095,0.75990385,0.67796487,0.7452435,0.22454953,0.77588814,0.59246296,0.7759137,0.38350818,Stable
0.35728222,0.47922894,0.5003834,0.66248274,0.49563098,0.379297,0.74541223,0.7321016,0.6816568,0.28171098,0.75617766,0.6785587,0.75039256,0.21338074,0.778556,0.58807623,0.7735132,0.38154662,Stable
0.35796666,0.4785255,0.50150895,0.6638769,0.49595326,0.37880895,0.74370813,0.7297225,0.6866266,0.2809255,0.7567916,0.67770934,0.751352,0.2147403,0.7786176,0.5884565,0.7740865,0.38077533,Stable
0.3595736,0.4785061,0.49696308,0.66447794,0.49529296,0.37891996,0.7374079,0.73899066,0.6794789,0.27924648,0.75576115,0.6653117,0.74693674,0.22695015,0.7810663,0.6050074,0.7779772,0.38704848,Stable
0.3595838,0.47857448,0.4968018,0.66451484,0.49533325,0.3790561,0.7373493,0.73884344,0.6795606,0.27910995,0.75554323,0.6652635,0.7469787,0.22693172,0.7810485,0.6048751,0.77799106,0.38690412,Stable
0.36563095,0.4849908,0.5101366,0.67281955,0.497437,0.3774249,0.7458126,0.75554323,0.6827464,0.28483698,0.7542368,0.69167805,0.7448897,0.23981965,0.7860966,0.61610556,0.7858497,0.4021274,Stable
0.37093362,0.48056227,0.5028415,0.67375344,0.49649167,0.380112,0.7480804,0.7539468,0.6766476,0.28408492,0.72928226,0.6751701,0.7468251,0.2261816,0.7813568,0.61682993,0.7811773,0.40224144,Stable
0.36807925,0.4885087,0.50307876,0.66901124,0.49545905,0.38698608,0.74524224,0.75501865,0.6777549,0.29035556,0.7259439,0.6740257,0.7437297,0.24184589,0.78594965,0.6076001,0.784086,0.39722544,Stable
0.3685437,0.48919067,0.50783795,0.675346,0.49694133,0.39052534,0.7465055,0.7591255,0.67432725,0.28905606,0.6980583,0.6811328,0.729248,0.24284385,0.7856599,0.6075227,0.78248036,0.3971872,Stable
0.36851367,0.48886687,0.50789684,0.67543435,0.49247992,0.38901958,0.745857,0.75949574,0.6742456,0.28936964,0.69794315,0.68106073,0.72910637,0.24262421,0.78540635,0.607634,0.78234524,0.39737687,Stable
0.36151084,0.49398637,0.50429213,0.6732809,0.4948383,0.39115804,0.7443928,0.75933087,0.6760654,0.29273874,0.7289519,0.6972925,0.7522263,0.22157435,0.78430724,0.60693514,0.78326917,0.4077137,Stable
0.36459464,0.49853933,0.5020419,0.67827004,0.49929556,0.390622,0.75124645,0.7739712,0.68332374,0.28696626,0.73417896,0.7153775,0.76096916,0.22146808,0.7850343,0.620766,0.7847571,0.404939,Stable
0.36330086,0.49678934,0.50503236,0.6755599,0.49641797,0.3954196,0.7496736,0.7587623,0.6714835,0.29278836,0.73043364,0.6973804,0.7306645,0.2462229,0.7841839,0.60898703,0.7830876,0.40618265,Stable
0.36234686,0.4953435,0.5075215,0.67962754,0.49142987,0.39507538,0.7464894,0.76281834,0.66935503,0.29234964,0.7421495,0.70469373,0.7560414,0.21634994,0.78233737,0.6057228,0.78101844,0.40439475,Stable
0.3624465,0.49525654,0.5074234,0.6793143,0.49477118,0.39804003,0.746479,0.76274586,0.66884035,0.29236165,0.74187005,0.7052044,0.7558107,0.21666238,0.7819695,0.6053131,0.7806574,0.40413898,Stable
0.3604338,0.4975723,0.50792426,0.67895687,0.49314582,0.3954119,0.74218833,0.7638203,0.6685335,0.29086384,0.72276205,0.6860954,0.7489976,0.21437493,0.7796888,0.60431224,0.77775586,0.39447063,Stable
0.36415705,0.49966043,0.5095619,0.6789059,0.49324712,0.39645916,0.7478528,0.75962347,0.6714455,0.29175976,0.72443557,0.678081,0.75120294,0.21573023,0.7830207,0.60139894,0.7785124,0.39145955,Stable
0.36810654,0.49524316,0.5016673,0.67787594,0.4915539,0.39408037,0.7468204,0.7567558,0.67306197,0.29242736,0.71950805,0.6791832,0.7445473,0.22586772,0.78019,0.6024051,0.7768804,0.39176533,Stable
0.3621589,0.49063465,0.5055864,0.675645,0.49488342,0.3906704,0.7538209,0.75561225,0.66933864,0.29168868,0.72740424,0.67335814,0.7426645,0.22788942,0.78549707,0.59796965,0.7822912,0.38954553,Stable
0.36225182,0.49033982,0.5055988,0.6757455,0.49491447,0.39070448,0.7537724,0.75563645,0.6691043,0.29171136,0.7273368,0.67327654,0.7427163,0.22782147,0.7855226,0.59794235,0.7823465,0.3896157,Stable
0.37098464,0.48790312,0.5070506,0.6740746,0.4921969,0.392654,0.7527592,0.7556118,0.67526007,0.28649518,0.7390356,0.6667008,0.7394583,0.22553425,0.78217477,0.60342,0.78219694,0.4028088,Stable
0.373487,0.48684472,0.50679195,0.67476463,0.49016523,0.39082396,0.7548591,0.7555098,0.67596555,0.28678536,0.7409004,0.6656211,0.75170004,0.20758265,0.7827293,0.6037706,0.7819042,0.40391082,Stable
0.37274584,0.4872064,0.5074256,0.67695445,0.49339014,0.39000982,0.75474906,0.75500643,0.67727774,0.2862581,0.74616253,0.6736795,0.74674785,0.22473183,0.78712356,0.5998487,0.78385586,0.38999277,Stable
0.3726661,0.48722455,0.50739336,0.67697734,0.4932766,0.39003167,0.7552787,0.7549561,0.67721105,0.2863255,0.7457158,0.6732535,0.7467672,0.2247085,0.7872388,0.5999452,0.7840104,0.3899163,Stable
0.3726692,0.48584867,0.5061682,0.6743767,0.49194175,0.39107427,0.75313425,0.7577557,0.67597604,0.28558144,0.7383453,0.68276465,0.7584516,0.20955873,0.7859119,0.60561067,0.7844764,0.39516124,Stable
0.37233788,0.484376,0.50317454,0.67317164,0.4932642,0.38841498,0.75685275,0.7564882,0.6768517,0.28776717,0.71006954,0.6777386,0.74319875,0.22279513,0.7855216,0.60034186,0.7823903,0.391049,Stable
0.3641541,0.48190618,0.5037196,0.67102593,0.49402067,0.38579458,0.752632,0.7507331,0.6783735,0.27497047,0.74245614,0.676243,0.7579738,0.19768533,0.7906952,0.5992161,0.7875611,0.39085197,Stable
0.36483026,0.47618967,0.5049828,0.6722857,0.49349952,0.38392863,0.74599904,0.7403654,0.6797569,0.2701981,0.74411196,0.6418907,0.75587004,0.19920719,0.78431284,0.5940615,0.78223914,0.3854855,Stable
0.36473775,0.47619182,0.5049188,0.6722828,0.49358535,0.38381487,0.74612564,0.74028003,0.67965,0.27023527,0.74424756,0.6416637,0.7559158,0.19918281,0.784539,0.5942652,0.7823733,0.3857935,Stable
0.36229497,0.4790408,0.50411505,0.6639435,0.4941946,0.38068578,0.7478241,0.73717225,0.6804384,0.26629138,0.7529115,0.6683387,0.74334407,0.21921587,0.7828109,0.59371275,0.7796351,0.38619924,Stable
0.36504096,0.47676548,0.50795186,0.66685104,0.49777612,0.3798824,0.7504749,0.73276365,0.6841011,0.2624063,0.75219655,0.6724173,0.74598837,0.21887282,0.7832084,0.59143674,0.78051126,0.3836597,Stable
0.3795737,0.46909612,0.50546837,0.6624351,0.49833187,0.38248095,0.7509451,0.73326653,0.68037075,0.270573,0.7486228,0.6744444,0.73668164,0.22406678,0.7835564,0.5901914,0.7820873,0.3870351,Stable
0.37388092,0.47254848,0.5006915,0.6599563,0.49715692,0.38060874,0.75135136,0.73391265,0.67698735,0.2759805,0.6262805,0.669909,0.7439209,0.2208026,0.7827841,0.590209,0.7779579,0.38818675,Stable
0.37390488,0.47253975,0.50073546,0.6598855,0.49706495,0.3806187,0.7519374,0.7339331,0.6767714,0.27600065,0.6246804,0.6695298,0.74383706,0.2207657,0.78286624,0.59010935,0.77804965,0.388099,Stable
0.3693341,0.47412714,0.5018358,0.6555928,0.49593577,0.37692425,0.7430631,0.7361402,0.6816396,0.2674525,0.75636244,0.66231054,0.7459933,0.22206138,0.7826272,0.5815152,0.7778565,0.38290864,Stable
0.37292004,0.4740017,0.5033676,0.65620416,0.4947269,0.3764516,0.7463691,0.7335677,0.6829268,0.26794347,0.7519459,0.67732686,0.74091625,0.23751801,0.78277653,0.5878858,0.78289735,0.3839578,Stable
0.37215316,0.4749627,0.506251,0.6588888,0.4949242,0.37362272,0.7475096,0.7328755,0.6810586,0.2698105,0.75187945,0.65922207,0.7458322,0.2210007,0.78583854,0.59087527,0.78499556,0.38188398,Stable
0.37061787,0.47428352,0.50320107,0.657813,0.49667296,0.3750471,0.7475226,0.7312186,0.67950153,0.26541412,0.7565311,0.6588442,0.7515549,0.20068227,0.7846481,0.5706501,0.77915597,0.3726555,Stable
0.37054318,0.4743346,0.50304973,0.6577146,0.4965344,0.37508413,0.7476048,0.73078835,0.67936563,0.26564175,0.75640535,0.65932226,0.7516748,0.20060596,0.7845294,0.57041746,0.77898836,0.3726618,Stable
0.365623,0.47320843,0.5060948,0.65785116,0.4984703,0.37718925,0.74890935,0.7295706,0.6824969,0.25781846,0.7395239,0.6631655,0.74601287,0.20248479,0.78242147,0.58712804,0.7774707,0.3829566,Stable
0.37009555,0.47274846,0.5101353,0.6583789,0.49440658,0.3732276,0.75826895,0.73317206,0.67792,0.26708606,0.74437284,0.6595129,0.75257146,0.1977517,0.78213394,0.5716265,0.7783608,0.37074456,Stable
0.3710383,0.47220737,0.509192,0.6591555,0.49015534,0.3757103,0.75483966,0.7361628,0.67264867,0.2673446,0.7496573,0.6568681,0.75340986,0.19568217,0.7797357,0.5744374,0.7765387,0.37128752,Stable
0.36953634,0.47096118,0.5057022,0.6575583,0.48926005,0.37509853,0.7509124,0.7353413,0.6702912,0.26748443,0.75601405,0.6540328,0.75548357,0.20380515,0.7827723,0.5854422,0.78308964,0.38333005,Stable
0.36956,0.4709849,0.5055555,0.65758127,0.4892696,0.3750881,0.75087494,0.7355346,0.67028093,0.26747006,0.7545973,0.65466434,0.75551784,0.20381546,0.78259635,0.5856345,0.7828561,0.38336146,Stable
0.3715617,0.47103867,0.5013647,0.65791154,0.486755,0.37801313,0.74515647,0.73401827,0.6562923,0.2757891,0.7430328,0.6514827,0.7422867,0.20898682,0.7842397,0.5735072,0.78042835,0.38209647,Stable
0.37198576,0.4715196,0.50652176,0.65891254,0.48891026,0.3737803,0.7541225,0.73359746,0.6787311,0.26349524,0.74668187,0.65914696,0.7511567,0.2013766,0.7860801,0.58872986,0.7836398,0.3802166,Stable
0.36438796,0.47158998,0.50749433,0.65814507,0.48736224,0.37060994,0.7516713,0.7309841,0.6767732,0.26158035,0.7517353,0.64871436,0.74051684,0.21811634,0.7846825,0.57929766,0.7841212,0.37089476,Stable
0.36704564,0.46670505,0.51073265,0.6585524,0.48914585,0.37014067,0.7588192,0.7254838,0.672604,0.25578746,0.74391806,0.6466193,0.74211645,0.20561723,0.784539,0.57765716,0.7820546,0.37407225,Stable
0.36720917,0.46678936,0.510833,0.65857434,0.48922276,0.3699599,0.7590803,0.7254418,0.6725425,0.25582755,0.74390435,0.64673305,0.7420363,0.20567283,0.7845497,0.5775892,0.78208846,0.37418288,Stable
0.37081748,0.4685409,0.51245856,0.6528368,0.49079025,0.36952084,0.7523515,0.7167878,0.67677414,0.25329852,0.7541343,0.6547189,0.7445582,0.20739613,0.7816681,0.5736794,0.7744539,0.3709163,Stable
0.36826965,0.46432552,0.51261526,0.64854443,0.48772272,0.36531207,0.74825597,0.71552324,0.6615305,0.25728968,0.7463126,0.6540087,0.74934316,0.2019003,0.7836549,0.5626553,0.77841157,0.3684561,Stable
0.37578887,0.45276356,0.5231522,0.65321386,0.492887,0.36633676,0.758182,0.7130424,0.67933434,0.243525,0.75238013,0.6394613,0.7388507,0.20289966,0.78450584,0.5701578,0.7787916,0.365372,Stable
0.36523563,0.45168465,0.52326804,0.6414017,0.489245,0.35419247,0.75247306,0.7066114,0.67342794,0.24193875,0.7509506,0.6291237,0.75299704,0.17570683,0.7788156,0.5583904,0.77526253,0.35108837,Stable
0.3649611,0.45144114,0.5231984,0.64158964,0.48930502,0.35406452,0.75263524,0.70650816,0.6733955,0.24168247,0.75085944,0.6290788,0.75284666,0.17572501,0.77883315,0.5583757,0.77533233,0.35095102,Stable
0.3725081,0.44678688,0.51802313,0.63773334,0.4934439,0.3511984,0.746988,0.7074511,0.66903776,0.2486873,0.75411505,0.63373804,0.7446493,0.19350022,0.7804705,0.5584084,0.7817041,0.351706,Stable
0.36972472,0.44081065,0.52458537,0.6355629,0.49115098,0.34675393,0.75148976,0.6992594,0.6741679,0.23713295,0.74648273,0.5727048,0.7489566,0.18792538,0.7776992,0.55588603,0.77647495,0.3512802,Stable
0.3594601,0.4374126,0.5239656,0.6292987,0.49063954,0.338811,0.74910086,0.7100143,0.6767627,0.23212019,0.7555585,0.64272535,0.7445686,0.18988684,0.7772031,0.5576774,0.77963686,0.35206133,Stable
0.35309228,0.43350217,0.5147337,0.6107137,0.49064872,0.3303101,0.740039,0.7066562,0.6772716,0.22907671,0.7519109,0.6605124,0.74426997,0.1891881,0.7768197,0.55239975,0.78110933,0.34784997,Stable
0.35369813,0.43294555,0.514575,0.6108166,0.4905113,0.33030453,0.74162066,0.70600384,0.6773008,0.22909817,0.7521353,0.66042155,0.7441689,0.18935582,0.7766092,0.5521977,0.7808517,0.3477229,Stable
0.35402793,0.4367122,0.5120382,0.609479,0.49276108,0.3259052,0.74190015,0.6989763,0.6818912,0.22699885,0.7546718,0.6478046,0.74873465,0.18669927,0.78171206,0.5574639,0.7833168,0.3519903,Stable
0.35220277,0.43486068,0.50572777,0.6109901,0.49997073,0.32804078,0.730088,0.70309633,0.6827571,0.22852157,0.75535274,0.6636675,0.7395878,0.19416974,0.7776406,0.55974317,0.782551,0.35414618,Stable
0.3567643,0.4373384,0.49642915,0.6108059,0.49730882,0.3294117,0.71877235,0.689114,0.6784818,0.2284252,0.75081813,0.67340994,0.7414235,0.19342074,0.7754585,0.55698645,0.7765106,0.3647322,Stable
0.35703588,0.4341626,0.5034244,0.6138916,0.49353534,0.32967377,0.7268495,0.69406617,0.6766331,0.23025566,0.74930066,0.66795343,0.74115026,0.1941621,0.77642894,0.5522731,0.77905715,0.3539569,Stable
0.35873124,0.43260902,0.5032699,0.61389816,0.49370214,0.3300372,0.726175,0.6944927,0.6766739,0.2304652,0.7494299,0.66856706,0.7411873,0.19433045,0.776243,0.5523213,0.7771133,0.36203167,Stable
0.3541035,0.43599245,0.5058924,0.61541194,0.49380657,0.33448467,0.74077195,0.7066432,0.6692311,0.23347394,0.7476809,0.671631,0.7264304,0.20683233,0.7747008,0.5505619,0.77252686,0.36417663,Stable
0.36055872,0.4341182,0.51232076,0.620731,0.49430752,0.34258685,0.7419834,0.70804083,0.67798704,0.23545617,0.7525446,0.66961044,0.72300214,0.20699136,0.77885216,0.57050675,0.77598953,0.36950058,Stable
0.37053853,0.43315738,0.51619434,0.628619,0.4901604,0.3495346,0.7446336,0.7101215,0.65970147,0.24744636,0.7570584,0.62519544,0.7290775,0.21233438,0.77153605,0.5667849,0.769518,0.36601764,Stable
0.36494908,0.43469128,0.5156144,0.63318443,0.49300942,0.35644156,0.7459626,0.7141568,0.6619227,0.2518689,0.7523314,0.6457362,0.7205302,0.2183882,0.7784641,0.57195395,0.7762836,0.37952596,Stable
0.36477554,0.43509263,0.51545715,0.63300955,0.49287826,0.35631225,0.7456385,0.7140534,0.66195303,0.25176328,0.7524446,0.6457511,0.72058666,0.21821676,0.7786731,0.5720101,0.7764503,0.37945247,Stable
0.36648005,0.43458688,0.5151714,0.63093215,0.49432158,0.3552947,0.74460614,0.7147428,0.6819646,0.24205709,0.74878967,0.67553276,0.52201927,0.29319516,0.77600765,0.58863825,0.77675974,0.38332117,Stable
0.37144396,0.44224262,0.5134711,0.6295165,0.49972904,0.36169884,0.7458293,0.7169203,0.6665861,0.26068383,0.74902385,0.6766116,0.7263266,0.23235337,0.77686894,0.5729102,0.7760149,0.38648733,Stable
0.36112866,0.44991982,0.5170887,0.6347723,0.5023688,0.36339542,0.74154854,0.7204038,0.6650524,0.26465413,0.75167483,0.6721848,0.72762674,0.23395644,0.7768384,0.5735896,0.7762431,0.38591895,Stable
0.36736035,0.4475885,0.51493895,0.6410198,0.49687204,0.36688453,0.7505429,0.7174523,0.6581344,0.27223444,0.75244284,0.6795552,0.7186009,0.23590581,0.7776002,0.57589304,0.7795718,0.38892674,Stable
0.3671463,0.44780117,0.51492524,0.6408868,0.4971208,0.36662278,0.7507454,0.7174783,0.6580992,0.27222344,0.75259537,0.6797495,0.7185464,0.23605105,0.7775512,0.57612723,0.77930987,0.38907814,Stable
0.37019393,0.4475397,0.5163467,0.64621264,0.49962816,0.3665546,0.7468154,0.719808,0.66180515,0.2760021,0.7558497,0.6850137,0.7506794,0.2291293,0.7795581,0.57815504,0.7811689,0.39268273,Stable
0.36949927,0.4451989,0.51067936,0.64452755,0.50177854,0.3638228,0.74160814,0.7174468,0.6628178,0.27506632,0.7558837,0.69153374,0.73634875,0.23608333,0.7793454,0.5781016,0.78031313,0.3889501,Stable
0.3707345,0.44512576,0.50584006,0.6388706,0.49696872,0.36759982,0.7209332,0.7199708,0.6621054,0.27973226,0.75794834,0.69307655,0.72557825,0.2538187,0.78046155,0.59220713,0.77958786,0.40169403,Stable
0.37433895,0.44411957,0.50860906,0.64007723,0.4971666,0.36560732,0.7269978,0.7195617,0.6638535,0.2831717,0.7609822,0.69168323,0.7475878,0.22890101,0.782376,0.5953602,0.781182,0.40297207,Stable
0.37447116,0.4440307,0.5088641,0.6400173,0.4972384,0.36567473,0.7270231,0.71964586,0.6637761,0.283085,0.7610986,0.69145465,0.7474994,0.22888964,0.78247523,0.59546703,0.7813009,0.40305194,Stable
0.3808485,0.4425436,0.5106792,0.6406568,0.49709892,0.3700158,0.7224819,0.73068345,0.66105825,0.2878864,0.7594607,0.7061527,0.7326921,0.25012195,0.7794127,0.59375006,0.7783815,0.4046141,Stable
0.38169426,0.44339404,0.5067219,0.64118224,0.50047946,0.3713977,0.73201275,0.73391527,0.6642697,0.29100066,0.7637892,0.6961255,0.7551782,0.22859058,0.77861345,0.5954722,0.7829437,0.40700513,Stable
0.38300633,0.4443711,0.5083537,0.64375854,0.50067616,0.3673247,0.72229993,0.7248707,0.66276443,0.29263875,0.75908124,0.6904549,0.73272336,0.25325435,0.7798896,0.5888754,0.7810075,0.3925482,Stable
0.38470265,0.4458598,0.5093329,0.6537907,0.4996378,0.3755033,0.7372958,0.73802793,0.661163,0.29487777,0.7567463,0.70558083,0.756464,0.23866753,0.77913344,0.59403706,0.778717,0.40351486,Stable
0.38500637,0.44585952,0.50918484,0.6538359,0.49931538,0.37575075,0.73755157,0.73822206,0.66084707,0.29511267,0.7566812,0.70536965,0.7564649,0.23863697,0.7789366,0.59384346,0.77874875,0.39627847,Stable
0.38960588,0.45173606,0.5074394,0.65590817,0.5027238,0.37251884,0.7376193,0.742888,0.67204344,0.29506284,0.75282663,0.7105334,0.7355053,0.2563486,0.7797706,0.61027884,0.780431,0.41005275,Stable
0.3864108,0.45115137,0.5017833,0.65929437,0.502581,0.3747269,0.7343383,0.73790354,0.669953,0.2988932,0.7532298,0.7105498,0.7213077,0.26679412,0.78039396,0.6157295,0.78355026,0.4152367,Stable
0.37072155,0.4576733,0.4979939,0.6589897,0.5020287,0.37097615,0.74022096,0.7360172,0.6736364,0.29631832,0.75406814,0.7038319,0.71797,0.2674015,0.78234947,0.61619854,0.7817504,0.42217907,Stable
0.3729198,0.4540522,0.5008578,0.6595849,0.50132555,0.36908507,0.7402129,0.7381341,0.67422307,0.2918667,0.7574693,0.70612544,0.722702,0.2623346,0.7838153,0.6148269,0.78494227,0.41859743,Stable
0.3730465,0.45432854,0.5008861,0.65952873,0.5013993,0.36900467,0.7400989,0.7381183,0.6744609,0.2915767,0.75744665,0.70609844,0.7294306,0.25244755,0.7840531,0.6149928,0.7851392,0.4185928,Stable
0.37479374,0.45347202,0.49649942,0.6572032,0.50412023,0.3688391,0.7366945,0.73614514,0.6750852,0.29017022,0.75596094,0.7041044,0.7226488,0.2645762,0.7808055,0.6155088,0.7820539,0.41884527,Stable
0.3831287,0.44779092,0.49825916,0.6567477,0.5047382,0.3647539,0.74102676,0.73989224,0.67606103,0.29270092,0.7546371,0.69987166,0.7261797,0.25425428,0.7831174,0.602466,0.7791528,0.40580487,Stable
0.37029618,0.44672474,0.501017,0.64675987,0.50335747,0.3659258,0.73977584,0.74045,0.6805774,0.28831413,0.7588146,0.69418335,0.7352087,0.25183284,0.7797667,0.61168814,0.78006643,0.40828758,Stable
0.38701305,0.43934762,0.49440706,0.64558136,0.5081208,0.36010036,0.7243024,0.7444815,0.6816351,0.28718424,0.7565843,0.6938031,0.7169368,0.26735064,0.77864397,0.6147084,0.7796018,0.40859354,Stable
0.38731822,0.43947834,0.49444243,0.64529157,0.5079394,0.3601118,0.7244439,0.7444894,0.68141234,0.2873519,0.7567486,0.69384235,0.7171287,0.26721314,0.7786288,0.6144162,0.77943003,0.40838462,Stable
0.37584242,0.43725675,0.49304873,0.63930696,0.51286364,0.35567975,0.73367465,0.7395401,0.6932945,0.27570242,0.7538292,0.7018026,0.7153392,0.26231223,0.77563715,0.6126852,0.7793679,0.4044534,Stable
0.38838026,0.4301232,0.48894554,0.63595295,0.514184,0.3582201,0.7203931,0.7277298,0.69307774,0.27654642,0.7553425,0.6905365,0.7288873,0.25544757,0.7792213,0.600471,0.7840366,0.40200663,Stable
0.4214489,0.42293558,0.49257028,0.63733333,0.5135555,0.36025032,0.73461556,0.7246009,0.6929271,0.278091,0.7583804,0.7053828,0.73441863,0.2662465,0.782374,0.5950295,0.7829599,0.39837882,Stable
0.41759083,0.42529434,0.48894772,0.63355064,0.5154532,0.36134267,0.71913135,0.72302747,0.6934241,0.2807119,0.7575346,0.720715,0.7089409,0.2730302,0.7802085,0.5942949,0.78070784,0.40262353,Stable
0.4171964,0.4250947,0.4890607,0.6333721,0.5156101,0.36126333,0.7190548,0.7229056,0.6933955,0.28091717,0.7574589,0.7205647,0.70941323,0.27310514,0.7801513,0.5942885,0.7806647,0.40284094,Stable
0.40717977,0.42384335,0.48960707,0.6362959,0.51574755,0.3616951,0.7226149,0.72478473,0.6857805,0.2925173,0.7560197,0.7137453,0.72610545,0.26694334,0.7812706,0.60638976,0.7820811,0.40784368,Stable
0.4044553,0.42241454,0.48563987,0.63099563,0.5140911,0.3712717,0.707929,0.7269425,0.68592656,0.29583868,0.7568613,0.72416043,0.73598856,0.25703922,0.7796999,0.61356515,0.7854287,0.4232673,Stable
0.400961,0.42252994,0.4856161,0.6323296,0.5166009,0.36482215,0.71868694,0.7342753,0.69285935,0.28773987,0.7569279,0.72358906,0.7445892,0.25337768,0.7819378,0.6018127,0.78565323,0.41121814,Stable
0.3941788,0.42240974,0.4901631,0.6316507,0.51322985,0.36892223,0.7105071,0.72917604,0.6730255,0.2971219,0.7545108,0.72485626,0.7356259,0.25352743,0.77456653,0.59854376,0.78165025,0.4123066,Stable
0.39553174,0.42219275,0.49007353,0.63152903,0.51299083,0.36951208,0.7092922,0.7285096,0.67266315,0.29737765,0.75422114,0.7248919,0.7357225,0.25360903,0.77442217,0.59849775,0.7814326,0.41248512,Stable
0.39743948,0.42269596,0.4892374,0.63649845,0.5113153,0.37105256,0.7084862,0.7164804,0.6808293,0.2997113,0.7522726,0.7216277,0.73238015,0.27484962,0.77912104,0.5977936,0.78403795,0.42165297,Stable
0.39050198,0.42377847,0.48472983,0.6317446,0.5116283,0.37001055,0.71037984,0.71912026,0.6803443,0.29246366,0.753294,0.7239151,0.72369134,0.2616515,0.78090703,0.5920162,0.7880506,0.40862593,Stable
0.3956517,0.43017206,0.4900175,0.6360797,0.517879,0.37592,0.7092761,0.72620726,0.7072255,0.29763445,0.75555825,0.71817493,0.72326076,0.28151327,0.7761072,0.6060518,0.7800769,0.4225158,Stable
0.3884134,0.43893558,0.48173094,0.632902,0.51666105,0.37130064,0.70819443,0.7324474,0.69745725,0.29562598,0.7503478,0.75457644,0.5374962,0.2845225,0.7686957,0.6076322,0.77426285,0.4215638,Stable
0.3888,0.43884334,0.4815578,0.6328904,0.5165323,0.37156904,0.70873564,0.7324814,0.6972853,0.29558766,0.75007856,0.7545489,0.5378032,0.28442174,0.7688017,0.60733235,0.77428645,0.42142898,Stable
0.39778215,0.43928516,0.4850939,0.64276105,0.5094358,0.38001212,0.6844847,0.74132776,0.6778865,0.31759092,0.755731,0.7509091,0.5272932,0.28393131,0.77416486,0.61025697,0.77578294,0.42438042,Stable
0.38883245,0.4393078,0.48356134,0.64528835,0.50468904,0.3826326,0.70046586,0.743806,0.67873424,0.32147312,0.7517891,0.75868857,0.52818763,0.29069132,0.768341,0.5971574,0.7678716,0.42598867,Stable
0.39669925,0.4434615,0.4882495,0.6550065,0.51185346,0.3848246,0.71623176,0.7589054,0.7169981,0.31360802,0.7488353,0.7590419,0.52827036,0.29242876,0.7785835,0.61776793,0.7825925,0.43601963,Stable
0.3866442,0.44832596,0.49097532,0.6575273,0.5116015,0.38673156,0.7175011,0.75966525,0.7267935,0.31590822,0.74947184,0.76951426,0.7193453,0.311468,0.7775446,0.6142681,0.7816608,0.43549845,Stable
0.3869285,0.44843754,0.49097916,0.65742236,0.5115186,0.3865481,0.7173455,0.7596574,0.72687364,0.31588173,0.7495409,0.7698147,0.7193613,0.31136158,0.7776577,0.61431795,0.78173244,0.43551755,Stable
0.40985855,0.45297286,0.486924,0.66614866,0.5091381,0.39414367,0.7183523,0.7682044,0.7103677,0.33204037,0.75085324,0.7634136,0.73157525,0.31654513,0.7773062,0.6433496,0.78569436,0.4495234,Stable
0.4248323,0.46028683,0.4870354,0.6755492,0.5026816,0.40550682,0.7171923,0.7757634,0.70733374,0.33598638,0.7493033,0.7603773,0.7066541,0.3252137,0.77493453,0.63841665,0.7787777,0.44885474,Stable
0.42290032,0.46614665,0.48563665,0.6779963,0.4987297,0.4119566,0.7044493,0.7731609,0.684368,0.34434712,0.7478316,0.764341,0.7163007,0.33755094,0.77240366,0.6327805,0.7716796,0.45224676,Stable
0.39714587,0.4783071,0.48012385,0.6799003,0.5024549,0.41135854,0.69916457,0.7718487,0.6843742,0.35557145,0.754723,0.7629768,0.7123028,0.33985305,0.77643394,0.65359026,0.7772013,0.46601686,Stable
0.3966949,0.4784237,0.48010096,0.6798088,0.5021453,0.41137666,0.6994746,0.7715033,0.68406814,0.35571676,0.75467634,0.76295626,0.7123525,0.33965835,0.7764201,0.6538626,0.777194,0.46602494,Stable
0.40425178,0.48039693,0.48241886,0.68390673,0.4991046,0.41679233,0.6940491,0.77491605,0.67465943,0.37059432,0.7487812,0.76582694,0.70504093,0.3455847,0.76882565,0.64670944,0.7729459,0.46747956,Stable
0.38267326,0.48463374,0.4905131,0.70014304,0.5115252,0.42465776,0.71907306,0.7926308,0.697694,0.36500332,0.7514882,0.7636545,0.74313915,0.35078603,0.78222954,0.66555655,0.7831194,0.47814643,Stable
0.3907252,0.4957499,0.48578078,0.70535606,0.5063324,0.43363863,0.72343725,0.80794066,0.7033348,0.37414882,0.7540729,0.78672975,0.73668736,0.3544149,0.78996676,0.6701057,0.7909078,0.48328507,Stable
0.39686936,0.5049355,0.4870249,0.71192443,0.5036692,0.44977006,0.7209534,0.8059236,0.6822521,0.38606676,0.7519829,0.79090524,0.73408574,0.3620908,0.7769704,0.6681735,0.7792103,0.4929095,Stable
0.39689255,0.5050826,0.48696434,0.7117784,0.50343937,0.4498657,0.7210905,0.8057623,0.6822618,0.38602552,0.752066,0.79088444,0.73405683,0.36194786,0.77645886,0.66821784,0.77886194,0.49310446,Stable
0.38157853,0.5097438,0.49108446,0.7152312,0.5039692,0.4444799,0.724434,0.8072161,0.6937863,0.38310182,0.7538941,0.7932045,0.7278971,0.36722147,0.78341216,0.66860914,0.78579915,0.487596,Stable
0.37176383,0.5146977,0.4860474,0.7183192,0.49952263,0.45105216,0.71096075,0.8092613,0.676618,0.39490676,0.7488462,0.7987816,0.73605007,0.3679194,0.78127205,0.66467535,0.7841461,0.4853707,Stable
0.37565142,0.5285779,0.48421225,0.7246307,0.49874672,0.4573185,0.7107324,0.8251268,0.67691463,0.40658697,0.7501228,0.809049,0.7332343,0.38132948,0.78164667,0.68349886,0.7858751,0.50453687,Stable
0.38010404,0.53038436,0.49002868,0.73843133,0.4925856,0.4647572,0.71083367,0.833333,0.6807851,0.40294462,0.7504944,0.8081645,0.73258793,0.38303733,0.7830731,0.68110055,0.7803203,0.49686393,Stable
0.38017783,0.5302764,0.4898535,0.73837394,0.49265617,0.46494544,0.7112682,0.833282,0.6807348,0.40273625,0.750544,0.8078387,0.73308945,0.38336426,0.78291285,0.6809713,0.78026557,0.49684983,Stable
0.3799362,0.540802,0.49048528,0.7506084,0.48933685,0.47388583,0.70465344,0.8440031,0.6745815,0.41499162,0.7572335,0.81348,0.73688406,0.38980472,0.7818243,0.68342507,0.7790262,0.5043777,Stable
0.37937805,0.55209184,0.48709208,0.7562642,0.49431562,0.4786129,0.716258,0.8573427,0.6812629,0.41785556,0.75338113,0.8485925,0.7369384,0.40134212,0.78904605,0.6981791,0.7856454,0.5163149,Stable
0.3835349,0.5534481,0.48390982,0.7655971,0.49115026,0.4876979,0.71803206,0.8550979,0.6693377,0.4372549,0.7556202,0.85037225,0.7414447,0.40560126,0.7858157,0.7002666,0.77882576,0.51423275,Stable
0.38420302,0.56083596,0.48522243,0.77642506,0.49602875,0.4931302,0.7166009,0.86342406,0.69079375,0.4388071,0.75732505,0.82782376,0.737271,0.41613054,0.78536934,0.70697045,0.78051734,0.5158388,Stable
0.38416886,0.5609203,0.48524332,0.7762561,0.49606347,0.49307728,0.71698904,0.8633499,0.6911959,0.43872604,0.75708216,0.8275506,0.7375109,0.41586506,0.78525656,0.70715034,0.7803786,0.5162005,Stable
0.38709077,0.5649512,0.48710537,0.7853777,0.49791154,0.4955939,0.7201843,0.88215464,0.69513553,0.4439413,0.7570953,0.87034416,0.7395636,0.41623554,0.78671426,0.7209908,0.7781973,0.5236608,Stable
0.38181788,0.5736289,0.48793253,0.7922331,0.49817476,0.5043293,0.7159013,0.8765013,0.67432874,0.44720554,0.76189864,0.87887204,0.72957456,0.43070957,0.78771204,0.7232651,0.7787672,0.5306814,Stable
0.3995063,0.5834664,0.4859013,0.805443,0.5000706,0.51552147,0.7123644,0.8964712,0.67881674,0.4592694,0.75353616,0.8550656,0.7414079,0.42845505,0.7931428,0.7391531,0.7823508,0.5407927,Stable
0.3589774,0.60231316,0.47832128,0.8108732,0.49985933,0.5235721,0.70353425,0.91076946,0.6683234,0.4718475,0.7618264,0.91241854,0.74286026,0.42808375,0.77547044,0.74396825,0.7641372,0.54084945,Stable
0.3618655,0.6059454,0.4783498,0.8109958,0.49932986,0.5240485,0.7038755,0.91059816,0.66807574,0.47196314,0.76206577,0.912277,0.742696,0.4282088,0.7751585,0.7427573,0.7637409,0.5402068,Stable
0.37968498,0.5979682,0.48282874,0.8165288,0.5080452,0.5326649,0.70265615,0.9234147,0.6754395,0.4721241,0.7652037,0.892291,0.73179287,0.44001386,0.78621686,0.76184154,0.7751465,0.55548525,Stable
0.37567604,0.6126039,0.4876406,0.82880354,0.50720465,0.54138494,0.7145397,0.9322733,0.68593544,0.4693622,0.7641305,0.89872116,0.70926017,0.44570285,0.79105306,0.77372473,0.7785594,0.5585109,Stable
0.38485023,0.61587036,0.49221748,0.8385133,0.5011542,0.546276,0.71381205,0.93353236,0.6791479,0.47949383,0.76311606,0.8766496,0.70614195,0.46239698,0.7852756,0.7544574,0.76559424,0.55366725,Stable
0.37737012,0.624594,0.49050555,0.8448743,0.49583554,0.5523383,0.7277384,0.9535444,0.6752457,0.48919833,0.7592652,0.86115617,0.70819783,0.4713423,0.7896892,0.7684855,0.7796855,0.5581863,Stable
0.3775034,0.62433076,0.49086174,0.8451487,0.49574074,0.5523993,0.728151,0.95308465,0.6753088,0.48908776,0.75951874,0.8616571,0.70819664,0.4712854,0.7895352,0.76852936,0.77941537,0.55853844,Stable
0.37846503,0.6369613,0.4888311,0.8542599,0.5037521,0.5526095,0.7277822,0.95942044,0.6838925,0.48435622,0.763571,0.8517326,0.7100271,0.46275496,0.7789604,0.78693366,0.7712311,0.5693648,Stable
0.3777926,0.6432724,0.48801276,0.85670465,0.50118953,0.5580474,0.7203703,0.9594802,0.6919555,0.4944223,0.75846195,0.84388125,0.7199091,0.46728677,0.78574955,0.77240324,0.76849675,0.5545389,Stable
0.37799793,0.64641726,0.4883426,0.85964406,0.50170326,0.5580529,0.7211633,0.96986735,0.6895661,0.50219536,0.7589226,0.8734219,0.72022694,0.47720808,0.7992089,0.77638364,0.7854512,0.5748912,Stable
0.38051364,0.6564071,0.49732697,0.887876,0.5050869,0.5604737,0.75641525,0.9740045,0.71305054,0.49689946,0.749448,0.8001144,0.7241048,0.4889568,0.81194603,0.797697,0.79697204,0.57666886,Stable
0.38044363,0.65642655,0.49729604,0.8880707,0.504969,0.5607055,0.75632787,0.9736233,0.7130508,0.49725315,0.7494764,0.7994716,0.7241665,0.48959863,0.81188214,0.79783386,0.7970438,0.5770788,Stable
0.36913306,0.6724178,0.49309725,0.8938464,0.49682066,0.55937934,0.74690074,0.9731766,0.71302426,0.500777,0.74963444,0.87605524,0.71266115,0.4954258,0.8026687,0.7971272,0.78890455,0.5760534,Stable
0.3685624,0.67991567,0.48886234,0.9090409,0.4982649,0.57061976,0.74353284,0.9743578,0.707344,0.5115117,0.7550143,0.8732743,0.7347969,0.49135143,0.8042313,0.8025946,0.7886953,0.5774295,Stable
0.35615462,0.6860823,0.4931744,0.9130887,0.50793684,0.5752088,0.7399479,0.9748181,0.71643853,0.5109185,0.76331854,0.8713803,0.74604166,0.47501454,0.8025162,0.80091655,0.78129566,0.5801921,Stable
0.3694435,0.69826174,0.49709234,0.9355837,0.5085325,0.5829317,0.74497163,0.9782487,0.7141823,0.5061451,0.76199424,0.8878459,0.7439115,0.46747416,0.8169769,0.82887745,0.799273,0.5906596,Stable
0.3695105,0.69821405,0.4972921,0.93582976,0.50855255,0.58303463,0.7450587,0.97826785,0.71381325,0.50620306,0.76203364,0.88785017,0.74389094,0.46728417,0.8171131,0.82880324,0.7992717,0.59052676,Stable
0.36630028,0.716438,0.50516355,0.93439806,0.5112667,0.5913638,0.74235797,0.9728761,0.7140967,0.5059331,0.7594823,0.91479677,0.7443948,0.46933287,0.8223076,0.8237418,0.80166185,0.60157984,Stable
0.36444426,0.723716,0.51328903,0.94431585,0.50354177,0.60301566,0.7433746,0.97208834,0.7072058,0.5188364,0.7597958,0.9102421,0.73054856,0.4701639,0.8238995,0.82406896,0.79070896,0.60938346,Stable
0.36292696,0.73367286,0.5162333,0.9524986,0.50153685,0.6076034,0.7417902,0.9866127,0.7020323,0.51880515,0.76540345,0.91623354,0.7451891,0.4837043,0.8264252,0.8265679,0.80010957,0.6074284,Stable
0.36232203,0.7483484,0.5194106,0.97325605,0.50853276,0.61225915,0.74421585,0.98988104,0.713206,0.5250311,0.76737976,0.9375152,0.7396611,0.48825952,0.8311962,0.869424,0.7984576,0.61641157,Stable
0.36238402,0.74832845,0.51887596,0.97310364,0.5083656,0.6123869,0.7440605,0.9899399,0.71279323,0.52499044,0.76717585,0.93745345,0.7392622,0.4883624,0.8311879,0.86930746,0.7983167,0.61613613,Stable
0.35586068,0.7618371,0.5218328,0.98020446,0.50378764,0.61295986,0.7427658,0.98892325,0.7122905,0.51743984,0.7419224,0.9510872,0.759608,0.4373934,0.8319241,0.8671254,0.79949,0.6093438,Stable
0.3463903,0.7726049,0.5238446,0.9766507,0.5050966,0.6144625,0.7418159,0.9883942,0.718984,0.50127095,0.7397611,0.94904864,0.7656981,0.42745048,0.8347634,0.86574334,0.7996537,0.6084333,Stable
0.34752935,0.7761678,0.52353066,0.98084414,0.50881994,0.6183,0.74134415,0.991583,0.71563476,0.49733692,0.7398137,0.9490635,0.7705573,0.42447478,0.85345167,0.8830099,0.8080787,0.6251726,Stable
0.3477304,0.7804095,0.5132213,0.97997093,0.50389254,0.62430286,0.7420199,0.99205613,0.69867754,0.49060032,0.7632208,0.9421774,0.7599454,0.40869194,0.84131503,0.8848175,0.8050252,0.6283786,Stable
0.3481401,0.7794746,0.5140954,0.9798228,0.5041425,0.62399757,0.742442,0.9918214,0.69809604,0.49100208,0.76357377,0.94133246,0.7601316,0.4088409,0.84129804,0.8841351,0.80493355,0.62894535,Stable
0.3436242,0.7871951,0.5141091,0.9816029,0.4978294,0.6251352,0.7400739,0.99339974,0.66848373,0.49412137,0.76507443,0.9435648,0.7589021,0.4059863,0.8426973,0.8877485,0.8112097,0.6359024,Stable
0.34160078,0.78848404,0.5186966,0.9820332,0.49599653,0.61178946,0.7459587,0.99294347,0.68248653,0.47782803,0.7694247,0.9266484,0.76559156,0.39366218,0.84440064,0.8889488,0.82196826,0.6348709,Stable
0.3432344,0.7858733,0.5176039,0.98075175,0.48906654,0.61232245,0.7473139,0.9945197,0.66523206,0.47045514,0.77615255,0.93087906,0.766401,0.38372025,0.8366709,0.88719004,0.8052746,0.6193598,Stable
0.3444061,0.793394,0.52884966,0.9856183,0.48799682,0.60276204,0.7477876,0.99140894,0.6662183,0.46931458,0.7694496,0.9196253,0.7650854,0.37363636,0.8214079,0.8442773,0.7958416,0.6115444,Stable
0.3443004,0.7933807,0.5288191,0.98560417,0.4879824,0.602919,0.7475966,0.9911093,0.6660619,0.46934253,0.76917714,0.91923517,0.7648715,0.3738612,0.8212392,0.84402573,0.7955867,0.611418,Stable
0.34591752,0.7948177,0.5296205,0.98320264,0.47758707,0.60106945,0.75343835,0.98947304,0.6584089,0.46478745,0.76912534,0.90453714,0.7604436,0.36448598,0.8179389,0.8417901,0.79189247,0.5978564,Stable
0.34146672,0.78312325,0.5255297,0.9752542,0.47944206,0.587276,0.7595801,0.98722744,0.66694057,0.4470143,0.7764439,0.888378,0.7628779,0.35711807,0.8280066,0.8389566,0.80528563,0.60224617,Stable
0.34087572,0.77244556,0.5174282,0.96275556,0.4785727,0.5799942,0.760582,0.9648541,0.66508186,0.4290424,0.7692205,0.88766307,0.7646916,0.34337184,0.8289909,0.8342023,0.80666876,0.5878116,Stable
0.3411103,0.76580656,0.5236562,0.96149844,0.4774519,0.57960707,0.7681272,0.96655977,0.66279256,0.426998,0.77519506,0.8637446,0.76437324,0.33773205,0.8274517,0.8300705,0.80292815,0.5818014,Stable
0.34183526,0.76500046,0.5237721,0.9615676,0.47761595,0.5796862,0.7682745,0.96648306,0.6628538,0.4267931,0.77507967,0.8635735,0.7644986,0.33761686,0.82738394,0.83020514,0.80299616,0.58201456,Stable
0.33888108,0.7569985,0.5229408,0.96374667,0.4748162,0.57421064,0.76697844,0.9665096,0.66649365,0.41729945,0.7738831,0.866698,0.7550888,0.33509108,0.827506,0.8327224,0.8035919,0.5810571,Stable
0.34594902,0.7509734,0.5327239,0.9597451,0.47529018,0.5722062,0.76997393,0.9653853,0.6712667,0.40959582,0.77296394,0.8144392,0.7754997,0.31678146,0.8301453,0.8185452,0.8006555,0.56862444,Stable
0.33375585,0.7469133,0.5279315,0.9429815,0.4749984,0.56381214,0.76265144,0.979754,0.66424906,0.39932913,0.7692358,0.82552516,0.76638675,0.30839324,0.818818,0.81547165,0.790348,0.5587274,Stable
0.33949777,0.7427499,0.5166924,0.92215097,0.47255272,0.54830515,0.76461244,0.9750905,0.6656209,0.3881335,0.77156126,0.8316746,0.7748003,0.29834518,0.8250875,0.8101899,0.7897687,0.5518917,Stable
0.33968592,0.74267185,0.51694906,0.92230344,0.47273612,0.5485121,0.764778,0.97505224,0.6656475,0.3882596,0.77148193,0.8313844,0.7749815,0.29824474,0.82526565,0.8101396,0.7900611,0.5521248,Stable
0.32986626,0.7351527,0.5159878,0.9102582,0.4701063,0.54532516,0.7520294,0.9745731,0.65410393,0.38233635,0.77585757,0.8440963,0.7607307,0.29627573,0.8170356,0.7978856,0.79238117,0.5566534,Stable
0.33971617,0.7291138,0.5161091,0.89497346,0.4763784,0.5257819,0.7662079,0.97568464,0.6770246,0.35652608,0.77384996,0.87400216,0.77446604,0.27560464,0.8238501,0.79144454,0.7956513,0.53713214,Stable
0.3404828,0.72354734,0.52150774,0.88427556,0.47922143,0.52066946,0.7647845,0.95170677,0.67501444,0.34158343,0.7619188,0.8618363,0.7676482,0.2691407,0.81767,0.7697712,0.7934251,0.5176656,Stable
0.34278214,0.7191845,0.51915663,0.87263095,0.4736197,0.5137304,0.75961155,0.9425075,0.6639298,0.3429731,0.7621379,0.8038386,0.7720241,0.25764778,0.806138,0.766761,0.78145254,0.5131569,Stable
0.34218404,0.71921223,0.51890045,0.8727642,0.47369832,0.5137506,0.75067943,0.9304685,0.66382766,0.34315,0.7618748,0.8034817,0.77202106,0.25781745,0.80600727,0.7669467,0.7813585,0.5133569,Stable
0.34626585,0.7059962,0.51717293,0.8545066,0.47311002,0.51128197,0.7590805,0.92107,0.6584498,0.34257025,0.76310676,0.84133947,0.76431537,0.23986956,0.80730146,0.7494766,0.78372496,0.5060611,Stable
0.3444253,0.699584,0.51558495,0.84231925,0.4741202,0.5035911,0.75855637,0.89352983,0.6548585,0.33991608,0.758687,0.84448475,0.7611892,0.2350873,0.79477334,0.74376154,0.77572477,0.50074387,Stable
0.33876443,0.68983626,0.5200616,0.82938945,0.47338098,0.49011278,0.7629063,0.8895333,0.6569255,0.329514,0.7603283,0.7645873,0.768767,0.21050975,0.79321826,0.72244656,0.77320427,0.47789383,Stable
0.34048924,0.68498105,0.5194393,0.8212737,0.48018116,0.47192213,0.7612709,0.8778131,0.65904737,0.31627828,0.762396,0.7402195,0.7679106,0.18689156,0.7957484,0.7141905,0.78069973,0.46960306,Stable
0.34060296,0.6850859,0.5193659,0.8213382,0.48017764,0.47176084,0.76124257,0.8777148,0.6588619,0.31653482,0.7623715,0.7401132,0.7679198,0.1865884,0.7959268,0.7144503,0.780889,0.46965155,Stable
0.33610153,0.6651571,0.5146403,0.8054913,0.47248226,0.46506903,0.75466096,0.8654041,0.6581229,0.3044631,0.7557504,0.73897624,0.7690283,0.1824141,0.7885096,0.7062241,0.7737631,0.46018553,Stable
0.34180698,0.6621359,0.51222605,0.79818165,0.47532272,0.45970535,0.75344604,0.8505186,0.6605038,0.29454994,0.7539693,0.76374555,0.7713237,0.16578588,0.79017895,0.7008519,0.78013754,0.4532475,Stable
0.33968014,0.6530359,0.5086337,0.78535116,0.4691573,0.44606778,0.7479545,0.8485469,0.6527303,0.2930426,0.7607953,0.71479934,0.7693937,0.1714879,0.7854823,0.688388,0.7775599,0.4494321,Stable
0.3455438,0.64788246,0.5146112,0.76746124,0.47147858,0.43549228,0.7497095,0.830201,0.6460675,0.2835791,0.7605478,0.7235085,0.7699789,0.1471017,0.7827815,0.6800288,0.77483165,0.4340814,Stable
0.34544346,0.64772826,0.514432,0.76740235,0.47137687,0.4354812,0.749633,0.8300301,0.646042,0.28359756,0.7606182,0.7234161,0.7699258,0.14719865,0.7827678,0.6799599,0.77490294,0.43400222,Stable
0.3398397,0.6277634,0.50878024,0.75970304,0.46868965,0.4342416,0.7459533,0.81667197,0.64505756,0.2778223,0.76087,0.7231414,0.770657,0.1388457,0.78718686,0.6682264,0.777984,0.4316476,Stable
0.35034534,0.61636525,0.5085762,0.7444203,0.46618792,0.42132217,0.754198,0.79472274,0.63694745,0.27533847,0.7563231,0.6979054,0.7685906,0.13180949,0.77697724,0.6570478,0.76745987,0.41446134,Stable
0.3439719,0.60509795,0.51232904,0.7358619,0.4693659,0.40683576,0.7530936,0.7834181,0.6548646,0.24916056,0.7533996,0.6754197,0.77041405,0.104210794,0.7781997,0.650564,0.76898307,0.41071206,Stable
0.34600264,0.59077394,0.51561207,0.71786875,0.4677577,0.4000231,0.75554013,0.77571744,0.6549143,0.23517893,0.7498708,0.728579,0.76986045,0.104259014,0.7701208,0.63038456,0.76077294,0.38784587,Stable
0.3459239,0.590744,0.51566184,0.7178571,0.4678291,0.39987537,0.7554473,0.77574724,0.65508837,0.23499215,0.7499095,0.72843707,0.7699594,0.1038426,0.7702614,0.6304064,0.7609154,0.38808537,Stable
0.33781332,0.5824965,0.51468825,0.7151091,0.4684006,0.3960051,0.7545624,0.7677869,0.6606128,0.23593387,0.75311744,0.6785046,0.7699188,0.09115468,0.77520776,0.6199541,0.7669656,0.3831963,Stable
0.3451326,0.5719056,0.5100094,0.70254135,0.46941125,0.38899276,0.7588658,0.76158357,0.6531545,0.21763003,0.7487211,0.68230355,0.7704095,0.08091785,0.77565396,0.6054601,0.7664603,0.37098944,Stable
0.3399492,0.5659759,0.505372,0.69354033,0.4633896,0.38264328,0.74902,0.75382626,0.6529323,0.21936923,0.752103,0.6787815,0.76974416,0.08293157,0.7769542,0.6011254,0.76546574,0.37262353,Stable
0.3388617,0.5635393,0.49601537,0.6780672,0.46317518,0.37307215,0.74453664,0.73947763,0.6497384,0.20961498,0.75798535,0.6659995,0.7658609,0.08058034,0.77693623,0.58382994,0.76756644,0.36727116,Stable
0.33898684,0.56379366,0.4958949,0.67797744,0.46326745,0.37301144,0.7444517,0.739504,0.6503358,0.20916152,0.7579214,0.6658731,0.7663187,0.080564514,0.7769596,0.58376265,0.7676117,0.36724073,Stable
0.35192335,0.5566092,0.49993595,0.67039055,0.46331495,0.3639021,0.749213,0.7329813,0.6431151,0.19437371,0.74748796,0.6709255,0.76200527,0.08430006,0.77594197,0.5591501,0.763375,0.34713456,Stable
0.3425102,0.54746926,0.50072896,0.6604997,0.4629124,0.3566507,0.74378437,0.7174196,0.6417987,0.19205832,0.7489571,0.6445551,0.76736057,0.06999286,0.77488315,0.55271083,0.7644312,0.3450253,Stable
0.34050447,0.53981984,0.5033324,0.6621548,0.46385643,0.3451706,0.75186485,0.7135432,0.65760034,0.17270182,0.74369425,0.62823814,0.76019955,0.06542683,0.77505845,0.54841983,0.7629103,0.33096445,Stable
0.34450954,0.5335023,0.50803876,0.65701544,0.4638403,0.33544874,0.7511158,0.7050943,0.6585249,0.16470066,0.7590004,0.625003,0.76143426,0.05598931,0.77642393,0.5340594,0.76633346,0.32194299,Stable
0.3445363,0.5334682,0.5080534,0.6570712,0.46385878,0.33554536,0.75122875,0.70515466,0.6582694,0.16509175,0.7588872,0.62499946,0.76131696,0.0560627,0.7764496,0.5340241,0.7662982,0.32203394,Stable
0.3401091,0.5245416,0.5113435,0.65306944,0.4596452,0.33499688,0.7508318,0.69224024,0.6494744,0.16778138,0.75034136,0.60038036,0.7533772,0.057343673,0.7773123,0.54449606,0.76878923,0.32668424,Stable
0.3436368,0.52097553,0.51765704,0.65679014,0.4604767,0.32686198,0.75087345,0.67687976,0.65287983,0.15841058,0.7155657,0.62029403,0.75403494,0.047001325,0.7767812,0.5248263,0.7629501,0.306131,Stable
0.34202552,0.5105257,0.50769067,0.64191407,0.45941004,0.3269922,0.74397945,0.6740188,0.63646626,0.16613878,0.7515077,0.5916725,0.7460669,0.046348803,0.77634096,0.51032585,0.7618488,0.30466053,Stable
0.34183967,0.5060582,0.50727904,0.63519573,0.46006143,0.3212575,0.74499094,0.6741156,0.64344084,0.16168614,0.71163976,0.6312532,0.75554895,0.045166284,0.77172685,0.5220348,0.7627549,0.30580798,Stable
0.3418882,0.5060376,0.5072343,0.635243,0.4599898,0.32125437,0.7451309,0.6741893,0.64337665,0.1617151,0.71168154,0.6314539,0.75552243,0.045115903,0.7719995,0.5223285,0.7629082,0.30589157,Stable
0.34421527,0.5011009,0.49961767,0.6246319,0.4635371,0.31140903,0.7478713,0.6650263,0.6504544,0.14477411,0.7155143,0.6196519,0.7524885,0.042926833,0.77438635,0.50851476,0.77252376,0.29256505,Stable
0.34162247,0.4918477,0.5003232,0.6216713,0.46035883,0.30158314,0.7439492,0.661786,0.6535048,0.13792324,0.7442829,0.59335536,0.7502562,0.037878677,0.7709482,0.50145125,0.76373,0.28220314,Stable
0.34266317,0.48773512,0.4991685,0.60792005,0.46040723,0.30009508,0.73930186,0.6584865,0.6575684,0.13505735,0.74436015,0.5925479,0.7437801,0.04419958,0.77330625,0.51507676,0.7702595,0.30139703,Stable
0.34491116,0.48671663,0.5002701,0.60053444,0.45606422,0.2947433,0.74189323,0.65219855,0.6536266,0.13073419,0.74901175,0.5886892,0.74891424,0.039257333,0.77179563,0.49297327,0.7630342,0.2887357,Stable
0.34500778,0.4867549,0.5004676,0.6007623,0.45621285,0.29467848,0.74218214,0.6522925,0.6538444,0.1306125,0.74887824,0.58822834,0.74885195,0.039054807,0.7715573,0.49316025,0.7628218,0.28890097,Stable
0.3446096,0.4861562,0.4996313,0.5971361,0.46308646,0.28994042,0.7376754,0.6374064,0.6573366,0.12889734,0.7508997,0.5950345,0.7504053,0.038018852,0.7729261,0.50217426,0.76828974,0.2831434,Stable
0.3412642,0.4778595,0.49403685,0.58545053,0.46343225,0.28539175,0.73517674,0.63493365,0.65299034,0.12710638,0.7522348,0.60061556,0.74386775,0.044514,0.77018166,0.49088866,0.7648606,0.2836574,Stable
0.3373303,0.47652435,0.49281833,0.58272207,0.463709,0.2806973,0.72230333,0.63024366,0.65440744,0.12774712,0.7527536,0.5951833,0.74740756,0.039475206,0.76989686,0.48841888,0.7664186,0.28187123,Stable
0.34060442,0.4714899,0.4899939,0.5813782,0.46285743,0.2785292,0.7044059,0.62737745,0.651605,0.12446846,0.75147575,0.59838855,0.74877894,0.047721483,0.7702128,0.48884195,0.769195,0.28145337,Stable
0.3406189,0.47142205,0.48996156,0.5813653,0.46286434,0.27855325,0.7044476,0.6272944,0.6515939,0.124451004,0.75152767,0.5984601,0.74879545,0.047823295,0.77027076,0.48877534,0.7692311,0.2813014,Stable
0.33978495,0.4625327,0.49512947,0.57415116,0.46657556,0.2751553,0.71212494,0.61503136,0.6482619,0.12810767,0.7496817,0.5945184,0.74449766,0.043988556,0.77101696,0.4945186,0.7696506,0.28021753,Stable
0.33935738,0.4566165,0.4944962,0.56652236,0.46941972,0.2700712,0.7257616,0.61245143,0.6531869,0.11945825,0.74900484,0.5885258,0.75350255,0.049071487,0.7706262,0.4877081,0.7701337,0.26947716,Stable
0.3489656,0.4452178,0.4955816,0.5664574,0.47327787,0.27055544,0.7137923,0.6106422,0.65017843,0.12232326,0.74570954,0.587252,0.75428313,0.044954207,0.7749705,0.48906562,0.77143663,0.27645442,Stable
0.34462118,0.4484412,0.49207336,0.5635804,0.4732077,0.26725134,0.6984815,0.62166214,0.64962953,0.12510799,0.7469748,0.59435606,0.7521429,0.047236152,0.76973736,0.49043915,0.7676066,0.2775329,Stable
0.34469914,0.4484423,0.49198195,0.56353843,0.4732283,0.26720038,0.6984858,0.621825,0.64962745,0.12519734,0.74690795,0.5944637,0.75213003,0.047182914,0.7698247,0.49042362,0.769112,0.27166945,Stable
0.34051973,0.44457924,0.48989412,0.5680075,0.47618765,0.2621714,0.72180283,0.6102279,0.66151214,0.10618808,0.74822253,0.58374083,0.74873865,0.04369603,0.776934,0.49181613,0.7757772,0.26573876,Stable
0.34025595,0.44200116,0.4918773,0.5688058,0.4749236,0.25938046,0.73176515,0.6150652,0.66764045,0.091735296,0.7492887,0.59220815,0.75673884,0.040076595,0.77788657,0.49224478,0.7764609,0.26653525,Stable
0.34170815,0.44135177,0.48915446,0.56297857,0.47262424,0.2624153,0.7082197,0.6122385,0.6610035,0.104259714,0.7480108,0.588251,0.74696434,0.05098536,0.7765853,0.48888916,0.7762007,0.26411307,Stable
0.34290856,0.4409387,0.49021244,0.56511295,0.4761443,0.2606662,0.697915,0.61760706,0.65507805,0.11275305,0.7511718,0.58727884,0.74824136,0.051218152,0.7733762,0.4873104,0.77423334,0.26465377,Stable
0.34286305,0.44103718,0.49017724,0.5651778,0.476047,0.26046747,0.69811857,0.61763126,0.6553808,0.11260019,0.7512256,0.58741045,0.74830663,0.05117699,0.773313,0.4873217,0.7741789,0.26451275,Stable
0.34258354,0.4377739,0.48906928,0.56022716,0.47782123,0.25598538,0.69562906,0.60978454,0.6566727,0.11182849,0.7491827,0.59134126,0.74193805,0.04602024,0.7769307,0.47985277,0.7787657,0.25532973,Stable
0.34356496,0.4367289,0.4902495,0.55827737,0.48161718,0.25354582,0.7035028,0.6093826,0.65691113,0.11238015,0.7492807,0.5868739,0.7532119,0.04439981,0.77983445,0.48296055,0.7809445,0.25847116,Stable
0.3449902,0.43239745,0.48901233,0.5562794,0.48229,0.25710738,0.6967327,0.61235654,0.6540313,0.116206765,0.7504791,0.59015197,0.74566555,0.04946445,0.7772591,0.48437083,0.7787759,0.26172867,Stable
0.34739125,0.43482786,0.49031326,0.5597513,0.48577175,0.2563537,0.6935525,0.61716914,0.6516309,0.120061,0.74539155,0.5952169,0.7520063,0.047797076,0.7768295,0.48392886,0.77752435,0.26351666,Stable
0.34734556,0.43476385,0.49033648,0.559749,0.485848,0.25619042,0.69340503,0.6171937,0.6520448,0.11992349,0.74543214,0.5951465,0.7522363,0.047699507,0.77685475,0.4839803,0.777562,0.26346585,Stable
0.34559977,0.43473062,0.4895397,0.5642369,0.4787489,0.26027417,0.6952812,0.6206629,0.6523313,0.121507674,0.75223464,0.59206855,0.755324,0.050044443,0.77854407,0.4882835,0.77806515,0.2661373,Stable
0.34324712,0.4374463,0.48861015,0.5660869,0.47721642,0.2675451,0.6919719,0.6180245,0.65500945,0.124666035,0.750422,0.5913907,0.7581963,0.049126193,0.77994156,0.48631835,0.77944946,0.2658096,Stable
0.34507737,0.44018742,0.4882791,0.565926,0.47450972,0.26549643,0.6870088,0.61571586,0.6519177,0.13602059,0.74928606,0.5915441,0.752455,0.05232823,0.7751302,0.48786783,0.776251,0.2678332,Stable
0.3490344,0.43935722,0.48704517,0.57157075,0.4740404,0.27501452,0.69959605,0.6209384,0.6521808,0.1386175,0.749581,0.5918937,0.7557489,0.048470482,0.76719534,0.48918042,0.7627632,0.27306792,Stable
0.34971374,0.43920016,0.48702344,0.5715204,0.47389627,0.2752149,0.6996624,0.62088853,0.65163064,0.13920385,0.74948657,0.59195125,0.7552812,0.04887774,0.7669258,0.48901665,0.76239955,0.2730431,Stable
0.34874338,0.4437568,0.4890328,0.5766687,0.4706603,0.28221762,0.69317406,0.6222998,0.6553993,0.13786057,0.7497145,0.5977524,0.75410235,0.04983332,0.7653861,0.4955667,0.7618348,0.28523487,Stable
0.34625468,0.4470491,0.49174964,0.58244437,0.47113675,0.28888267,0.70893705,0.6317209,0.6479,0.14728232,0.74911237,0.5886309,0.75236917,0.050291568,0.7763998,0.49386057,0.7697638,0.2863702,Stable
0.34554204,0.44599602,0.49695396,0.58220506,0.47235548,0.2861554,0.71960515,0.62619174,0.6487716,0.14385979,0.7485942,0.59750915,0.75126755,0.06150266,0.77712405,0.4930274,0.7734022,0.28205094,Stable
0.3438389,0.4461894,0.4898262,0.5848727,0.47413355,0.2843941,0.724338,0.6369854,0.65000576,0.13874033,0.75067323,0.5875567,0.7549057,0.04401605,0.7780277,0.4930583,0.77327585,0.28231755,Stable
0.34384522,0.4461062,0.48989034,0.5848618,0.47415897,0.28443202,0.7243235,0.63697565,0.6497992,0.13863304,0.75071156,0.58751184,0.7546689,0.044074893,0.77813685,0.49296927,0.7733617,0.2821955,Stable
0.34303924,0.44547266,0.49155593,0.59074694,0.47448894,0.2845502,0.72550046,0.6408665,0.6507805,0.13690197,0.75146186,0.58831424,0.7595658,0.04534714,0.77746487,0.50413823,0.77569026,0.2842046,Stable
0.3418998,0.4471283,0.49257874,0.58762693,0.47618818,0.28588757,0.7202839,0.64182967,0.65459895,0.13674936,0.74941725,0.5997448,0.76145446,0.05929961,0.77893823,0.49204397,0.77522826,0.2828119,Stable
0.34163484,0.44897097,0.4933363,0.58856565,0.47928256,0.28522936,0.7224507,0.64559644,0.66319424,0.14418106,0.7519891,0.60091525,0.761302,0.047539808,0.77870834,0.4906902,0.77610767,0.28347775,Stable
0.34391627,0.44915164,0.49650782,0.5920794,0.4791435,0.28225797,0.7273445,0.6449742,0.66120255,0.14067867,0.7526562,0.5988873,0.76018924,0.04624943,0.77655756,0.50198185,0.77189267,0.28550526,Stable
0.34395063,0.44915998,0.49658006,0.5920303,0.47913048,0.28229877,0.7274922,0.6449064,0.66102815,0.14082313,0.7526629,0.59921515,0.76013386,0.046317782,0.7766417,0.5019329,0.7719742,0.28553116,Stable
0.34524733,0.44759876,0.500947,0.5911783,0.4773731,0.2835379,0.72622657,0.6427083,0.6633136,0.1388973,0.7505187,0.5872233,0.7607095,0.039295256,0.77640074,0.49995488,0.77031875,0.28415006,Stable
0.34551165,0.44709235,0.50006616,0.5884373,0.48172218,0.284004,0.7271728,0.63689774,0.6671533,0.13447708,0.7541964,0.5932346,0.76278365,0.043625414,0.78380847,0.49384785,0.7776916,0.28150308,Stable
0.34686393,0.4470997,0.4945563,0.5904187,0.4817911,0.28541857,0.7228787,0.64375806,0.6614904,0.14415093,0.7498903,0.6020032,0.7620549,0.04836167,0.78031445,0.5069045,0.77587986,0.2890416,Stable
0.3483529,0.44833216,0.49691033,0.5938597,0.4830314,0.2871313,0.7249837,0.64423084,0.6669616,0.14907186,0.75517696,0.6016501,0.76316166,0.048693098,0.78016824,0.5079589,0.7730454,0.29158598,Stable
0.34827143,0.44843885,0.49698544,0.5939325,0.48300362,0.28709325,0.72521585,0.6440105,0.6669376,0.14920342,0.75522566,0.601867,0.7632269,0.04859717,0.78020114,0.507916,0.7731137,0.29156443,Stable
0.3471673,0.4506887,0.4916041,0.59577566,0.48872733,0.29102844,0.7277756,0.6535888,0.67056787,0.15320525,0.74918,0.59965086,0.7624845,0.0648846,0.78317595,0.5121529,0.77856153,0.29239884,Stable
0.34876952,0.45052642,0.4943714,0.596593,0.48628026,0.29104435,0.7316949,0.65484184,0.67169094,0.15288305,0.74920213,0.59852684,0.76121104,0.06681645,0.7839403,0.5149262,0.7786605,0.29540294,Stable
0.34777936,0.44733787,0.4948122,0.5984024,0.4817807,0.2900566,0.73070717,0.6503763,0.6747472,0.15068917,0.74849045,0.5965499,0.7663933,0.051307376,0.7825884,0.5145771,0.7745478,0.29377556,Stable
0.35151076,0.44716784,0.5015149,0.59533507,0.48603296,0.29221284,0.72722614,0.64791054,0.67229605,0.1536043,0.74775445,0.60988563,0.76504827,0.06599266,0.7813892,0.5138924,0.77785254,0.294465,Stable
0.35138577,0.4471912,0.5015218,0.59542316,0.48599553,0.29248852,0.7278964,0.6479465,0.6720903,0.15386797,0.747298,0.60969627,0.7649627,0.06627188,0.78132427,0.51394707,0.7778405,0.2946418,Stable
0.35169607,0.45058274,0.4992144,0.5973329,0.48307252,0.2967199,0.7350235,0.6537523,0.66859925,0.16251639,0.749604,0.60414433,0.7619738,0.071567774,0.775843,0.51660585,0.7709974,0.30406177,Stable
0.35652536,0.45611036,0.5073627,0.5984608,0.48662126,0.30018556,0.7316832,0.6511477,0.6699915,0.16897252,0.758762,0.60398054,0.76075923,0.0889373,0.78409135,0.5278743,0.77790993,0.3105784,Stable
0.35969004,0.4592869,0.50687146,0.5973914,0.48440474,0.30573526,0.72103155,0.6507132,0.6652465,0.17427795,0.7489532,0.6159215,0.7561595,0.10836397,0.7784168,0.5295705,0.77034676,0.3152206,Stable
0.3568235,0.45725828,0.5067733,0.598457,0.48485833,0.30527753,0.7217525,0.65518296,0.6669555,0.17327695,0.749176,0.61507785,0.75668997,0.10853042,0.7790885,0.5179047,0.7734136,0.3099202,Stable
0.35688043,0.457226,0.50689465,0.5984992,0.4848536,0.30521977,0.7220433,0.65518886,0.66714513,0.17314517,0.7487592,0.61484563,0.75677705,0.10845418,0.77921367,0.5178784,0.77347267,0.30982018,Stable
0.35560307,0.4600658,0.5078653,0.60190433,0.48586923,0.30766776,0.72751284,0.6585889,0.66807425,0.18017763,0.7537257,0.61560345,0.7608072,0.0982929,0.7786121,0.5306454,0.77290714,0.31892774,Stable
0.35400268,0.4680755,0.50493526,0.6052542,0.48496258,0.31053516,0.71795845,0.6594605,0.6671157,0.18648878,0.75218505,0.6157443,0.7583444,0.114268266,0.77922225,0.53363895,0.7754556,0.3195772,Stable
0.35743424,0.46759045,0.5013059,0.610126,0.48176455,0.31502128,0.73065495,0.6635105,0.65817726,0.20106481,0.7500906,0.6174762,0.75276613,0.120035484,0.77802265,0.53715086,0.77486795,0.32356048,Stable
0.35738498,0.4675367,0.5011045,0.6101333,0.48183295,0.31498647,0.72973204,0.6636147,0.65818113,0.20099288,0.75032294,0.61919874,0.7526409,0.12015183,0.77789754,0.53727734,0.77478516,0.3238298,Stable
0.35588402,0.46940523,0.5020124,0.6094866,0.48097008,0.3154604,0.73773336,0.66540694,0.65564,0.20493147,0.7522134,0.61289907,0.7509331,0.1252841,0.7801451,0.53398335,0.7757039,0.3220674,Stable
0.35509902,0.47079778,0.5046431,0.61401236,0.48049575,0.31696284,0.738075,0.6683837,0.65573853,0.20258777,0.7508049,0.60874116,0.74772733,0.12535776,0.7780615,0.5338165,0.77277225,0.32230088,Stable
0.3550814,0.47220832,0.5060196,0.618019,0.48004016,0.3160298,0.7398095,0.67049235,0.65963846,0.215103,0.75088185,0.6135319,0.7516022,0.124370694,0.7749612,0.5347161,0.7716028,0.32251555,Stable
0.3570591,0.47286135,0.49996716,0.61781216,0.48110646,0.3192309,0.72399414,0.6763891,0.6596819,0.21633427,0.7491507,0.6245158,0.7510115,0.1311126,0.77526945,0.53838575,0.77264494,0.32458192,Stable
0.35703295,0.47291708,0.49993083,0.61770463,0.48103297,0.31911248,0.7240705,0.67642516,0.6598772,0.21639818,0.74908966,0.62452555,0.75120586,0.13103016,0.77516925,0.5383049,0.7724957,0.32450885,Stable
0.35322723,0.48047385,0.50057304,0.6186639,0.48181432,0.3240245,0.72214025,0.6773891,0.6619383,0.22076583,0.7575458,0.63507515,0.760571,0.12808934,0.7771977,0.5518953,0.7750082,0.3346381,Stable
0.35253665,0.48283947,0.50367427,0.6217715,0.48109186,0.3247978,0.7335721,0.6789944,0.6662965,0.21957186,0.75592417,0.62191844,0.75303143,0.13597952,0.7747695,0.5487831,0.7705791,0.3296999,Stable
0.3520335,0.48143154,0.50473386,0.62390786,0.48235166,0.32226774,0.7368772,0.6792271,0.6649803,0.21580261,0.7547549,0.62053347,0.75653857,0.13930258,0.77291536,0.55409265,0.7712788,0.32946974,Stable
0.35208082,0.48307627,0.5054311,0.6260164,0.47962517,0.326071,0.7387125,0.6798684,0.66689825,0.21824549,0.7467456,0.6254391,0.756636,0.13427918,0.77369905,0.556175,0.77168435,0.33753237,Stable
0.35208052,0.48309213,0.50545573,0.6260961,0.47962338,0.3261627,0.73882186,0.6799189,0.6666192,0.21824537,0.7467191,0.62540084,0.7564986,0.1342248,0.77369255,0.55623746,0.77164453,0.3375369,Stable
0.35100043,0.48166072,0.5042137,0.63205504,0.48500234,0.33023646,0.74041766,0.6893841,0.6637747,0.21910068,0.7452191,0.6350068,0.75895405,0.1389191,0.7751398,0.5584453,0.77077097,0.34123427,Stable
0.35022318,0.48606583,0.5113522,0.6385268,0.48266706,0.33216774,0.74502563,0.69069856,0.66853404,0.22089285,0.7425734,0.63853717,0.75867045,0.13739932,0.7769635,0.56179786,0.77259463,0.33273306,Stable
0.34893367,0.48503155,0.51235837,0.6382222,0.48564273,0.3290826,0.7491298,0.690928,0.67362785,0.21369869,0.74277043,0.6399343,0.76108646,0.13601714,0.777051,0.5611305,0.7739397,0.34104723,Stable
0.34735155,0.4804486,0.5038941,0.6318645,0.48640534,0.3323592,0.7371404,0.68322015,0.6764966,0.21543162,0.74864423,0.6354774,0.7569442,0.14078847,0.77816844,0.56487894,0.772467,0.34306812,Stable
0.34725106,0.48037922,0.50436157,0.6322187,0.48634887,0.33225816,0.7375244,0.6832408,0.676471,0.21542725,0.74832654,0.63521075,0.75701654,0.14063308,0.7782144,0.5647267,0.77240443,0.3428911,Stable
0.3468961,0.4812147,0.50025123,0.6295647,0.48114574,0.3322098,0.7369825,0.6819236,0.6698352,0.22236666,0.7466473,0.6466714,0.75704837,0.14964166,0.77962065,0.55680424,0.7735586,0.3409549,Stable
0.34444785,0.48239726,0.50101614,0.63882643,0.48725766,0.33405077,0.7373593,0.68832994,0.6759946,0.21985298,0.7488591,0.63972443,0.75824255,0.15322137,0.77726287,0.5708869,0.7759119,0.3434144,Stable
0.34424525,0.4805668,0.49349368,0.6327795,0.48097715,0.33569175,0.7247216,0.6886167,0.6716881,0.22948003,0.7516505,0.65109086,0.7509057,0.1579797,0.7770885,0.5732763,0.7732174,0.34616566,Stable
0.34573185,0.48024115,0.49151534,0.6332873,0.47782502,0.3362752,0.7128777,0.68373793,0.66261744,0.23471364,0.75719607,0.6546656,0.7344321,0.18113121,0.77568024,0.5663429,0.77110577,0.34233528,Stable
0.34566486,0.4800818,0.49149638,0.63335085,0.47792095,0.3361528,0.71289504,0.6837504,0.66284823,0.23466806,0.7571862,0.6545453,0.7344903,0.18135893,0.7757009,0.5662141,0.77120304,0.34231123,Stable
0.34351605,0.48089764,0.4954161,0.6365851,0.48006666,0.3384101,0.72581947,0.69263434,0.67214465,0.22859403,0.749648,0.65552443,0.7548374,0.16134056,0.7789416,0.5740923,0.7724,0.34713113,Stable
0.34698293,0.48329824,0.49839777,0.6410424,0.48373824,0.34111726,0.73134625,0.7003061,0.67343533,0.23102546,0.7529309,0.6603983,0.74342126,0.1837501,0.77899426,0.5788513,0.77128863,0.35437924,Stable
0.35062253,0.48614782,0.49633533,0.64402175,0.48541543,0.3475251,0.7324101,0.70570457,0.6732513,0.23825592,0.74681014,0.66971725,0.7465509,0.17613176,0.7778058,0.59808415,0.77442217,0.36408648,Stable
0.35339528,0.48751503,0.49340641,0.64617264,0.48915344,0.34552094,0.71992135,0.7003846,0.6674513,0.24326327,0.74550176,0.6644077,0.7434379,0.19121793,0.7728874,0.5975517,0.7701682,0.36331806,Stable
0.35233244,0.48792684,0.49338073,0.6462554,0.48907453,0.34582537,0.71988976,0.7004535,0.6675607,0.24357681,0.7454457,0.6643496,0.74338424,0.19121417,0.7727542,0.59755313,0.7700848,0.36351928,Stable
0.35767755,0.48819572,0.49318874,0.647182,0.4850373,0.35096154,0.7195965,0.70980954,0.6656882,0.23950389,0.75313044,0.6703515,0.7425293,0.19522636,0.77200764,0.5963855,0.7667491,0.36422014,Stable
0.3570664,0.4866748,0.4970916,0.64958453,0.47972775,0.35873854,0.7192837,0.7047442,0.655567,0.25292945,0.75243914,0.672896,0.73923457,0.20361885,0.7743458,0.5857973,0.7669751,0.36524928,Stable
0.35566947,0.49360555,0.5023051,0.65265346,0.48404118,0.3582017,0.7340924,0.70534337,0.66318667,0.24762759,0.7522243,0.66377443,0.7396846,0.19418752,0.77504313,0.5951657,0.76826024,0.36556062,Stable
0.35279858,0.4946434,0.5007739,0.6561252,0.4812623,0.3583282,0.7324308,0.705435,0.66722894,0.24211162,0.7541137,0.66410315,0.743868,0.19239074,0.7747759,0.5925599,0.7665464,0.36511242,Stable
0.35279226,0.49471313,0.50077355,0.6561028,0.48128647,0.35830635,0.73231816,0.7055899,0.66721314,0.241949,0.7541102,0.6642325,0.74358743,0.19244644,0.7746427,0.5927746,0.7663855,0.3652522,Stable
0.35257393,0.49512476,0.49620575,0.65415514,0.48049772,0.35948262,0.7216558,0.71167296,0.66079843,0.24962133,0.7535686,0.6730799,0.7471894,0.19144464,0.7761802,0.5956638,0.77026474,0.37108693,Stable
0.35165438,0.49458277,0.49653718,0.6540726,0.48163983,0.35648763,0.7136365,0.710768,0.6626507,0.24975364,0.75232625,0.67061234,0.7417016,0.19490385,0.77281797,0.5956011,0.7668791,0.36372375,Stable
0.35239357,0.49343395,0.49554753,0.6536955,0.47913247,0.35941154,0.7072808,0.7114484,0.6587495,0.25131842,0.75272036,0.6711451,0.74342096,0.19522129,0.77542186,0.5989237,0.76852524,0.36979425,Stable
0.35211712,0.49615204,0.4962926,0.6518048,0.4863442,0.35957026,0.7184698,0.70517504,0.662219,0.25109935,0.7529797,0.6688963,0.7469415,0.19353685,0.7769715,0.59638345,0.76860756,0.3661866,Stable
0.35204327,0.496329,0.4963041,0.6517548,0.48642915,0.35958302,0.7181382,0.7052387,0.6624368,0.25090364,0.75229,0.67540264,0.7468517,0.19396803,0.77705204,0.59639406,0.7686956,0.36622483,Stable
0.35273123,0.49672613,0.49848506,0.6583895,0.4845733,0.3621435,0.710713,0.71263266,0.6713867,0.2463544,0.75674164,0.69723696,0.7522553,0.19438678,0.7779627,0.59852093,0.77323985,0.37541652,Stable
0.35216278,0.49777195,0.4944929,0.6588725,0.48455274,0.36568555,0.71489114,0.72062486,0.6575131,0.25576174,0.75528073,0.68571234,0.7509202,0.20033358,0.77599066,0.59707594,0.771894,0.3780031,Stable
0.35046375,0.49990553,0.4950626,0.66055363,0.48512346,0.36709827,0.7181093,0.7227356,0.66176635,0.25379568,0.7541351,0.6797168,0.7492282,0.2001023,0.78068185,0.59260345,0.7722456,0.37294123,Stable
0.34776935,0.49831423,0.4945594,0.66005737,0.4829749,0.36729857,0.71766543,0.7257856,0.6649619,0.25130937,0.75530666,0.6774799,0.7490803,0.196269,0.7810459,0.59437346,0.77398986,0.37507647,Stable
0.34790564,0.49842525,0.49456406,0.6601009,0.48299894,0.367212,0.71746993,0.7256817,0.6649923,0.25136697,0.7555429,0.67748976,0.7490732,0.1962238,0.78086346,0.5943547,0.7738644,0.3751313,Stable
0.34822938,0.49937975,0.4923573,0.65886796,0.48778337,0.3699919,0.7195584,0.73604196,0.6724582,0.24813548,0.7530869,0.6732758,0.74928856,0.19584739,0.78165644,0.59015393,0.77372587,0.37575167,Stable
0.34787425,0.50473833,0.49234793,0.6615312,0.48561382,0.36604983,0.72129864,0.73392886,0.6766429,0.24864352,0.7565893,0.67986196,0.75229704,0.19260886,0.77911305,0.5923872,0.7713182,0.37518787,Stable
0.34817836,0.5076556,0.49355924,0.66411513,0.4844759,0.36655545,0.7311353,0.732949,0.6743138,0.24701527,0.75185156,0.68533343,0.7544663,0.19199952,0.7861787,0.59556377,0.7753798,0.3688696,Stable
0.34644875,0.5069686,0.49294338,0.6640447,0.4776253,0.36195597,0.7263218,0.7303941,0.6680829,0.24882403,0.75520265,0.6943438,0.74790066,0.19761544,0.78294325,0.59444153,0.7720239,0.364581,Stable
0.3465776,0.50676286,0.4928926,0.663983,0.4778249,0.36193356,0.72580117,0.73013496,0.66799396,0.24880546,0.7552812,0.6858504,0.74809766,0.19727403,0.7826995,0.5942371,0.7717284,0.36424547,Stable
0.34736153,0.50769275,0.49256414,0.66246593,0.4771263,0.36308938,0.7281009,0.73425615,0.66434646,0.24898672,0.7571928,0.6781584,0.74982035,0.19357136,0.778522,0.59315956,0.76868224,0.36353812,Stable
0.3471539,0.5054523,0.4938365,0.66182715,0.47999153,0.3624639,0.72270334,0.73163956,0.6635364,0.25060463,0.7534284,0.68372834,0.74540806,0.19442509,0.78359,0.59094733,0.77127504,0.36120534,Stable
0.3477386,0.50232,0.4954339,0.66254044,0.48248148,0.36393428,0.7209978,0.72962135,0.66238284,0.24910805,0.75460243,0.6836676,0.7430376,0.19579355,0.7843965,0.5884931,0.7717187,0.3580103,Stable
0.3468479,0.49936327,0.49398717,0.65858775,0.48319945,0.35855564,0.71707815,0.7230832,0.65928876,0.25158924,0.75578785,0.6732155,0.7467743,0.19388682,0.780168,0.5843883,0.76962674,0.35981974,Stable
0.34545955,0.49777362,0.49392503,0.65854985,0.4832005,0.35858083,0.71690285,0.7231254,0.65902036,0.25176007,0.7560956,0.67332983,0.74661654,0.19421539,0.7801093,0.58453596,0.7697425,0.35994372,Stable
0.34822866,0.49022245,0.49358878,0.65428615,0.4789515,0.35771555,0.71732664,0.7304582,0.6564282,0.25277376,0.75176644,0.67591304,0.74264926,0.19797012,0.77565926,0.5848007,0.7660786,0.35888678,Stable
0.35014445,0.49079853,0.4947188,0.6545189,0.47473162,0.3595389,0.7067747,0.7111711,0.6468653,0.2559201,0.7498143,0.6904098,0.73977345,0.20035586,0.77332747,0.5844177,0.76394117,0.35824478,Stable
0.35094035,0.48865432,0.495672,0.6536053,0.47911963,0.35782835,0.7084615,0.7151744,0.6553191,0.25266793,0.7556888,0.6959778,0.7446539,0.19779521,0.7740593,0.5925279,0.7665895,0.36243004,Stable
0.35342795,0.4876321,0.4942242,0.6503888,0.481793,0.35531422,0.71655476,0.71655655,0.6645299,0.24587777,0.75408363,0.68121743,0.7441052,0.19663486,0.7773173,0.5850834,0.7685518,0.35980475,Stable
0.35340723,0.48767516,0.49418998,0.65043616,0.48176846,0.35537502,0.7163826,0.71657336,0.6643534,0.24600792,0.75383204,0.68075,0.74403334,0.1967194,0.7771973,0.5851368,0.76846457,0.3598889,Stable
0.35734302,0.48627633,0.49032408,0.6499138,0.48062012,0.35457072,0.7130648,0.713699,0.6642318,0.24189448,0.75494665,0.686083,0.74204886,0.19994304,0.776795,0.58400303,0.7681451,0.36032555,Stable
0.35795674,0.4860805,0.49267417,0.6464189,0.4814126,0.35694274,0.716459,0.7130052,0.6659748,0.24255693,0.75571173,0.6962749,0.74658155,0.20040993,0.7775322,0.58302724,0.7688719,0.36141843,Stable
0.3578362,0.48552036,0.49057746,0.6450624,0.4771436,0.35589513,0.7053133,0.711504,0.6652332,0.24967542,0.7565207,0.70068616,0.74896306,0.19798283,0.7721994,0.59206504,0.7653489,0.36049315,Stable
0.35624367,0.48700497,0.49050462,0.647602,0.47780144,0.35629675,0.7060384,0.71281236,0.65546024,0.2544088,0.7549717,0.70177406,0.74793065,0.20096645,0.77280235,0.5939256,0.76614153,0.3621888,Stable
0.35623157,0.4870089,0.49045366,0.6476203,0.4778422,0.35627216,0.7060492,0.712861,0.65568614,0.2543962,0.7549817,0.70171714,0.747985,0.20094149,0.7728745,0.59399915,0.7661468,0.36208627,Stable
0.35653466,0.48693436,0.49146068,0.6489733,0.4785897,0.3561376,0.71971905,0.70931304,0.6526897,0.25481004,0.7501322,0.69055,0.74454844,0.20497465,0.77333736,0.5846663,0.76384014,0.35899937,Stable
0.3583266,0.486306,0.49196875,0.64913315,0.47942185,0.35470974,0.7181396,0.7135303,0.6602448,0.2513792,0.75165415,0.68586254,0.7469835,0.20054704,0.7758148,0.58038366,0.76581305,0.35862538,Stable
0.35749847,0.48748025,0.49333882,0.64672893,0.479953,0.35533905,0.7199368,0.71320784,0.6662287,0.24828014,0.75317377,0.68494666,0.74887127,0.20027453,0.77830005,0.5786891,0.7690072,0.35972902,Stable
0.35996088,0.48777208,0.49354228,0.6488193,0.4792766,0.3581044,0.720376,0.71210635,0.6589497,0.25417313,0.74985456,0.68706244,0.74243164,0.2123228,0.77392143,0.57753026,0.76406133,0.35932717,Stable
0.3599729,0.48781452,0.4934783,0.6488171,0.47926915,0.35809904,0.7199967,0.7122966,0.6590963,0.25416183,0.7498584,0.6876689,0.7424861,0.21235065,0.7738848,0.5776718,0.7640835,0.3593933,Stable
0.36412787,0.48670444,0.49725467,0.6459951,0.47947976,0.3596011,0.72056574,0.71348286,0.66442245,0.25297058,0.7514319,0.6796488,0.7496266,0.20525281,0.7781462,0.5795672,0.768005,0.36231154,Stable
0.3638708,0.48697755,0.4960705,0.64119434,0.48183984,0.3532961,0.7127068,0.7023503,0.6677718,0.24999186,0.7522094,0.6751944,0.74596167,0.20246701,0.77826166,0.5817942,0.76934046,0.36149812,Stable
0.36140928,0.4842021,0.49579477,0.63774407,0.4839624,0.35118407,0.70267296,0.70268893,0.66303843,0.2501155,0.7519352,0.6736614,0.74923253,0.20073663,0.7767653,0.5802525,0.76777077,0.36090374,Stable
0.36394072,0.48683307,0.49419594,0.6397159,0.48200807,0.3539445,0.704013,0.7051449,0.6542722,0.25736648,0.75081056,0.6837884,0.7424683,0.21523689,0.776162,0.58067167,0.76765716,0.362499,Stable
0.36389908,0.48687658,0.49422294,0.63966763,0.4819443,0.35391542,0.7041311,0.70531774,0.654264,0.25740317,0.7508038,0.6837794,0.742418,0.21511495,0.7762587,0.58085287,0.7677097,0.36256355,Stable
0.3687124,0.4871486,0.4988873,0.64245033,0.48271686,0.360619,0.70625895,0.7044017,0.6634128,0.25706878,0.7528235,0.69069934,0.7437829,0.21471465,0.780271,0.578624,0.7731198,0.3645651,Stable
0.36929482,0.49074012,0.4979797,0.6428317,0.480291,0.36230168,0.7199344,0.7114133,0.6701282,0.25406727,0.7570071,0.6777837,0.7561693,0.20748717,0.7804488,0.5899508,0.7731563,0.3739969,Stable
0.36897278,0.4907946,0.501428,0.6444777,0.4841977,0.36323577,0.7177354,0.71038574,0.6615245,0.25493902,0.75375867,0.67495793,0.751052,0.21035157,0.77913564,0.5750239,0.7708019,0.36300015,Stable
0.37155396,0.49260277,0.5014355,0.6454066,0.4867667,0.367375,0.7145579,0.71509373,0.6558641,0.2580048,0.7480692,0.6877336,0.7476287,0.2199487,0.7825403,0.5796947,0.77313393,0.36568367,Stable
0.37165463,0.49251735,0.5013367,0.64530766,0.48675022,0.3675195,0.7140266,0.7151799,0.655932,0.25806198,0.7482306,0.6878583,0.7480869,0.2202613,0.7824137,0.57963943,0.7730398,0.36573076,Stable
0.37636763,0.4947343,0.50235415,0.6510185,0.48839626,0.36747143,0.71123123,0.71590894,0.6627489,0.25981718,0.750539,0.6899078,0.748397,0.21157484,0.7819395,0.5830796,0.77385443,0.3678646,Stable
0.3748172,0.5005128,0.4999994,0.65298814,0.48523542,0.3713016,0.7292756,0.7315146,0.67475796,0.2582687,0.75325865,0.68350387,0.75676054,0.21139365,0.77969575,0.5763743,0.7718612,0.36663005,Stable
0.37378067,0.50234854,0.5004683,0.65626377,0.48595962,0.37314805,0.72574323,0.7294905,0.66626334,0.26617998,0.74688196,0.68481195,0.7520055,0.21036856,0.7795725,0.5780922,0.770254,0.36714387,Stable
0.37253755,0.5037579,0.5032467,0.6549343,0.49072087,0.3743194,0.726787,0.7351724,0.6699929,0.27031505,0.747951,0.68739074,0.75860405,0.21018583,0.7817067,0.587309,0.77483785,0.37676764,Stable
0.37247297,0.50370526,0.5032783,0.6548178,0.49078867,0.37432158,0.7266891,0.735243,0.6698815,0.27036783,0.7479969,0.6874022,0.75878465,0.21012875,0.7817143,0.5872289,0.77487075,0.3766553,Stable
0.3724668,0.5044362,0.50147325,0.65490854,0.49377176,0.37544984,0.71096015,0.7288426,0.67409873,0.2731253,0.75128907,0.6945263,0.7573459,0.21150574,0.78352255,0.5873302,0.7755317,0.37818104,Stable
0.37278754,0.5044979,0.50265765,0.65687656,0.4934944,0.37641782,0.72472036,0.73838556,0.6793872,0.2688794,0.75938654,0.67302334,0.75969636,0.22479162,0.7908205,0.59035987,0.78348935,0.3803804,Stable
0.3716637,0.5020659,0.50260556,0.6571839,0.4909625,0.3746097,0.7286746,0.7357807,0.68114865,0.26953983,0.7521571,0.6852704,0.7576436,0.22758967,0.7861266,0.58699274,0.7794191,0.37836826,Stable
0.37167,0.5010176,0.5012756,0.6570353,0.49295875,0.37508976,0.72908854,0.73669356,0.6829261,0.27190235,0.75071967,0.68743205,0.7620435,0.22654799,0.7851579,0.58859885,0.7782693,0.37868747,Stable
0.3716216,0.50097126,0.50124586,0.6570639,0.4929032,0.3751607,0.72925246,0.73664916,0.68264353,0.27218592,0.7507677,0.6874528,0.76200265,0.22662249,0.78494185,0.58853,0.77805305,0.3787795,Stable
0.37190384,0.49818143,0.49957985,0.65710586,0.49284872,0.37825698,0.72309744,0.7374182,0.685398,0.27071083,0.7520051,0.69066954,0.76254123,0.22764109,0.78398275,0.5895098,0.77580136,0.3794033,Stable
0.37491068,0.49538392,0.5004952,0.6570508,0.49395522,0.38044786,0.7176378,0.7331933,0.68419397,0.27569088,0.7498605,0.6948842,0.7637338,0.2266129,0.78507936,0.5896998,0.7761842,0.37799925,Stable
0.37285256,0.49193344,0.50028914,0.6538192,0.49484634,0.3751499,0.72603697,0.73540866,0.686433,0.27410093,0.75512624,0.6827234,0.7639913,0.2267203,0.78446627,0.5863071,0.7763728,0.37959117,Stable
0.3761576,0.48767745,0.49780035,0.65520954,0.49546087,0.37424833,0.7242526,0.7378141,0.6925473,0.2717477,0.7485971,0.68142736,0.7631785,0.2281375,0.7858867,0.59296906,0.7782003,0.383727,Stable
0.37622702,0.48764074,0.49769735,0.65512705,0.49548417,0.37428162,0.72419566,0.7380521,0.6924729,0.27162257,0.74862146,0.68139523,0.7631991,0.22808325,0.78593844,0.5929675,0.7782979,0.3838809,Stable
0.37572774,0.4882065,0.49824536,0.6568515,0.49606848,0.37360197,0.7274014,0.74233645,0.7005327,0.2703601,0.7528496,0.683802,0.7647978,0.23025028,0.7871677,0.5908358,0.78135085,0.38167283,Stable
0.37368876,0.48855624,0.4949785,0.65792084,0.49515694,0.3719799,0.72422594,0.74375004,0.68132704,0.28973052,0.7497324,0.6895772,0.7579651,0.24270308,0.7855973,0.596526,0.7825615,0.38315535,Stable
0.37170872,0.48921427,0.49234793,0.65931755,0.49529192,0.3733613,0.7244999,0.741483,0.69767153,0.27732277,0.7580488,0.68540263,0.7642433,0.23464778,0.7885356,0.5972381,0.78191006,0.38475877,Stable
0.37163895,0.48882326,0.4892285,0.6609998,0.49516973,0.37379038,0.7240855,0.74462056,0.69358337,0.2798917,0.75551665,0.6830772,0.76363945,0.23389122,0.78652,0.5991201,0.778325,0.38651213,Stable
0.3716405,0.48883253,0.48920712,0.66096765,0.49515468,0.37381014,0.7239628,0.74468654,0.69373286,0.27965975,0.7554976,0.6831891,0.76366276,0.2338751,0.78647393,0.59922385,0.7783691,0.38672572,Stable
0.37013906,0.4894001,0.4884224,0.65588,0.49505806,0.37415105,0.720621,0.74376607,0.7001478,0.2747286,0.7551703,0.6854443,0.7653469,0.23566741,0.7812785,0.6068085,0.7734734,0.3902026,Stable
0.36940092,0.48878306,0.48890412,0.6550394,0.49481565,0.37293833,0.7113892,0.734702,0.7048368,0.27149174,0.7526435,0.71170425,0.76707023,0.23410195,0.77514905,0.5959171,0.7686955,0.39433262,Stable
0.37026584,0.48553464,0.4892517,0.6553819,0.49582708,0.37112734,0.7094297,0.73406136,0.70363986,0.277866,0.7542937,0.70907557,0.76524043,0.2368623,0.77784455,0.6056494,0.77238035,0.3900699,Stable
0.37156433,0.4850278,0.4881444,0.65598005,0.49734947,0.37213764,0.71446836,0.7374729,0.70940036,0.2701417,0.7513544,0.7121755,0.76786584,0.23668313,0.7777371,0.60825074,0.77407825,0.3991507,Stable
0.37150443,0.48504433,0.4881168,0.6559763,0.49732432,0.3721161,0.7145867,0.7373954,0.709263,0.27018866,0.75131077,0.71219957,0.76787275,0.23655723,0.7777495,0.60823864,0.7740485,0.39910293,Stable
0.37012836,0.48383272,0.48948586,0.657813,0.49909878,0.37267184,0.73139405,0.740873,0.71896833,0.26470354,0.75312865,0.70123684,0.7700554,0.23876399,0.7786545,0.60589623,0.77545655,0.40054667,Stable
0.36871308,0.48128754,0.48957485,0.6577686,0.50189793,0.3719719,0.7253754,0.74271834,0.7215466,0.25717437,0.7552893,0.6962265,0.76869345,0.24643812,0.77744293,0.6103175,0.77515876,0.40454352,Stable
0.36460733,0.48215133,0.48840642,0.6560931,0.5020945,0.3707398,0.72968477,0.73650616,0.7200719,0.25462213,0.75569355,0.6961075,0.7761952,0.23822938,0.7759077,0.6103908,0.77324414,0.40788004,Stable
0.36284703,0.4841512,0.4875512,0.65796864,0.49963993,0.37337565,0.7375748,0.73940843,0.71746635,0.2550428,0.7493633,0.67567533,0.77404845,0.25764683,0.7785322,0.6138078,0.7757997,0.4122352,Stable
0.36285704,0.4842552,0.48782063,0.6580784,0.49968147,0.37332368,0.73785174,0.7394055,0.7174892,0.25512147,0.7494542,0.6759915,0.77391785,0.25755504,0.77869743,0.613875,0.7759778,0.41222453,Stable
0.3616774,0.48409384,0.4872528,0.6569173,0.50537443,0.3708082,0.74166095,0.74031436,0.7207255,0.26123506,0.7463354,0.67904466,0.7719366,0.26091793,0.77470565,0.6142682,0.7732202,0.40576077,Stable
0.3624936,0.48400474,0.4858609,0.6589367,0.50424314,0.37007484,0.73524755,0.7412772,0.7134461,0.27224123,0.75478643,0.68014646,0.7693404,0.27084604,0.77299494,0.6210017,0.77426046,0.4129247,Stable
0.3617475,0.4842957,0.4870075,0.6594204,0.508085,0.36712426,0.74572605,0.7551614,0.7287154,0.26047957,0.7467314,0.68594515,0.77414626,0.2729991,0.7796097,0.6205032,0.7800045,0.41040927,Stable
0.3607013,0.48495197,0.48877466,0.66102934,0.5096979,0.37193632,0.7355446,0.7444906,0.72780967,0.26138395,0.7458049,0.6893029,0.76865137,0.26578912,0.7757427,0.6240256,0.7763435,0.41197833,Stable
0.36071122,0.48493165,0.48875517,0.6610366,0.5097733,0.37201744,0.7356434,0.74444646,0.727841,0.2612681,0.7455927,0.68926424,0.76875126,0.26556206,0.77551985,0.62415946,0.77615976,0.41232568,Stable
0.36124766,0.48577565,0.4878034,0.66159725,0.5081383,0.36993867,0.73468304,0.74428666,0.7302686,0.26569843,0.7459233,0.68118536,0.7596528,0.28944314,0.7726357,0.63182104,0.7757682,0.41528723,Stable
0.36118698,0.48603702,0.49042624,0.66559845,0.5114156,0.37190124,0.7409427,0.7470326,0.73262614,0.27447417,0.74585307,0.6863994,0.76254886,0.28683257,0.7754947,0.63393104,0.7801148,0.42311844,Stable
0.36106634,0.4845519,0.49146217,0.6688204,0.51020384,0.37509844,0.73758996,0.7549202,0.7279279,0.27675053,0.74651784,0.7023992,0.76053345,0.2828803,0.77976227,0.6373095,0.78391755,0.42699713,Stable
0.36402005,0.48500925,0.4827003,0.6674931,0.5096189,0.37683284,0.7206304,0.7558152,0.72531766,0.2847764,0.74886405,0.71953666,0.75906396,0.28338647,0.7808852,0.6416976,0.78433055,0.43328488,Stable
0.3640172,0.48501047,0.4826332,0.6673514,0.50959086,0.37689516,0.72055364,0.7557635,0.7252573,0.28490597,0.7489271,0.71920794,0.75895023,0.28342992,0.7809179,0.64162064,0.784238,0.43336648,Stable
0.36378866,0.49150997,0.49244294,0.67212677,0.5064596,0.3811837,0.74420726,0.76424754,0.72562194,0.28455818,0.74572605,0.7003521,0.7617823,0.27749676,0.7804479,0.6369282,0.78241336,0.42951092,Stable
0.36101398,0.49171144,0.49064738,0.66967404,0.50933516,0.3821361,0.7415535,0.75999755,0.7270612,0.2865852,0.7503936,0.70012283,0.76288617,0.27807802,0.7784984,0.64021933,0.7822962,0.43406576,Stable
0.3628368,0.4975981,0.49060738,0.673643,0.50891846,0.3813953,0.73854345,0.7583477,0.7256992,0.29008678,0.7511038,0.7141556,0.7682483,0.27927172,0.7741036,0.63806736,0.7785858,0.4298271,Stable
0.36477768,0.49629197,0.4923503,0.67844677,0.5069334,0.3825824,0.739047,0.76028705,0.728229,0.288486,0.7467188,0.7227775,0.770018,0.28595358,0.7743976,0.6386912,0.7795105,0.43273017,Stable
0.3646871,0.4962748,0.49242994,0.6785252,0.5072306,0.3823824,0.7391802,0.7603483,0.72843194,0.28837454,0.74675435,0.7228741,0.7702057,0.28629935,0.77453727,0.638826,0.7796384,0.4328106,Stable
0.35887083,0.49955326,0.49488872,0.6782795,0.5075035,0.38386476,0.7399571,0.75835645,0.7268371,0.28721905,0.74654686,0.7225485,0.76758194,0.27826032,0.77524185,0.6392521,0.78018975,0.43140954,Stable
0.36105448,0.5033308,0.49363506,0.6783737,0.5075158,0.38368136,0.7440342,0.759339,0.72675467,0.287565,0.7447008,0.72797537,0.76466274,0.28452975,0.77372265,0.6421891,0.77840054,0.4337647,Stable
0.3603735,0.50330055,0.4895762,0.6837372,0.5081826,0.38425595,0.7444129,0.7614322,0.72594684,0.28557336,0.7452981,0.7341585,0.7659763,0.282253,0.7745441,0.64365005,0.7786393,0.4365146,Stable
0.3595276,0.5052378,0.49132013,0.6810143,0.5074411,0.3839178,0.74036384,0.7627186,0.7243907,0.2890714,0.7454588,0.73842686,0.76981825,0.2798255,0.77404416,0.64365715,0.7778915,0.43770725,Stable
0.359773,0.5052569,0.49132407,0.68103355,0.5075091,0.38404208,0.7403759,0.76272887,0.7244193,0.28906336,0.7454307,0.7383899,0.7698215,0.2798824,0.7739419,0.64367074,0.7777679,0.4378454,Stable
0.35776013,0.50694174,0.49026227,0.68356055,0.5069158,0.38384208,0.7392168,0.76077604,0.7234511,0.29302484,0.74558055,0.7355926,0.76578826,0.27882513,0.77299565,0.638979,0.77630156,0.43388113,Stable
0.35694215,0.5085374,0.48949975,0.68293,0.50760233,0.385498,0.7375149,0.7593429,0.72327536,0.29360908,0.7445463,0.7359071,0.76990986,0.27674088,0.7741573,0.6402291,0.7780909,0.43345225,Stable
0.35597977,0.50938106,0.48829424,0.68168515,0.50701106,0.38668424,0.7373707,0.75943696,0.724329,0.29281715,0.7445494,0.7346188,0.7712227,0.27789494,0.7763838,0.64115417,0.7797677,0.4331784,Stable
0.35562778,0.5110329,0.48858982,0.6810805,0.50747746,0.38722557,0.73791206,0.7598176,0.72702855,0.28970417,0.74362993,0.732511,0.77356046,0.2800873,0.77541083,0.64145035,0.7786822,0.43548152,Stable
0.3556459,0.511058,0.4885504,0.68104666,0.5074857,0.3872016,0.7377815,0.7597934,0.7269928,0.28977442,0.74362206,0.7325357,0.7730557,0.28013417,0.7753302,0.6414499,0.77861035,0.43549126,Stable
0.35566568,0.5130457,0.489393,0.6813872,0.5083885,0.38701865,0.7380239,0.7610307,0.7301886,0.28139153,0.74283075,0.7304432,0.77794904,0.2816427,0.77545965,0.6413481,0.77852166,0.43497083,Stable
0.35636395,0.51455516,0.48941344,0.68204916,0.50784975,0.3879547,0.74162936,0.7617073,0.73367095,0.27937853,0.74179524,0.72623,0.7781061,0.2832459,0.7746439,0.6414306,0.77819675,0.43580788,Stable
0.35505563,0.51568156,0.4899909,0.68206966,0.5069833,0.38808763,0.7382754,0.7626233,0.73323274,0.27943343,0.743396,0.7213657,0.7798711,0.2855214,0.775921,0.6422435,0.7793081,0.43614575,Stable
0.3546277,0.515697,0.4918698,0.68185306,0.50616086,0.3882745,0.7412195,0.7627102,0.73087025,0.28165668,0.7446703,0.7231433,0.77863276,0.2836212,0.77603817,0.64230835,0.7792976,0.4356085,Stable
0.3546903,0.51581305,0.49186954,0.68185943,0.5061387,0.38826734,0.7412581,0.7626959,0.7308463,0.2816203,0.74466634,0.7230246,0.77861464,0.2836354,0.7759992,0.6421881,0.7792876,0.43545884,Stable
0.35512465,0.5174129,0.49213153,0.6825115,0.5063225,0.38887239,0.7444035,0.761788,0.7313985,0.28103673,0.74304056,0.7224716,0.77918047,0.28412294,0.77601856,0.64257026,0.77895087,0.4351959,Stable
0.35472226,0.51900065,0.49134445,0.6827697,0.5064417,0.38906223,0.7424047,0.7620832,0.7316615,0.2813925,0.74268615,0.7200918,0.781774,0.28764647,0.77596736,0.6430163,0.7786609,0.43506774,Stable
0.3550486,0.51961124,0.4905479,0.6845974,0.5057837,0.38861012,0.73929447,0.76184106,0.72966635,0.29194838,0.74322027,0.7218671,0.78208417,0.28869098,0.77531016,0.6452124,0.7778291,0.43464875,Stable
0.3549378,0.5209891,0.49064705,0.68480295,0.5053687,0.3893188,0.74094415,0.76029414,0.7289227,0.29092127,0.7424583,0.7183985,0.78117216,0.288129,0.7746066,0.6422986,0.7766918,0.43208855,Stable
0.35493144,0.5209561,0.49053988,0.68479645,0.5053499,0.38932514,0.7408044,0.7603497,0.72889376,0.29092106,0.7424606,0.71812034,0.7811327,0.288193,0.77463937,0.64226913,0.7767198,0.43209255,Stable
0.35541865,0.52081376,0.49065804,0.6851966,0.50468755,0.38987082,0.7401136,0.76059216,0.7265786,0.2887438,0.74322665,0.7181747,0.7800076,0.28847954,0.77386826,0.64166284,0.7758514,0.432261,Stable
0.3561737,0.52061427,0.4904295,0.6855502,0.50423276,0.38999233,0.7400999,0.7604406,0.7266707,0.28795806,0.74396694,0.7219376,0.7801944,0.2889565,0.7738017,0.6433952,0.776226,0.4335662,Stable
0.35634398,0.5202139,0.4895876,0.6853012,0.50339913,0.39103326,0.7393334,0.7604653,0.72465515,0.28875673,0.7439026,0.7217475,0.77868605,0.28885514,0.77477014,0.643967,0.77700424,0.43418062,Stable
0.35632166,0.51977646,0.4892643,0.68578315,0.5019932,0.39118892,0.74099874,0.7602756,0.7252831,0.28924355,0.74360955,0.71868795,0.7792351,0.2891159,0.7742101,0.64319927,0.77690876,0.43451405,Stable
0.35631168,0.5198399,0.48928636,0.685754,0.5020444,0.39122736,0.74105203,0.76022625,0.72526616,0.28926903,0.74357045,0.71849644,0.77922344,0.289087,0.7742697,0.6431435,0.77692693,0.43443903,Stable
0.3554637,0.5190958,0.4897356,0.6857461,0.5020014,0.39198574,0.7413828,0.7611685,0.7253725,0.28781074,0.74378455,0.7212182,0.7784804,0.28942955,0.77528894,0.6429101,0.77756137,0.43440253,Stable
0.35741243,0.5179665,0.49072394,0.68524665,0.50322044,0.39151037,0.74198025,0.7638218,0.72480524,0.28996655,0.7438225,0.72300094,0.7758288,0.29014322,0.77697724,0.64397544,0.7785377,0.43461537,Stable
0.3580664,0.5191167,0.49041396,0.68295157,0.50400656,0.39250588,0.7391479,0.7609955,0.7215047,0.29459846,0.74203074,0.7270505,0.77617234,0.29030272,0.77528304,0.64239335,0.77614015,0.43339455,Stable
0.35792786,0.5196975,0.4908201,0.6797898,0.5038923,0.39527532,0.73504585,0.7609648,0.7168293,0.29729468,0.7393422,0.7080245,0.77446306,0.28813288,0.7767815,0.63669,0.77648866,0.42978284,Stable
0.3579428,0.5196935,0.49082088,0.67974806,0.50388604,0.3952795,0.7348504,0.76099885,0.71682465,0.29728866,0.73932993,0.7081608,0.7744547,0.28814358,0.7768566,0.6366749,0.7765381,0.42979893,Stable
0.35787457,0.51989233,0.49126977,0.68263996,0.50325096,0.39546618,0.7382927,0.7633482,0.71709967,0.29635143,0.7428528,0.711754,0.7740793,0.28535944,0.77966446,0.6372839,0.7781482,0.42945057,Stable
0.35860825,0.5203822,0.49210137,0.6817481,0.5029335,0.39478192,0.7456395,0.7581691,0.7160673,0.29919916,0.7406132,0.6992998,0.7771344,0.28242657,0.78411686,0.63318205,0.7821492,0.425238,Stable
0.3579074,0.52012014,0.49082065,0.68237257,0.5027857,0.39432395,0.7394639,0.7593558,0.7057239,0.299357,0.74384797,0.70592046,0.7729173,0.28040144,0.7825565,0.6350655,0.7803082,0.42871138,Stable
0.35834974,0.51967,0.492275,0.68082047,0.50463,0.3947603,0.7372486,0.7599794,0.7068311,0.29955876,0.7426126,0.70955133,0.77320564,0.27790478,0.78320134,0.6322974,0.7802689,0.4260398,Stable
0.35835123,0.51967305,0.49228895,0.68079793,0.50465107,0.3947806,0.7371919,0.7599504,0.70681393,0.29955557,0.7425835,0.7095517,0.7731812,0.27790505,0.78324836,0.6323699,0.7803147,0.4261008,Stable
0.35587484,0.52072054,0.49053976,0.68118495,0.5046247,0.3939628,0.7261619,0.7605549,0.70504683,0.30240935,0.7457478,0.7173352,0.7739896,0.2784613,0.78172415,0.63558346,0.7790875,0.42850804,Stable
0.3537047,0.52036107,0.4941361,0.6815057,0.50448155,0.395362,0.7212798,0.75866675,0.7052885,0.30263805,0.7461111,0.7228471,0.7758381,0.27908707,0.781831,0.637015,0.7788006,0.4305682,Stable
0.35538524,0.51866734,0.4948964,0.6800026,0.5034109,0.39566672,0.7187979,0.75431454,0.70597833,0.30124974,0.74493694,0.7151317,0.77848387,0.27758202,0.7807972,0.63377094,0.7767484,0.42679843,Stable
0.35462102,0.5184654,0.49353954,0.67973775,0.50402206,0.39411446,0.71890163,0.7587165,0.71239614,0.29982018,0.74795043,0.70903766,0.77855384,0.27462453,0.78039426,0.63063097,0.7772281,0.4238178,Stable
0.35461944,0.5185009,0.49355876,0.6798522,0.50413024,0.39419854,0.7190437,0.7586757,0.71206737,0.2999732,0.74783754,0.70843023,0.7785708,0.274766,0.7803011,0.6305279,0.77717733,0.42385668,Stable
0.3547116,0.51663226,0.49307466,0.67842287,0.5052515,0.392706,0.723667,0.75827193,0.7134993,0.29989624,0.7533821,0.7025559,0.77857053,0.27487886,0.7851547,0.6274456,0.78106713,0.4196561,Stable
0.3528981,0.5167154,0.49072492,0.6742928,0.5051372,0.39326453,0.71879363,0.76022166,0.71538496,0.30042747,0.7586578,0.70349455,0.77938104,0.2755601,0.7843785,0.63041234,0.7823767,0.42117545,Stable
0.35361308,0.5149659,0.49154055,0.6741394,0.50794053,0.39209914,0.70952034,0.75595397,0.7176521,0.29930907,0.75715584,0.7131692,0.7799968,0.2751738,0.7815797,0.63437486,0.7805001,0.42212865,Stable
0.35335428,0.5125827,0.49099788,0.6688454,0.50961745,0.38960785,0.7154639,0.75836957,0.7210294,0.2964325,0.7567314,0.7013202,0.7776327,0.2747846,0.78206074,0.6283992,0.7827563,0.41900453,Stable
0.35334608,0.5125921,0.48664567,0.6694207,0.50960886,0.38962206,0.7155832,0.75840855,0.7210492,0.29651353,0.7568021,0.70128554,0.7776419,0.27471232,0.7821491,0.6284014,0.7827806,0.41895574,Stable
0.3511032,0.5109838,0.48996103,0.66749847,0.51033115,0.38879228,0.71482337,0.7540471,0.7175579,0.29774714,0.75586915,0.70349467,0.77720016,0.27578568,0.77936697,0.6276665,0.7797729,0.41844577,Stable
0.34896296,0.50710046,0.48903608,0.6642649,0.5125283,0.3869636,0.7151948,0.7568447,0.72093886,0.2945634,0.7549356,0.69863343,0.7764267,0.27676132,0.7800137,0.6319372,0.780019,0.4210649,Stable
0.3483305,0.5070107,0.48798418,0.66172594,0.5117895,0.38614067,0.7016729,0.74814725,0.7184328,0.29515648,0.75355554,0.7033557,0.7773024,0.27790922,0.7770609,0.6297673,0.7789898,0.41908512,Stable
0.3484314,0.50568414,0.48812312,0.6594479,0.51288265,0.38491976,0.700161,0.7467746,0.7219974,0.29319727,0.7551744,0.7104721,0.7796702,0.27836972,0.7759265,0.6234808,0.77853316,0.418262,Stable
0.34846422,0.5056406,0.4881096,0.659468,0.5129018,0.38495395,0.7001748,0.7467882,0.72198194,0.29326338,0.7551808,0.71047246,0.7796923,0.27843976,0.7759793,0.62354964,0.7785945,0.41827095,Stable
0.34723353,0.5066725,0.48517284,0.65982354,0.5145021,0.38366288,0.69399786,0.74402297,0.72156036,0.2938636,0.7519765,0.7087052,0.7788701,0.27811506,0.7755167,0.6196976,0.77639407,0.41269085,Stable
0.3494123,0.50469136,0.4828678,0.6585408,0.5134051,0.3825854,0.696517,0.74465966,0.72197884,0.29614776,0.75123614,0.7074141,0.7766613,0.2759662,0.77406394,0.62246585,0.77818096,0.41781712,Stable
0.34836096,0.50318766,0.48293948,0.6578202,0.51140743,0.38252276,0.69570637,0.74305654,0.7190441,0.2950275,0.74984044,0.70983374,0.77239054,0.27644256,0.77500284,0.619359,0.77634966,0.41149688,Stable
0.34738433,0.5017638,0.48342237,0.6574491,0.5108174,0.38221884,0.7002679,0.74365824,0.7173833,0.29635856,0.75221145,0.70487034,0.7755853,0.27496323,0.7761418,0.6149025,0.7761606,0.4099831,Stable
0.34775946,0.5018207,0.4833601,0.65748286,0.51082015,0.38217145,0.69993734,0.7435812,0.71735334,0.29636282,0.7521833,0.7055241,0.7755574,0.27490342,0.7761146,0.61481,0.77627885,0.40994912,Stable
0.34954676,0.50413084,0.48353058,0.6563549,0.5140318,0.38115403,0.70117426,0.7471466,0.7191445,0.29707778,0.7511263,0.7028501,0.77808404,0.27421203,0.77785057,0.61903155,0.7771839,0.41213393,Stable
0.34883127,0.50449556,0.48678812,0.6594588,0.51427305,0.37914968,0.7015288,0.7478797,0.7223792,0.29569942,0.7517818,0.70801634,0.7765054,0.270769,0.77648234,0.61849,0.7779381,0.40879667,Stable
0.3454754,0.5037894,0.48704243,0.6567584,0.51513034,0.37930143,0.698689,0.7474494,0.72495,0.29102963,0.74975604,0.7156307,0.774325,0.27220064,0.77041185,0.61836207,0.77353066,0.41088867,Stable
0.3455274,0.4996258,0.48822868,0.6574299,0.5167279,0.3792797,0.71428627,0.7502395,0.727117,0.2905841,0.74730766,0.70806396,0.7741574,0.27348256,0.7717928,0.6170448,0.7736296,0.4101876,Stable
0.3455542,0.49969575,0.48824233,0.657408,0.51680815,0.37939334,0.7135049,0.75001335,0.72735757,0.29061133,0.7472167,0.70916855,0.7741403,0.27342498,0.7719435,0.61714435,0.773926,0.41038498,Stable
0.34509283,0.49901864,0.4874749,0.65763676,0.51606387,0.37949145,0.7095873,0.75081027,0.72681296,0.29083174,0.74759597,0.7074489,0.773312,0.27208206,0.76905006,0.61940235,0.7723026,0.41254517,Stable
0.3444683,0.50322914,0.48840111,0.657904,0.5165163,0.37942395,0.7025641,0.7474189,0.7278218,0.2905624,0.7472331,0.70627785,0.7725443,0.2717061,0.7696763,0.6192316,0.77283657,0.41294858,Stable
0.34459454,0.50258917,0.4885871,0.6573888,0.5165722,0.3791419,0.701596,0.7462401,0.72698915,0.29036734,0.7475563,0.70675623,0.7709241,0.271002,0.76894635,0.6184459,0.7718868,0.41231877,Stable
0.34483585,0.5061256,0.48804352,0.6573144,0.5169152,0.37990415,0.7008947,0.7460055,0.7276633,0.29133204,0.7488525,0.7068136,0.7733455,0.27100748,0.7739305,0.6202908,0.77217364,0.41155815,Stable
0.3445946,0.5060713,0.48807034,0.65719545,0.5169741,0.38006878,0.7014719,0.7462455,0.7277428,0.29137516,0.7486464,0.70652914,0.77388334,0.2712363,0.7738895,0.62024695,0.7721013,0.41261968,Stable
0.34382793,0.5075153,0.4867197,0.6553197,0.51697296,0.37895656,0.6996779,0.74655735,0.7262163,0.29254326,0.74808425,0.7074463,0.77448523,0.26912817,0.7733302,0.6171273,0.77060723,0.41093028,Stable
0.3461989,0.5138445,0.48310181,0.6544953,0.5152634,0.3804658,0.6948961,0.7468029,0.7224209,0.29554915,0.7508024,0.71333325,0.7745718,0.26949573,0.7749249,0.61690146,0.77192223,0.40998632,Stable
0.3500043,0.5132675,0.48314178,0.65728843,0.51557326,0.3809776,0.689579,0.7457645,0.7207043,0.29564723,0.7522433,0.7172264,0.7752878,0.26935148,0.7745559,0.6188751,0.7722942,0.41116893,Stable
0.3470646,0.5114942,0.48357254,0.65485835,0.5151105,0.3801925,0.6935847,0.7445404,0.7188355,0.29686934,0.7488127,0.71284485,0.7716981,0.2682025,0.77521026,0.6176992,0.7717206,0.4108231,Stable
0.34699616,0.51156384,0.48358938,0.6548714,0.5150848,0.38014495,0.69361794,0.74456424,0.7188668,0.29682934,0.7487769,0.7127704,0.7717005,0.26819205,0.7751627,0.61771923,0.77166766,0.4108199,Stable
0.3484319,0.510411,0.48503095,0.65710133,0.5144947,0.38026023,0.68411654,0.7340845,0.71617734,0.29677126,0.7506568,0.71412504,0.7709295,0.26922524,0.77508736,0.6164923,0.7721314,0.4074443,Stable
0.3483224,0.51471937,0.4841135,0.65679634,0.51107144,0.38099664,0.68774116,0.73931044,0.7153856,0.29697853,0.7497439,0.7121316,0.7721173,0.2698186,0.77111197,0.6147057,0.77114,0.40905005,Stable
0.34742922,0.5160835,0.48531398,0.6563782,0.5088332,0.3820592,0.6820339,0.7376582,0.7163391,0.29510945,0.7484255,0.7182118,0.7686807,0.2704125,0.76913065,0.6147456,0.7699028,0.40947276,Stable
0.34592116,0.5170307,0.48430106,0.65666986,0.50986284,0.3824603,0.68772733,0.7421207,0.7179935,0.2941129,0.74788326,0.7151269,0.77011913,0.2710695,0.7723031,0.6181158,0.7702261,0.41201335,Stable
0.34590882,0.51712334,0.48427182,0.65670055,0.5098398,0.3824353,0.68781084,0.74209017,0.7179575,0.29416913,0.7479543,0.7149791,0.770072,0.27095562,0.77229834,0.6182061,0.77019215,0.4120173,Stable
0.341786,0.51455283,0.48442495,0.6577168,0.50849164,0.38290036,0.68937147,0.7454037,0.716539,0.29519665,0.7478897,0.7223479,0.7698177,0.2724709,0.76946914,0.6197829,0.7701969,0.41613397,Stable
0.33497292,0.51371163,0.48387295,0.660041,0.5095365,0.38119423,0.6925304,0.7474797,0.71556103,0.29648277,0.7484963,0.7184167,0.7691819,0.27093035,0.76884717,0.6299472,0.7708833,0.42186508,Stable
0.33947307,0.5196813,0.48495182,0.6610139,0.50944984,0.38181353,0.6939103,0.7466543,0.7146155,0.2969466,0.74795264,0.7165431,0.76863706,0.26964223,0.76895654,0.63026214,0.7711582,0.4221774,Stable
0.34006542,0.5195513,0.48669225,0.6617943,0.5114215,0.38088632,0.6993579,0.7484989,0.7178153,0.2958073,0.7478783,0.7155342,0.7696692,0.270711,0.7697544,0.63266397,0.7732054,0.4238473,Stable
0.34007555,0.5193755,0.48673257,0.6617834,0.5114255,0.38085648,0.69953823,0.74844086,0.7178248,0.2958148,0.7478408,0.71516097,0.7696282,0.27073014,0.769631,0.63267004,0.77315474,0.42387384,Stable
0.34122926,0.5184676,0.4864212,0.6624621,0.5121001,0.38169515,0.694594,0.7495642,0.7194699,0.29477322,0.7474711,0.7214079,0.7711291,0.2725197,0.7697651,0.6344352,0.77336526,0.42432457,Stable
0.3402627,0.519337,0.48582214,0.6623554,0.51209855,0.38203216,0.6898744,0.747746,0.7198588,0.29355922,0.7473186,0.7222078,0.771167,0.2723579,0.76864094,0.6346285,0.77228165,0.42441577,Stable
0.3402606,0.5194254,0.4851941,0.66273904,0.5119898,0.3826531,0.6912725,0.744226,0.7202064,0.29307583,0.74575275,0.71586484,0.7735061,0.27381423,0.7701231,0.63303864,0.7725446,0.42299473,Stable
0.3404423,0.5197273,0.48502707,0.6618399,0.511763,0.38262087,0.6911371,0.74466157,0.7190794,0.2940521,0.74773026,0.71700966,0.7734084,0.27342874,0.7700025,0.63245606,0.77205193,0.42216802,Stable
0.34045976,0.519438,0.48506558,0.66157967,0.51144093,0.38280234,0.6927941,0.7450201,0.7186545,0.29440188,0.7482056,0.7161953,0.7726228,0.2730525,0.7706046,0.63188934,0.7724191,0.4220155,Stable
0.34304506,0.5210918,0.48510143,0.66194713,0.5114641,0.3828506,0.6886178,0.74554104,0.7183969,0.29454124,0.74772024,0.7181456,0.7725307,0.27299416,0.7684688,0.6301258,0.7728653,0.42217344,Stable
0.34609076,0.5214877,0.48501942,0.661945,0.5118901,0.38278943,0.68968767,0.7458688,0.7177374,0.2950024,0.74808645,0.7162694,0.77091634,0.27170253,0.7688066,0.6309017,0.77258503,0.42226052,Stable
0.3461338,0.5221595,0.48383972,0.6618182,0.51083636,0.3822213,0.68397397,0.7448577,0.7164469,0.29531014,0.74751365,0.7219443,0.7696289,0.27227527,0.77034754,0.63003194,0.77432144,0.42013133,Stable
0.34995747,0.5242266,0.48491734,0.66122395,0.51127404,0.38265336,0.68822736,0.74209726,0.71771264,0.29513377,0.74687874,0.7229475,0.76954174,0.27242452,0.7723762,0.62946033,0.7761786,0.41966638,Stable
0.35003683,0.5243094,0.4849906,0.6612741,0.5112921,0.38266236,0.68847764,0.7421273,0.71778965,0.29510826,0.7468537,0.7225851,0.7696208,0.27255034,0.7723924,0.6294786,0.77614516,0.4197105,Stable
0.35019767,0.5153822,0.48610097,0.65960395,0.51099914,0.3826781,0.69923276,0.7446434,0.7172998,0.29502144,0.74897546,0.7112762,0.76858044,0.27439824,0.77662104,0.62253535,0.7775442,0.4178149,Stable
0.34938204,0.5135864,0.4872623,0.65956914,0.51049423,0.38311696,0.700263,0.7433726,0.7193575,0.29440868,0.7507736,0.70978755,0.7720548,0.28006124,0.7782807,0.6202787,0.7789782,0.41611597,Stable
0.34631097,0.5117134,0.48738763,0.65945864,0.510035,0.38252252,0.700459,0.743834,0.71900386,0.29613817,0.7509525,0.7106611,0.7721469,0.2795946,0.7790133,0.61941,0.779824,0.41619012,Stable
0.34591484,0.5087595,0.48921272,0.6600411,0.5108066,0.38157758,0.713972,0.7455046,0.72177386,0.29517674,0.7498304,0.708305,0.7721095,0.28008106,0.7785864,0.6181975,0.7781646,0.4112743,Stable
0.34587163,0.50875854,0.4892491,0.6600655,0.5107664,0.38156423,0.71385854,0.74548215,0.721678,0.29522914,0.7498769,0.7082875,0.7720877,0.2800417,0.7784666,0.6182084,0.77808046,0.41127178,Stable
0.34576672,0.5073589,0.48872158,0.6592461,0.5116868,0.38274166,0.71250546,0.7462578,0.723263,0.29758295,0.74883956,0.7170111,0.7793657,0.28081435,0.77769107,0.620291,0.7785253,0.41156632,Stable
0.34463418,0.5064798,0.48989427,0.65996075,0.51102155,0.3843541,0.715526,0.7508366,0.7203113,0.2970385,0.7496941,0.7074744,0.77669615,0.2732825,0.7779906,0.62064934,0.7778732,0.41208,Stable
0.34605855,0.5062319,0.49027476,0.6608698,0.51203096,0.3832639,0.7277092,0.75789946,0.7187893,0.30064005,0.7526945,0.7027327,0.7734338,0.27514115,0.7802532,0.62773395,0.78174347,0.41712314,Stable
0.3471905,0.50609314,0.4885372,0.6603693,0.51158017,0.38421738,0.7175726,0.759474,0.71085066,0.30059913,0.75094855,0.7147321,0.7750319,0.27787673,0.7757584,0.62934214,0.7795993,0.42125207,Stable
0.34742317,0.505818,0.48848695,0.6603714,0.51162887,0.3841444,0.7176572,0.759473,0.71076727,0.30069515,0.75093263,0.71440685,0.7749719,0.27790052,0.7757768,0.6292837,0.77960396,0.42123044,Stable
0.34841964,0.5052403,0.48782703,0.65977734,0.510598,0.38558602,0.71424884,0.7543329,0.70803064,0.2992844,0.7509464,0.7143098,0.7766216,0.28009853,0.7760355,0.62344265,0.77736604,0.42144746,Stable
0.35014492,0.50459075,0.4866082,0.65973276,0.51070327,0.38562816,0.7096907,0.7506463,0.70604485,0.2999787,0.75125957,0.7146053,0.77370447,0.28013203,0.77504444,0.6226882,0.7771272,0.42111737,Stable
0.3504181,0.50314385,0.48608994,0.6594286,0.5108376,0.38589084,0.709829,0.74833107,0.7050644,0.29926908,0.7520819,0.7080402,0.76991713,0.27739203,0.77655053,0.6217107,0.7780777,0.42127734,Stable
0.34879774,0.5003507,0.48552316,0.6600721,0.5109627,0.3867923,0.7101047,0.7492432,0.7049501,0.29936486,0.7512828,0.70728695,0.76895136,0.27673563,0.77612066,0.6227633,0.77789116,0.42188084,Stable
0.34877953,0.50037134,0.48550075,0.6600367,0.5110755,0.38679415,0.7097137,0.74918646,0.7048995,0.29935756,0.7511601,0.70746297,0.7689552,0.27674034,0.7760836,0.6227076,0.77789783,0.42186773,Stable
0.35031015,0.49942726,0.48458683,0.65980947,0.51135486,0.3872779,0.7064687,0.74701685,0.70486253,0.29921344,0.751104,0.7083132,0.76879704,0.27456832,0.7760164,0.6225524,0.77767396,0.42080683,Stable
0.35007605,0.49966997,0.48416984,0.6594495,0.51119465,0.38815725,0.69690585,0.7453557,0.70784515,0.29782063,0.7504606,0.71411943,0.77063894,0.27252156,0.7742951,0.6215785,0.77613807,0.4196609,Stable
0.35535634,0.49454507,0.4832281,0.6590787,0.51074946,0.3898772,0.6955459,0.74420714,0.7052447,0.29766145,0.75448656,0.7180345,0.7694472,0.27291164,0.7727498,0.6224339,0.77516115,0.42065316,Stable
0.35666,0.4908551,0.48125106,0.6594672,0.5138722,0.39025936,0.6895859,0.74263036,0.7146415,0.296458,0.7539951,0.7185172,0.7755649,0.27555433,0.77247953,0.62236506,0.77508616,0.41973495,Stable
0.35675368,0.49078232,0.48127744,0.6594518,0.5139811,0.39049733,0.6894743,0.7425417,0.7144953,0.2964879,0.7540016,0.7185137,0.77541894,0.27544302,0.77252185,0.6224606,0.7751238,0.41985893,Stable
0.354842,0.49059564,0.48149818,0.6614381,0.51370263,0.3902483,0.6923236,0.74266255,0.7193475,0.29881287,0.75221723,0.7088749,0.7786707,0.27647436,0.77440214,0.62201405,0.775875,0.41832408,Stable
0.35563833,0.48728973,0.47875726,0.66215414,0.5142764,0.39149308,0.70164776,0.7486076,0.72133017,0.2984797,0.75277305,0.7144062,0.7783649,0.2741183,0.7736923,0.62362635,0.77519125,0.42204618,Stable
0.35635686,0.48285168,0.47436184,0.66162086,0.51414764,0.39074033,0.6940547,0.7466523,0.7171561,0.2979189,0.75488806,0.71948093,0.77880186,0.27623338,0.77072734,0.6266624,0.7748744,0.42713603,Stable
0.35888094,0.48260006,0.47607875,0.66093594,0.5139583,0.38827395,0.6989271,0.7462877,0.71517843,0.2951608,0.75562304,0.707004,0.77626157,0.28067654,0.7749342,0.62485343,0.77668726,0.42306435,Stable
0.35884988,0.48258337,0.4760382,0.660924,0.513999,0.3882395,0.6991111,0.7463719,0.7157481,0.29501376,0.75570625,0.7068495,0.77624905,0.2806532,0.7750501,0.6248131,0.7768099,0.42293936,Stable
0.3582514,0.47975346,0.47613034,0.66060805,0.514033,0.38755912,0.7070924,0.7526351,0.71059227,0.3023845,0.7490318,0.70401657,0.7696976,0.28362143,0.7797477,0.6322303,0.7812793,0.4223085,Stable
0.3688421,0.47397158,0.47596693,0.6629964,0.5132283,0.3901565,0.7128562,0.7544951,0.71168816,0.30483216,0.7551309,0.6932026,0.77418536,0.2833551,0.78074384,0.6320421,0.7826036,0.4246878,Stable
0.36469328,0.47320554,0.47650573,0.6640626,0.5110185,0.3914029,0.7110715,0.7538074,0.7100012,0.30575797,0.75125134,0.6989287,0.76954174,0.28102362,0.7799038,0.63191307,0.78131074,0.42475542,Stable
0.36950785,0.4715669,0.479408,0.66774666,0.51136905,0.39129242,0.71882886,0.7549051,0.7113291,0.3072033,0.753576,0.6955225,0.7717759,0.28294364,0.7779355,0.63061273,0.7826809,0.4251532,Stable
0.36943406,0.4719344,0.47916502,0.6675064,0.51135653,0.39120886,0.71902466,0.75497663,0.7114494,0.30712938,0.753436,0.6954042,0.77201605,0.28311306,0.7779025,0.6305984,0.78267896,0.42493868,Stable
0.37049276,0.47037038,0.47912621,0.6682675,0.50728154,0.3915916,0.7121551,0.7529806,0.7107424,0.30806464,0.75760263,0.69503903,0.7716577,0.28076142,0.776665,0.6300167,0.7828028,0.4235817,Stable
0.36805844,0.4725309,0.47851402,0.66689795,0.5089777,0.3905449,0.70707536,0.7535709,0.71035767,0.3085637,0.75510466,0.7040257,0.7706205,0.28231895,0.7769207,0.6312579,0.7840554,0.4240708,Stable
0.3730541,0.4725775,0.47982916,0.6683494,0.5053674,0.3912804,0.7103078,0.7544586,0.7113813,0.30930638,0.755593,0.7013499,0.76641387,0.2859854,0.77768964,0.6321634,0.78511184,0.42564744,Stable
0.37381667,0.47198993,0.47892067,0.6673951,0.5059887,0.39107093,0.70982593,0.7535496,0.71091354,0.30953193,0.7558245,0.70402396,0.77089876,0.28280985,0.77632165,0.63281417,0.784356,0.42628717,Stable
0.37378842,0.47174346,0.4788185,0.6672894,0.50594,0.39111325,0.70964885,0.7534747,0.7108812,0.30953813,0.75583005,0.7041976,0.77084947,0.28293657,0.77623665,0.63283604,0.78426635,0.42628095,Stable
0.37180564,0.4687793,0.47728574,0.66615283,0.5076878,0.39113426,0.71074694,0.7536653,0.710468,0.3095888,0.75446665,0.70662117,0.7706036,0.27845442,0.7769267,0.6335316,0.7848625,0.42716226,Stable
0.3770572,0.46626446,0.47704625,0.66672915,0.5083957,0.391924,0.7124741,0.75462,0.71141475,0.30977535,0.7546937,0.70815986,0.7728298,0.2780314,0.7778578,0.6327366,0.78615034,0.4273135,Stable
0.37566084,0.46794176,0.4761495,0.6650842,0.5089049,0.39157552,0.7117778,0.75426424,0.71136403,0.31026202,0.7548567,0.7079017,0.77429533,0.28084576,0.7784976,0.6321075,0.78658843,0.42805982,Stable
0.3756554,0.46795422,0.47614354,0.66508025,0.50891274,0.391563,0.71177065,0.75426316,0.7113607,0.3102773,0.7548648,0.7077875,0.7742843,0.2808864,0.77850246,0.6321204,0.78660125,0.4280946,Stable
0.3788627,0.46637613,0.47741878,0.6663865,0.50896156,0.39156026,0.71409094,0.75538987,0.71150684,0.3101937,0.7574043,0.7034577,0.76703113,0.28516436,0.7787613,0.6320136,0.78712314,0.4285999,Stable
0.37794673,0.46683168,0.4786229,0.66774654,0.50946295,0.39135346,0.7154653,0.7558381,0.71251535,0.31025818,0.7577691,0.70095503,0.767611,0.284213,0.7785921,0.631334,0.78679395,0.42771503,Stable
0.37879038,0.46658844,0.47910362,0.6666967,0.50930023,0.39182362,0.71296376,0.75585663,0.71222544,0.3102614,0.7582288,0.70188034,0.7669884,0.28396827,0.7788538,0.63163835,0.78724635,0.4279265,Stable
0.37723482,0.4671824,0.481261,0.6669643,0.508706,0.3907896,0.7162483,0.7547432,0.7116994,0.30990022,0.75897664,0.6960026,0.7661299,0.2845866,0.7795422,0.63091433,0.7870778,0.42656383,Stable
0.377294,0.46716246,0.48128328,0.6668984,0.508728,0.39076385,0.7161536,0.7547304,0.7117007,0.30989492,0.75890344,0.69614935,0.7661328,0.28456998,0.7795521,0.630946,0.78711355,0.42655224,Stable
0.37739277,0.46652037,0.4810055,0.6661889,0.5081613,0.39091194,0.71375525,0.7554494,0.71158576,0.30982205,0.756775,0.6995218,0.76488703,0.2860599,0.77993435,0.6308967,0.7873723,0.42634046,Stable
0.37662917,0.46687615,0.48133904,0.66613126,0.50883514,0.39045578,0.7124982,0.75537765,0.7117213,0.3099525,0.75907505,0.6982581,0.7650583,0.2856925,0.7794354,0.6312941,0.7870804,0.4263689,Stable
0.3767868,0.4676232,0.48139077,0.66594976,0.510289,0.3902943,0.7086592,0.7567587,0.7123725,0.31016535,0.7578691,0.7022544,0.7660451,0.28473866,0.7786267,0.63328576,0.7870497,0.42675036,Stable
0.37908873,0.46899983,0.48183602,0.6659273,0.51096755,0.38977104,0.71256727,0.7567958,0.7140734,0.3091002,0.7602574,0.6948976,0.77355707,0.27747855,0.7795257,0.6345125,0.78806806,0.4270259,Stable
0.37903327,0.46903312,0.4818332,0.6658971,0.51097023,0.3897626,0.71252966,0.75679934,0.71406114,0.3091094,0.7602644,0.6949688,0.7735441,0.27744946,0.77952945,0.6345484,0.7880881,0.42704242,Stable
0.37728333,0.46956846,0.4820163,0.6656575,0.511345,0.38927492,0.716205,0.7557413,0.7142338,0.30958125,0.760761,0.69225454,0.7736918,0.27725077,0.78109646,0.6357586,0.7890288,0.42686707,Stable
0.3763487,0.468961,0.48253688,0.66685057,0.5123277,0.3905068,0.7188015,0.75614023,0.7147515,0.3093627,0.76044476,0.69163036,0.7742847,0.27909717,0.7815749,0.63582265,0.789473,0.42874464,Stable
0.37244666,0.46784186,0.48222154,0.66791797,0.5123608,0.39065716,0.7205219,0.75617445,0.71464556,0.309126,0.7610338,0.6895083,0.774167,0.27969426,0.783363,0.63498926,0.7905602,0.4289062,Stable
0.3719659,0.47010216,0.48375234,0.6685635,0.5120379,0.3906133,0.7204516,0.75608635,0.71418786,0.3095304,0.7608278,0.6905293,0.77304614,0.28090814,0.7841946,0.63585794,0.7911043,0.4293582,Stable
0.37169597,0.47041282,0.48377436,0.6686043,0.5120634,0.3905375,0.72053456,0.7560953,0.71422815,0.30950642,0.76082265,0.69056,0.7730597,0.28088793,0.7842564,0.63591456,0.7911359,0.42935497,Stable
0.37355322,0.47016546,0.48393008,0.6702551,0.51240706,0.39035544,0.72176903,0.7562307,0.7188506,0.30362254,0.7607934,0.6901398,0.7668458,0.28522453,0.78474945,0.6362473,0.7908215,0.42830873,Stable
0.37339032,0.4702681,0.4841959,0.6701004,0.5125779,0.39047933,0.7219269,0.75629514,0.7138259,0.30960965,0.7606567,0.69062203,0.7664285,0.28527728,0.7848145,0.63656855,0.79081607,0.42889297,Stable
0.3739643,0.47156638,0.48303157,0.6718535,0.51126707,0.39118585,0.72520745,0.75646466,0.71310174,0.30975926,0.76094425,0.69159794,0.766147,0.2861668,0.78450084,0.63613945,0.79130507,0.4303242,Stable
0.3668004,0.47167784,0.48177266,0.67237085,0.50988054,0.39163107,0.72369766,0.75520766,0.7124118,0.3097059,0.7609596,0.6902198,0.76591074,0.28573593,0.78266263,0.6348252,0.7894861,0.42903978,Stable
0.36714205,0.4716376,0.481322,0.6720686,0.50895894,0.39188677,0.7221126,0.75512975,0.71187615,0.3095665,0.7608037,0.6912362,0.7655403,0.28607062,0.78211176,0.63444567,0.78902674,0.42909908,Stable
0.37576637,0.47021472,0.48363075,0.67350256,0.5084797,0.3933607,0.7213184,0.7561728,0.7114351,0.30989766,0.76053494,0.68969125,0.7659174,0.28629678,0.78366464,0.63468397,0.79058623,0.43070325,Stable
0.36654508,0.4773608,0.48611113,0.6749057,0.50953543,0.3922236,0.71762407,0.7542442,0.7119686,0.31009582,0.7605364,0.6917043,0.7659943,0.28810832,0.78431594,0.63691443,0.7905185,0.43076783,Stable
0.35920882,0.479419,0.485363,0.6712794,0.51018995,0.39262295,0.7184806,0.7543213,0.71218365,0.30901268,0.7613808,0.6899776,0.7699887,0.28536466,0.78490067,0.6389276,0.7895407,0.42996,Stable
0.3683246,0.47944963,0.48776633,0.67406243,0.5092828,0.3931225,0.7221414,0.7544669,0.71260566,0.30902454,0.761585,0.69136286,0.7661928,0.28682315,0.7846229,0.639264,0.7892451,0.43049765,Stable
0.3682379,0.4791904,0.4878376,0.6742601,0.5092857,0.39307243,0.72249526,0.7544834,0.71262574,0.3090211,0.7616466,0.6914438,0.7662008,0.2867474,0.7847313,0.63916683,0.7892723,0.43054456,Stable
0.3665017,0.47978792,0.48718613,0.67477596,0.5068281,0.39345908,0.72208756,0.7545165,0.7116691,0.3091328,0.7607682,0.6907673,0.76548356,0.28696537,0.78368735,0.6383989,0.7875139,0.42913908,Stable
0.36630428,0.48027825,0.4866405,0.6751997,0.505709,0.39437282,0.72223425,0.7542217,0.70866334,0.3088266,0.76059675,0.6895673,0.76586246,0.2862196,0.7843317,0.63622844,0.7874712,0.4278959,Stable
0.36927697,0.4831439,0.48757383,0.6776254,0.5062375,0.39475095,0.7261553,0.7533634,0.7074856,0.30857772,0.7610755,0.68671536,0.7639247,0.28689465,0.7842266,0.63607395,0.7868445,0.4282206,Stable
0.35332757,0.49420577,0.48559427,0.6757263,0.5056863,0.39526054,0.7193105,0.7526647,0.70544595,0.31063962,0.75471395,0.70002866,0.7621228,0.28596127,0.78532505,0.63778675,0.784321,0.427732,Stable
0.3533407,0.49418682,0.485655,0.6757332,0.50569445,0.39526606,0.7194307,0.7526655,0.705449,0.3106237,0.7547035,0.6998875,0.7621311,0.28592122,0.7853276,0.637741,0.784336,0.42772257,Stable
0.36044365,0.48908103,0.48538134,0.67707986,0.5041076,0.3949138,0.7208602,0.75314254,0.70380515,0.3119983,0.7618892,0.7022228,0.7629873,0.2836132,0.78536886,0.63503265,0.7851869,0.42676967,Stable
0.36189783,0.4856072,0.48540562,0.6778401,0.5045579,0.3951518,0.7212345,0.7532221,0.7043967,0.3119625,0.76051927,0.6921607,0.76442975,0.28164017,0.7841081,0.6342584,0.78395313,0.4271837,Stable
0.35639226,0.48943514,0.484568,0.6773781,0.50412726,0.39578098,0.7183823,0.7534787,0.7049613,0.31158462,0.7548313,0.70548815,0.76657605,0.28181514,0.7835702,0.63566375,0.7830732,0.42739663,Stable
0.35791636,0.49301025,0.48709485,0.6801784,0.50549984,0.395414,0.7225529,0.7538799,0.70578253,0.31135046,0.7524773,0.6992458,0.7667762,0.2839223,0.7842543,0.63504004,0.78329027,0.4266289,Stable
0.35790235,0.493049,0.48708063,0.68015635,0.50551283,0.39542076,0.7225706,0.7538601,0.70577407,0.31135392,0.7524917,0.6991631,0.7667862,0.28386953,0.78427905,0.6349903,0.78329134,0.42660663,Stable
0.35768276,0.50025076,0.48697346,0.678956,0.5044584,0.39538872,0.7260076,0.75477386,0.7058449,0.30436328,0.7509768,0.70563626,0.7682364,0.27873656,0.7827188,0.6344514,0.7821033,0.4250508,Stable
0.35239813,0.5053935,0.48915645,0.67947495,0.50440955,0.39505422,0.7251178,0.754863,0.70586026,0.3037623,0.7516615,0.7041074,0.76822275,0.27954173,0.7841039,0.62790275,0.7812679,0.4242667,Stable
0.34745023,0.5129157,0.49167284,0.6793977,0.5051031,0.39598164,0.72218484,0.7555752,0.70115936,0.30669588,0.7519257,0.70975506,0.76640886,0.28187227,0.7847066,0.63412976,0.7820336,0.42295063,Stable
0.3450546,0.5215326,0.49280572,0.6792638,0.50210756,0.39726043,0.7180604,0.75706947,0.6984686,0.30741298,0.7574036,0.71399426,0.7620472,0.28501895,0.7859111,0.6345762,0.78273815,0.4231641,Stable
0.3450335,0.52153885,0.4927847,0.6791935,0.50209713,0.39727032,0.7180749,0.7570714,0.6984276,0.30741256,0.75733083,0.71388626,0.7620685,0.28503114,0.78590035,0.6345242,0.7827383,0.42317933,Stable
0.34518802,0.5215108,0.49338683,0.6792702,0.50226575,0.39768183,0.7170198,0.75367165,0.6975424,0.3082538,0.7599145,0.70606136,0.7648906,0.2817906,0.78755486,0.62661195,0.78166986,0.4213531,Stable
0.34730515,0.5249641,0.4886415,0.6801995,0.50168616,0.39653695,0.71900487,0.7556013,0.7033486,0.30565703,0.76095104,0.70672643,0.76748145,0.27655804,0.789082,0.625595,0.7831352,0.4186738,Stable
0.34785426,0.52640927,0.48988116,0.67977804,0.5014858,0.39607713,0.72601146,0.75613177,0.7052576,0.30569103,0.7584332,0.6976726,0.76895154,0.27891716,0.7893225,0.6254724,0.78393984,0.41877913,Stable
0.34841377,0.5265699,0.4891492,0.68055236,0.5041089,0.39595687,0.7215225,0.7587793,0.709762,0.3058678,0.7580044,0.70121217,0.7708926,0.2762219,0.78456366,0.6286136,0.78339714,0.41714272,Stable
0.3484212,0.52657247,0.48916337,0.6805513,0.50412065,0.39594966,0.7213924,0.7588289,0.70977366,0.30586478,0.7580084,0.7013341,0.7708968,0.27620512,0.784568,0.6286465,0.78341955,0.41714665,Stable
0.34755784,0.52708405,0.48920733,0.6790856,0.5053264,0.3966729,0.7130314,0.7597825,0.70586413,0.30277944,0.7581033,0.70425695,0.77003497,0.2763118,0.7826712,0.6300761,0.7801627,0.41883367,Stable
0.34733284,0.52715063,0.48955673,0.6778717,0.5048684,0.39646825,0.7181518,0.76016015,0.70437086,0.3015085,0.7566291,0.6972251,0.7692411,0.27607584,0.786283,0.62337935,0.7810143,0.41830373,Stable
0.3470596,0.5286752,0.49287006,0.6762223,0.503464,0.39603087,0.715662,0.75858116,0.7015228,0.30349886,0.7587425,0.69874066,0.7689001,0.27722827,0.7821003,0.630268,0.7795875,0.41884,Stable
0.34952638,0.52970797,0.49115285,0.67561805,0.5037018,0.39605236,0.703223,0.7553429,0.70129704,0.30344427,0.75265586,0.71647495,0.7681722,0.27522713,0.7766371,0.6343705,0.776783,0.4231878,Stable
0.3494351,0.52966344,0.49113458,0.67561305,0.5037089,0.39613795,0.70311224,0.7552408,0.70136774,0.30337238,0.7526635,0.7165413,0.7682071,0.2752143,0.77646244,0.6343479,0.77657664,0.42320532,Stable
0.34903502,0.52957267,0.4908025,0.6758074,0.5043166,0.3976171,0.69681704,0.75533485,0.7009308,0.30000365,0.75056267,0.7206609,0.768834,0.2749239,0.7733675,0.63393056,0.7743344,0.42392957,Stable
0.3490554,0.5275599,0.4901863,0.67569697,0.5042286,0.3964032,0.7078029,0.76071763,0.7004766,0.3011869,0.7538001,0.7151383,0.7689078,0.2751886,0.773715,0.6340965,0.7746413,0.42409536,Stable
0.3491459,0.52708906,0.49065697,0.6760427,0.5042448,0.39405745,0.71500564,0.76144874,0.70765054,0.30256462,0.7544358,0.7131955,0.77148056,0.27675077,0.7738812,0.63384366,0.7759907,0.42320022,Stable
0.35057414,0.5277091,0.4893884,0.67437553,0.50648844,0.3952535,0.7058108,0.7570504,0.7093031,0.30288997,0.7537855,0.7170245,0.773152,0.2774383,0.7745208,0.63369215,0.7774512,0.4222256,Stable
0.3504909,0.527611,0.489357,0.67434615,0.50652295,0.39530313,0.7056569,0.7569718,0.7093267,0.3028447,0.75383234,0.7170639,0.77312195,0.277457,0.7744188,0.63365054,0.7773719,0.42218763,Stable
0.34919438,0.5258159,0.48824894,0.6712501,0.50600743,0.39589077,0.6932981,0.754466,0.7087059,0.30224234,0.7536124,0.7215643,0.7708385,0.27504155,0.7711415,0.63386285,0.77505064,0.4211129,Stable
0.3492558,0.5254745,0.4880575,0.67149377,0.5063402,0.39509737,0.6938671,0.7550539,0.70808214,0.30115297,0.7471243,0.7207643,0.7704773,0.27471313,0.76982117,0.6344851,0.77359647,0.42339647,Stable
0.34947693,0.5254772,0.48850155,0.6703564,0.5072071,0.39507934,0.6942483,0.75430083,0.70907414,0.29990375,0.74818176,0.72128606,0.7702376,0.27436268,0.77169335,0.63216877,0.77413005,0.4236078,Stable
0.34975883,0.5244111,0.4901036,0.6700634,0.5077967,0.39539915,0.70932955,0.7576708,0.71652216,0.3017855,0.75364196,0.7148503,0.77157444,0.2726667,0.77440256,0.6319343,0.77539515,0.42138022,Stable
0.34987622,0.5244566,0.49011457,0.6701138,0.50779873,0.39541742,0.709253,0.7576303,0.7163862,0.301882,0.7536442,0.7148873,0.77152103,0.27274948,0.7745141,0.63188547,0.7755489,0.4214128,Stable
0.3505367,0.52568424,0.48944032,0.6710693,0.50806916,0.39490423,0.6896071,0.75960445,0.714201,0.29855153,0.74813384,0.7259046,0.7713737,0.2727813,0.76885194,0.634035,0.77466196,0.42607054,Stable
0.35150152,0.525874,0.4894724,0.67022026,0.5072515,0.39549494,0.68456185,0.7590639,0.70580786,0.29978126,0.75090474,0.7369307,0.7680909,0.275456,0.7715676,0.63200927,0.7759919,0.426198,Stable
0.3506647,0.5259125,0.48990032,0.6695409,0.5061599,0.39553082,0.68636775,0.7554959,0.70117676,0.3055615,0.7480046,0.72798413,0.7603924,0.278627,0.77370787,0.63237476,0.7751669,0.4251649,Stable
0.35135698,0.5260925,0.49051154,0.6705997,0.5069742,0.394579,0.699306,0.7538996,0.7026934,0.3045804,0.74852633,0.71929395,0.7610759,0.2778106,0.7742471,0.63158584,0.7757349,0.4253938,Stable
0.35135436,0.5260905,0.4905058,0.6705932,0.50694853,0.3945782,0.6990878,0.7537967,0.70276946,0.30443168,0.7485708,0.7194154,0.76103705,0.27789655,0.7742492,0.63150144,0.7757518,0.42528695,Stable
0.3527357,0.52549255,0.48990473,0.67077184,0.5081468,0.3945913,0.70553917,0.75309867,0.71478105,0.2999949,0.74623865,0.71280813,0.7702169,0.27522767,0.7735604,0.6292483,0.77575105,0.42384422,Stable
0.35470533,0.52684736,0.49056387,0.67183137,0.5088578,0.39376563,0.7038059,0.7572516,0.7092358,0.29961333,0.74843186,0.7221091,0.7677218,0.27264223,0.7730446,0.6284162,0.7757911,0.4223224,Stable
0.3539153,0.52727044,0.49190113,0.67254156,0.51028776,0.39745963,0.7014024,0.76031256,0.7053424,0.30247524,0.7440566,0.71925783,0.76521295,0.27746046,0.77747434,0.6288999,0.77788556,0.42451915,Stable
0.35318694,0.52547175,0.49283978,0.6732813,0.50926334,0.3967769,0.7075903,0.75876904,0.69993687,0.30158064,0.7486744,0.70609087,0.7532513,0.28026918,0.77847755,0.6251105,0.77494526,0.4249766,Stable
0.35319075,0.5254656,0.49284145,0.6732054,0.50930357,0.39685923,0.7077483,0.7588626,0.699985,0.3015447,0.74862283,0.70606804,0.7532611,0.28022954,0.7786002,0.6250799,0.7750505,0.42498404,Stable
0.35259148,0.5254505,0.4941549,0.6747708,0.5107803,0.3940022,0.6916493,0.7579879,0.6973247,0.30459732,0.74605227,0.7294332,0.7532058,0.2789026,0.77034986,0.63331544,0.77209395,0.42560065,Stable
0.35329482,0.5250473,0.49274278,0.6693946,0.50945497,0.39574647,0.6831343,0.7583966,0.68534815,0.3075127,0.73907745,0.739578,0.75053954,0.2697287,0.770053,0.628065,0.7673112,0.42590904,Stable
0.35416874,0.5249816,0.49334908,0.67174137,0.51319945,0.39708292,0.69486487,0.7605366,0.6867641,0.30157048,0.74289787,0.72593606,0.76616204,0.23874837,0.7713851,0.6274219,0.7713183,0.42688474,Stable
0.35375547,0.52626646,0.49320704,0.6731786,0.51268625,0.39621612,0.7035254,0.75988543,0.6888887,0.29767138,0.74021685,0.73777366,0.75947595,0.22444582,0.7696435,0.62558866,0.7712998,0.415699,Stable
0.35376343,0.52626014,0.49319312,0.673186,0.51274645,0.3961959,0.7032567,0.75984806,0.6891016,0.29755813,0.7402015,0.73784035,0.75958294,0.22444081,0.76964426,0.62555575,0.7712953,0.41564757,Stable
0.35402104,0.52620053,0.49450263,0.6744117,0.5134614,0.39833125,0.69947904,0.7597002,0.67713374,0.30009228,0.7420639,0.7295189,0.75987995,0.21851346,0.77117324,0.63332224,0.77226895,0.418706,Stable
0.35324436,0.5254534,0.4946115,0.6730385,0.5154587,0.3999657,0.6984314,0.75676143,0.6922996,0.28535342,0.7463584,0.74016845,0.7733284,0.18714337,0.773343,0.6241063,0.7748581,0.41501886,Stable
0.3529979,0.52358973,0.49411485,0.67155755,0.5169943,0.39727935,0.69549006,0.7566861,0.6841483,0.2860542,0.7492926,0.7398089,0.7734376,0.18649656,0.77774113,0.62622535,0.7783546,0.41629523,Stable
0.35390824,0.524935,0.4929931,0.67014545,0.51271796,0.39602146,0.69351935,0.7534386,0.6873841,0.28794345,0.7501778,0.7478311,0.77163637,0.18883555,0.7711107,0.6333718,0.7724055,0.4169922,Stable
0.35262334,0.5240311,0.49104726,0.6683297,0.51360404,0.39497948,0.6848702,0.7532666,0.6879835,0.2880772,0.75231934,0.7508065,0.7724016,0.18340018,0.7696768,0.625909,0.7710953,0.41726288,Stable
0.35293862,0.52801734,0.49370158,0.670086,0.51225626,0.3934965,0.68949,0.752304,0.68085384,0.29779348,0.7462288,0.7454637,0.7662784,0.20333537,0.77203774,0.6230604,0.7719412,0.41180754,Stable
0.35251004,0.5262985,0.49167633,0.66884893,0.5098621,0.39161143,0.69021475,0.7575005,0.6879918,0.28910518,0.7372231,0.7384516,0.7506033,0.2332955,0.7745383,0.6229766,0.770465,0.41173768,Stable
0.35374528,0.5253027,0.49172366,0.66947144,0.5107573,0.39416897,0.68511075,0.757744,0.6868745,0.30204746,0.73879874,0.73943365,0.76472616,0.23256056,0.77564645,0.6229041,0.77075803,0.4132924,Stable
0.35472172,0.52328837,0.48919022,0.66338277,0.51082957,0.39073643,0.6839267,0.7537765,0.70185846,0.29252356,0.7164067,0.7241248,0.769931,0.23422347,0.77367973,0.6187072,0.7700328,0.41069612,Stable
0.35462976,0.52357036,0.4890449,0.6633301,0.51067877,0.39079687,0.6834153,0.7537136,0.7021565,0.2921091,0.7167107,0.72440046,0.7700696,0.23416156,0.7734811,0.618936,0.7699461,0.41093153,Stable
0.35602248,0.51874495,0.48926795,0.6628515,0.51148367,0.38946018,0.69286746,0.7525374,0.69164723,0.29770416,0.7218329,0.71565455,0.7629415,0.24566466,0.77423733,0.6221971,0.77276003,0.4142185,Stable
0.35554504,0.51723766,0.49214578,0.6631075,0.5118065,0.38625127,0.70591205,0.75615025,0.69843173,0.29796517,0.73235863,0.7153751,0.75411797,0.25661868,0.783123,0.6214744,0.77873206,0.40998757,Stable
0.35726458,0.51757425,0.4892369,0.658656,0.51351666,0.38820082,0.71636814,0.757245,0.70096344,0.29267332,0.7213069,0.7062961,0.7530574,0.26630732,0.78639007,0.6197661,0.7810404,0.4116693,Stable
0.35885042,0.5151467,0.49017322,0.65950394,0.5130545,0.38712773,0.70815873,0.75668347,0.7161112,0.28914165,0.7255058,0.7149327,0.7539871,0.26396346,0.7814197,0.61873454,0.77911514,0.41331464,Stable
0.35815698,0.5149675,0.4903006,0.65972936,0.51320755,0.38664836,0.70940053,0.75689876,0.7175907,0.29029623,0.7204117,0.71002924,0.7546708,0.26358908,0.7817259,0.61857677,0.7794363,0.41283292,Stable
0.35888213,0.5110321,0.4901018,0.65840554,0.512589,0.38678944,0.70517516,0.7532871,0.70575273,0.29499924,0.7169616,0.70537305,0.7556929,0.2627085,0.77857083,0.6251764,0.77528256,0.4143846,Stable
0.36036715,0.50872576,0.49059317,0.65839326,0.5156834,0.38618526,0.7084667,0.7541715,0.7089262,0.28559893,0.71286047,0.7048306,0.7501793,0.27283782,0.78224325,0.62850726,0.7782469,0.42338276,Stable
0.36036688,0.5095774,0.4904054,0.6590197,0.5144287,0.38615817,0.69781625,0.7511873,0.70474076,0.28849965,0.7137867,0.7080804,0.749534,0.2719965,0.77728885,0.63866234,0.77509755,0.42320606,Stable
0.35961482,0.5088693,0.49101362,0.6605847,0.51442254,0.387811,0.7147209,0.7547109,0.70440924,0.28764105,0.71593654,0.7094266,0.7498963,0.27315205,0.7799072,0.6259597,0.7754072,0.41484624,Stable
0.3596382,0.50870824,0.49109143,0.66058636,0.5144807,0.3878468,0.7150346,0.75471514,0.70443225,0.2876199,0.71569943,0.7095095,0.74986863,0.2731252,0.77994967,0.6259731,0.7753953,0.41478944,Stable
0.36038622,0.5080622,0.49018747,0.6587358,0.51419115,0.3877593,0.70092237,0.7565818,0.70166504,0.28629696,0.7195067,0.7071636,0.74855256,0.2733081,0.77430737,0.6235082,0.77253056,0.4234475,Stable
0.3618415,0.5096534,0.49220377,0.6624241,0.51387036,0.3851733,0.71448684,0.75304,0.7040956,0.2877282,0.71913075,0.70333976,0.752084,0.27219406,0.7761059,0.6188064,0.7735392,0.4127978,Stable
0.36154553,0.5092914,0.49246264,0.6649668,0.51532286,0.38759872,0.71304363,0.7548337,0.7000305,0.2953512,0.7228675,0.7016162,0.75128025,0.27212712,0.7758858,0.62164867,0.7736146,0.41528445,Stable
0.36127913,0.5087468,0.49113315,0.6640389,0.51333266,0.3849489,0.7066479,0.7535353,0.70237553,0.2972978,0.7178043,0.7137505,0.7554636,0.26784855,0.7802113,0.62180793,0.7768508,0.41361234,Stable
0.36126718,0.5089347,0.4913922,0.66408294,0.5131905,0.38505906,0.7079245,0.75344557,0.70287406,0.29731792,0.718071,0.71268725,0.7553953,0.26754647,0.78029937,0.6212474,0.77683187,0.4132656,Stable
0.3598113,0.50766873,0.48987886,0.66018635,0.5147056,0.39031297,0.704374,0.7530178,0.70325315,0.2932254,0.7157153,0.70717573,0.7523095,0.27060226,0.7766702,0.61885655,0.7739152,0.4143536,Stable
0.3608101,0.5087985,0.49107635,0.6606293,0.51130384,0.38643432,0.69667625,0.7525139,0.694925,0.2990723,0.72128093,0.7175564,0.75021785,0.26420695,0.7757013,0.6198244,0.773332,0.415231,Stable
0.36180437,0.5088459,0.48826587,0.6607144,0.51276386,0.38952994,0.7031152,0.75085616,0.6969533,0.29930717,0.7228384,0.71064687,0.75093806,0.2702752,0.77726686,0.6180913,0.7735851,0.41451845,Stable
0.36200768,0.5071426,0.488661,0.658922,0.5122379,0.3892871,0.6969566,0.7542674,0.6950023,0.29906482,0.72627807,0.71952814,0.74935603,0.27608615,0.77477455,0.6192022,0.77235997,0.41487622,Stable
0.3619598,0.50716394,0.48863634,0.658974,0.51225454,0.38924527,0.6970229,0.75435394,0.69510496,0.29905802,0.7258042,0.71904266,0.7493073,0.2761662,0.7746836,0.6190656,0.7724478,0.4149189,Stable
0.3629896,0.5060798,0.48950073,0.65629655,0.51211363,0.38760382,0.7066419,0.74748105,0.700652,0.29619694,0.7254443,0.71120566,0.75457466,0.2680238,0.7784126,0.61591744,0.7737827,0.40952942,Stable
0.36361855,0.50452876,0.4894933,0.6645032,0.5126845,0.38913953,0.70976233,0.75007176,0.6929207,0.29957074,0.7281202,0.7064216,0.7500926,0.2700813,0.77717125,0.6164417,0.7714295,0.4121964,Stable
0.36408943,0.5048883,0.4903266,0.6644063,0.511803,0.39081296,0.7036507,0.7481041,0.6978018,0.30258876,0.72787035,0.714657,0.74796265,0.27186543,0.77559227,0.6137364,0.77082646,0.41140398,Stable
0.36370325,0.5053084,0.48848438,0.6635693,0.5109869,0.3914487,0.69983065,0.74152625,0.6972333,0.29790592,0.7397369,0.71836114,0.74836606,0.2698137,0.7735572,0.6158945,0.770957,0.41444266,Stable
0.36370334,0.5052983,0.48851284,0.66356134,0.51100874,0.39146635,0.7001177,0.74160147,0.6970822,0.29786682,0.73972744,0.71814215,0.7483155,0.2698179,0.77359533,0.61590713,0.7709462,0.41451773,Stable
0.3633425,0.5058114,0.4897587,0.65917337,0.5101215,0.39105102,0.69319916,0.73958033,0.70260733,0.29915377,0.73926735,0.71986246,0.7485266,0.27107263,0.77473134,0.6116877,0.77144,0.41100556,Stable
0.36298114,0.5050272,0.49237463,0.6645131,0.5102341,0.38910267,0.7095286,0.75220835,0.6989349,0.29815388,0.74510145,0.71797276,0.75152105,0.27222967,0.7767807,0.61266637,0.7740528,0.4093235,Stable
0.3628045,0.5044227,0.49291557,0.6644191,0.5103052,0.3918831,0.7094528,0.75095195,0.6971831,0.2986473,0.7369311,0.71331394,0.7482631,0.27437586,0.7758657,0.6145415,0.7736003,0.41173345,Stable
0.36270702,0.50509787,0.49290043,0.6652162,0.5111079,0.39141297,0.70381725,0.74829924,0.70349884,0.29697752,0.738978,0.7170674,0.75070477,0.2721259,0.7765235,0.6167589,0.7744321,0.41289616,Stable
0.36271974,0.5051012,0.49290133,0.6651982,0.51107275,0.3914506,0.7038779,0.748265,0.7034668,0.29702264,0.738878,0.71713895,0.7506969,0.27215803,0.7765554,0.61667436,0.7744957,0.41282552,Stable
0.3630715,0.5046434,0.49132487,0.66501415,0.5106615,0.3908195,0.6993064,0.74578846,0.6962928,0.29814774,0.7398817,0.7185611,0.7491957,0.27114964,0.7736577,0.6176224,0.7720585,0.41342825,Stable
0.3636858,0.5045877,0.49352214,0.6657099,0.5114633,0.38973916,0.70847213,0.7512891,0.69800687,0.2987393,0.73942804,0.71755743,0.7497656,0.27134645,0.7733308,0.6178955,0.77291906,0.4126515,Stable
0.36410385,0.50261056,0.49274084,0.6662871,0.5109029,0.38937038,0.70211434,0.74771756,0.6970758,0.29943353,0.73977077,0.71770954,0.7482411,0.27048558,0.77315605,0.6183917,0.7719471,0.41205132,Stable
0.36408278,0.5029069,0.49348617,0.66494906,0.5100764,0.3888694,0.70542645,0.7488811,0.7001779,0.30058962,0.7403707,0.71932214,0.74568737,0.27477628,0.7756196,0.6160173,0.77388215,0.40878105,Stable
0.36411032,0.5029409,0.4934567,0.66492766,0.510046,0.38888168,0.7049694,0.74863863,0.7000887,0.3006423,0.740297,0.71939135,0.7456707,0.27485636,0.7756111,0.6160363,0.7738954,0.40878326,Stable
0.36348006,0.50299287,0.4933486,0.66336143,0.50895125,0.3896439,0.71139944,0.75111026,0.6979989,0.29999283,0.74338746,0.7197498,0.74440753,0.26898035,0.7738349,0.6141309,0.77209467,0.4121856,Stable
0.36279684,0.5031281,0.4920566,0.6640172,0.5088013,0.38781393,0.7071811,0.74994916,0.6998884,0.30020922,0.75185794,0.715398,0.7524869,0.25855988,0.7766759,0.611902,0.7750911,0.41005135,Stable
0.36272365,0.5033844,0.49338147,0.66366017,0.5097163,0.38810202,0.69713634,0.75019026,0.70083755,0.30056268,0.7429905,0.7232694,0.752612,0.263471,0.7768668,0.61682487,0.77714294,0.40808856,Stable
0.36324888,0.5031255,0.49313307,0.6622392,0.5091379,0.3913147,0.7009985,0.7477251,0.69667333,0.30310524,0.7432538,0.7224452,0.7462403,0.2650835,0.77578723,0.61257124,0.77368087,0.41004133,Stable
0.3632431,0.5031234,0.49312764,0.66218746,0.5091841,0.3913235,0.7009501,0.7476536,0.6966471,0.30312964,0.7432849,0.72254217,0.7462791,0.26504093,0.77578795,0.6125691,0.7736928,0.41010818,Stable
0.3645581,0.5042402,0.49177283,0.66372293,0.5093112,0.38874137,0.69919586,0.74769604,0.6871333,0.30738768,0.7412976,0.7284907,0.75016737,0.26264742,0.77694553,0.6153691,0.7758438,0.41043591,Stable
0.36460656,0.50535536,0.4919791,0.66447353,0.50829285,0.3899022,0.69638276,0.7496269,0.68731946,0.3071148,0.7427176,0.7251424,0.75743836,0.25473893,0.7746384,0.6173544,0.77407384,0.41261262,Stable
0.36454695,0.5051259,0.49260825,0.6629602,0.5104938,0.39074075,0.6997401,0.74748343,0.6759938,0.30667707,0.7454457,0.7223639,0.74688214,0.26149,0.7793418,0.61460024,0.775753,0.4104614,Stable
0.36305767,0.50554806,0.49088913,0.66300046,0.5091405,0.38898274,0.7070327,0.74750274,0.677603,0.3100287,0.7449362,0.71914566,0.75766003,0.24376933,0.7804886,0.6194705,0.7772836,0.4106395,Stable
0.3630209,0.50560313,0.490879,0.662984,0.50915754,0.38896525,0.7070951,0.7475449,0.6776332,0.30997944,0.74486756,0.71904343,0.757687,0.24375674,0.78045297,0.6194227,0.77726054,0.4106072,Stable
0.36340898,0.5057943,0.4903359,0.6593808,0.50952435,0.38750517,0.6917199,0.74765676,0.6920693,0.30341816,0.7412741,0.7211675,0.76168096,0.25351655,0.7758953,0.6233449,0.7763952,0.41352183,Stable
0.3636186,0.50609386,0.49127838,0.65967166,0.5092068,0.38662192,0.6958796,0.7477376,0.68289465,0.3031797,0.744411,0.72056097,0.74246305,0.27790183,0.77614594,0.62106013,0.7761947,0.42092294,Stable
0.36282223,0.50737506,0.49162078,0.6597735,0.5078933,0.3849058,0.7084111,0.75067616,0.7006239,0.29649436,0.74851894,0.71876764,0.74243057,0.2816592,0.7746283,0.6167679,0.7737817,0.41187102,Stable
0.36932683,0.50713015,0.49236482,0.66573185,0.50739884,0.38738415,0.6903102,0.7516154,0.7040576,0.29829144,0.7487689,0.7308745,0.7456223,0.28361768,0.77033395,0.63108635,0.7745755,0.4242831,Stable
0.36920545,0.5070742,0.49231404,0.66584706,0.50734633,0.3874037,0.69021887,0.7516164,0.7040938,0.2981957,0.7486439,0.7308051,0.7456497,0.28359443,0.770373,0.63125956,0.77458644,0.42438802,Stable
0.36898702,0.5062263,0.49226257,0.6690125,0.506676,0.38594413,0.69239557,0.7498925,0.7015204,0.2998989,0.74940264,0.7325732,0.7484106,0.27266395,0.76846236,0.6298454,0.77483034,0.42182738,Stable
0.36869866,0.50596005,0.4916352,0.66746855,0.5060814,0.38542077,0.6930324,0.75093335,0.6989914,0.30220377,0.7483965,0.7317021,0.7537329,0.26366958,0.7686288,0.6287471,0.77437973,0.4121884,Stable
0.36809263,0.50743,0.49218556,0.6667925,0.50763345,0.38681042,0.69807696,0.75231594,0.69697833,0.30371758,0.745424,0.7235857,0.7554807,0.2610737,0.77141213,0.6207221,0.7730286,0.41227847,Stable
0.36761582,0.50846505,0.4915731,0.6664516,0.50379264,0.3888945,0.70094,0.75282663,0.6923582,0.3047877,0.7509955,0.72752064,0.7537323,0.2559448,0.76890916,0.61929363,0.7682468,0.4128432,Stable
0.36771163,0.50862575,0.49157998,0.6663641,0.50376743,0.3889277,0.70109725,0.75271213,0.6922647,0.30482906,0.7511098,0.7274078,0.7535058,0.2560627,0.769067,0.61920035,0.76828307,0.41282833,Stable
0.36625302,0.50773287,0.4936335,0.6674069,0.50244033,0.38994485,0.7110822,0.7519421,0.6918044,0.30469126,0.74571586,0.7189522,0.7505437,0.259647,0.77076805,0.6171187,0.7684497,0.4105751,Stable
0.36425945,0.5094381,0.49017474,0.66936463,0.5046723,0.3893672,0.7140212,0.7564112,0.69746155,0.30293602,0.7475001,0.7263891,0.75267714,0.26878184,0.7697692,0.62623715,0.77325106,0.41193104,Stable
0.36517793,0.5102524,0.49080288,0.6696436,0.505827,0.38935596,0.70217884,0.75456905,0.69994754,0.30159482,0.74805033,0.7278104,0.75665224,0.26776513,0.77155864,0.6270704,0.7744869,0.41361138,Stable
0.36416432,0.50980395,0.49245486,0.6685859,0.5060317,0.39133498,0.71519345,0.75713,0.69909513,0.30146086,0.7452955,0.7198185,0.7542453,0.26995403,0.77583617,0.62007886,0.7736189,0.41164753,Stable
0.36417055,0.509802,0.49244165,0.6685517,0.5060494,0.39138994,0.7149953,0.75698483,0.69911665,0.30149627,0.7452713,0.7198188,0.7543468,0.27000448,0.77587783,0.6200904,0.77364105,0.41172045,Stable
0.3655903,0.5094264,0.4930187,0.66817725,0.5060735,0.39116725,0.71924675,0.7570693,0.7015877,0.2993839,0.7456796,0.72117496,0.75172615,0.2725902,0.7769009,0.6189153,0.77556,0.41300818,Stable
0.36683723,0.50982,0.4911797,0.6693145,0.5052521,0.3895088,0.7094109,0.75023735,0.69997346,0.29915637,0.7450518,0.7206024,0.7403983,0.2776243,0.7726227,0.61950445,0.7703278,0.41436264,Stable
0.36792657,0.5099733,0.4918265,0.66874,0.5050489,0.38924143,0.7107262,0.7510351,0.69750065,0.3021315,0.744877,0.7209353,0.7401187,0.27782875,0.7722852,0.6185637,0.76898336,0.41389832,Stable
0.36816078,0.5104978,0.49120933,0.6676623,0.50503814,0.388937,0.70725155,0.7503304,0.6975448,0.30258745,0.74434465,0.7225813,0.74103034,0.276186,0.7731125,0.6176028,0.7706922,0.41400117,Stable
0.36825222,0.5104271,0.4911656,0.66760707,0.5049927,0.388962,0.70717657,0.75028586,0.6974625,0.30262893,0.74438494,0.7226298,0.7410015,0.27617845,0.77305573,0.617548,0.7706444,0.41396797,Stable
0.36879322,0.51174104,0.49071968,0.668158,0.50541925,0.3905487,0.7065637,0.75174236,0.70213735,0.295997,0.7447924,0.7233747,0.7404417,0.2811064,0.77139443,0.6198509,0.7702312,0.4228304,Stable
0.36989337,0.51198405,0.4958791,0.67025465,0.50493723,0.3909999,0.704231,0.7530803,0.70504105,0.29570815,0.74466175,0.7241284,0.74394894,0.28088385,0.770713,0.6216687,0.77165985,0.4240218,Stable
0.36580142,0.51623106,0.49031815,0.66997117,0.50333226,0.39068383,0.7029761,0.7499225,0.70372915,0.29484358,0.74487853,0.72231674,0.74290144,0.28652915,0.77282035,0.6188154,0.7703918,0.42227465,Stable
0.36585623,0.5174703,0.49001586,0.6682924,0.49993488,0.39377055,0.70860255,0.7501638,0.70330566,0.29750618,0.7430208,0.7205392,0.7470372,0.27803114,0.7709648,0.61681676,0.77026933,0.42189264,Stable
0.36586756,0.51746976,0.48993,0.6682638,0.4999145,0.39380035,0.7085333,0.7500962,0.70322126,0.29760092,0.7429998,0.7205547,0.74709713,0.27789953,0.7708413,0.61677444,0.7702169,0.4219687,Stable
0.36591297,0.51793647,0.4910798,0.6699056,0.5009836,0.39321154,0.72273797,0.75537586,0.6970898,0.30349374,0.7488424,0.7115578,0.7495793,0.27097476,0.7711843,0.6132631,0.7679603,0.41270262,Stable
0.36274248,0.52091813,0.4913375,0.67016494,0.4992327,0.39380044,0.72069687,0.75498664,0.7004087,0.2991135,0.74710464,0.7134814,0.74856937,0.27686018,0.7722113,0.61273474,0.77007306,0.4119565,Stable
0.3628541,0.51910233,0.49124515,0.6695261,0.49835917,0.39495414,0.71349394,0.7526335,0.69759417,0.30061048,0.7448387,0.7168,0.74458283,0.2789869,0.77300835,0.6153624,0.77330613,0.42022848,Stable
0.3636346,0.5195125,0.49103242,0.6688723,0.49822384,0.39615715,0.70642805,0.7477108,0.6918823,0.3000289,0.7490592,0.7173625,0.74008316,0.28046227,0.77421826,0.61323744,0.77203345,0.41182452,Stable
0.36364362,0.51955473,0.49101275,0.66890514,0.49829268,0.39615875,0.70637345,0.7478092,0.6918468,0.30005038,0.74906653,0.7174243,0.7401209,0.28046316,0.77423024,0.61331534,0.77211523,0.4118455,Stable
0.3656931,0.52051264,0.4916194,0.66770387,0.49697232,0.3964158,0.70240134,0.7464781,0.6834246,0.3032844,0.7473537,0.7177045,0.7389194,0.27863848,0.77465844,0.6099513,0.77114576,0.40638897,Stable
0.368237,0.5175538,0.49222553,0.66750956,0.50148404,0.39171404,0.7139279,0.75019115,0.68362755,0.3035955,0.7503668,0.71437657,0.73978204,0.27580798,0.77948797,0.6084331,0.7750377,0.40524718,Stable
0.37031302,0.5132218,0.49481738,0.6661409,0.5039314,0.38810298,0.71039,0.7447771,0.7000245,0.29508802,0.7517428,0.71291447,0.7425921,0.28069782,0.775366,0.60982406,0.7742015,0.40644377,Stable
0.36802602,0.5099669,0.49212515,0.6641574,0.50284314,0.38718936,0.70020735,0.74123013,0.694477,0.29997146,0.7530594,0.71810377,0.75029176,0.2672857,0.77307963,0.6090529,0.773689,0.40495574,Stable
0.36810443,0.50987744,0.49205697,0.664199,0.50276506,0.3871529,0.70021784,0.7412071,0.6944164,0.3000085,0.753085,0.7180371,0.7502231,0.26739377,0.7730548,0.60894877,0.7736378,0.4048131,Stable
0.36958778,0.50759304,0.49062228,0.65845984,0.5022729,0.37980253,0.6934418,0.73411155,0.70166326,0.2947157,0.7510981,0.72279686,0.7530834,0.26451105,0.7718173,0.6061788,0.7727009,0.4033824,Stable
0.3720438,0.503689,0.49362886,0.6546916,0.5029323,0.3795217,0.69744766,0.7276294,0.6917328,0.29582518,0.7512245,0.71416324,0.7377214,0.27955103,0.76851887,0.6071177,0.76540244,0.40652213,Stable
0.36709043,0.49563882,0.49455345,0.6500764,0.5004318,0.37417194,0.6998445,0.7204656,0.6901128,0.2955523,0.752669,0.71262664,0.7431394,0.2662412,0.7735803,0.59555155,0.76544946,0.39955705,Stable
0.36779433,0.49389422,0.49571317,0.64505565,0.5000949,0.3699795,0.69693464,0.7179489,0.6970336,0.28478926,0.75424,0.71161413,0.74330294,0.27035993,0.7707497,0.59259665,0.7662226,0.3895902,Stable
0.36779827,0.49391,0.49573776,0.64505386,0.5001,0.36996222,0.6968498,0.7179506,0.6970348,0.2848338,0.75427485,0.7117531,0.7433014,0.27028012,0.77080363,0.5926794,0.766199,0.38955265,Stable
0.36688745,0.49061793,0.49174196,0.640701,0.4954062,0.3722539,0.7061384,0.7160746,0.68609804,0.28851828,0.7555355,0.70205176,0.7477859,0.26603425,0.77494967,0.5903893,0.76548404,0.386893,Stable
0.36703634,0.4921866,0.49491155,0.6406673,0.49556002,0.36784133,0.70523804,0.71730155,0.6874261,0.28684884,0.7526357,0.70254624,0.74781597,0.26486054,0.77372074,0.59306324,0.76620173,0.38613173,Stable
0.36867985,0.49489057,0.4928455,0.63940954,0.49641484,0.37059534,0.69975275,0.7186348,0.6978061,0.2873019,0.75206816,0.71322775,0.7490791,0.26452088,0.77193326,0.58825845,0.7700707,0.3870306,Stable
0.36692458,0.49662873,0.49505675,0.6465916,0.496476,0.37601972,0.6926741,0.715402,0.70356727,0.2832445,0.7463273,0.70754266,0.7464003,0.2676841,0.77009106,0.6047003,0.77110624,0.4012264,Stable
0.36698863,0.49670216,0.49515003,0.64669037,0.49657965,0.37594676,0.6927928,0.715311,0.7036247,0.2832862,0.7464403,0.7076117,0.74644464,0.26777476,0.77021855,0.60470873,0.77111715,0.40117222,Stable
0.3711897,0.5026196,0.48860437,0.64878124,0.49825692,0.3755101,0.6926807,0.719458,0.6943089,0.2884617,0.75273335,0.7046821,0.74360204,0.2696598,0.7692232,0.5939823,0.7671336,0.40027875,Stable
0.3702796,0.50480396,0.49418625,0.6563695,0.49863455,0.37691182,0.7139525,0.73601097,0.7006637,0.2857536,0.75384307,0.7055867,0.74806136,0.2714546,0.7707336,0.6013168,0.7699706,0.3991651,Stable
0.37129995,0.50875306,0.495214,0.6615527,0.5014778,0.3803396,0.7112005,0.7357714,0.6971818,0.2948699,0.7564742,0.71885246,0.7468011,0.27447855,0.77732223,0.6042563,0.7746393,0.40162933,Stable
0.36438152,0.51196736,0.4894869,0.6633702,0.4972527,0.38688335,0.6965551,0.74203265,0.6918177,0.29430294,0.7512824,0.719903,0.74399257,0.27395996,0.7711419,0.6123055,0.7699427,0.41217804,Stable
0.36439583,0.5119509,0.48950034,0.6633681,0.49723002,0.3869558,0.6965792,0.74206066,0.6912327,0.29480314,0.75132,0.7198448,0.74385595,0.27387726,0.7711251,0.61220753,0.76994133,0.41213077,Stable
0.3608395,0.51708925,0.491004,0.6686813,0.495865,0.3889932,0.697462,0.74387145,0.69103473,0.2966122,0.7501292,0.7191984,0.74609303,0.27097774,0.7736458,0.61369115,0.7729832,0.4082697,Stable
0.3615331,0.5206964,0.48961446,0.66949785,0.49604577,0.39535218,0.6884353,0.75194204,0.6926183,0.29653198,0.743499,0.7225518,0.7450062,0.27432102,0.7699799,0.6129741,0.76937264,0.4123715,Stable
0.36186874,0.52127624,0.49295554,0.67166066,0.49751842,0.39410934,0.7020732,0.7504661,0.69095534,0.30505675,0.7522985,0.7151887,0.74931514,0.2720582,0.7776825,0.61736274,0.7754227,0.41291887,Stable
0.3635819,0.5221277,0.49565014,0.67756474,0.497094,0.39482856,0.7018949,0.7552368,0.6904275,0.30492646,0.74974287,0.72416544,0.7476997,0.2735793,0.77537346,0.6176423,0.7723702,0.4139304,Stable
0.36362416,0.5221333,0.49558958,0.67751265,0.49708152,0.39487597,0.70184225,0.7552279,0.6903293,0.30490705,0.7496915,0.72416663,0.7476289,0.2738572,0.7753896,0.617648,0.77241415,0.41388762,Stable
0.36368066,0.5231378,0.4973551,0.67805266,0.4945304,0.39662465,0.70302,0.7555284,0.6886331,0.30183923,0.7498566,0.7205667,0.744545,0.27295285,0.77110124,0.61550516,0.76682854,0.41323704,Stable
0.36222506,0.5223843,0.49679464,0.6775896,0.49452096,0.3985874,0.70561934,0.7526991,0.6928915,0.29991153,0.75025296,0.71532243,0.74448454,0.27499792,0.7708191,0.6210408,0.766714,0.4228058,Stable
0.36175805,0.52312064,0.49633044,0.676252,0.49741805,0.39919028,0.70342344,0.752793,0.6967881,0.299671,0.7490603,0.71901107,0.7469791,0.2764679,0.7733099,0.6238441,0.76757765,0.42467856,Stable
0.3594905,0.5215802,0.49702498,0.67606586,0.49925327,0.39774084,0.70519483,0.75167084,0.6987481,0.30247048,0.75014126,0.71819174,0.74366397,0.28018084,0.7734167,0.61986464,0.7691425,0.42213267,Stable
0.3594098,0.52213776,0.49700028,0.6758937,0.49898988,0.3976688,0.7051438,0.75171375,0.698311,0.30274445,0.75025773,0.718403,0.7434527,0.28026217,0.7730672,0.6194824,0.76896715,0.4217293,Stable
0.360123,0.5187534,0.496099,0.6709751,0.49919948,0.3968793,0.70441383,0.75218624,0.6949556,0.30466294,0.74932325,0.71906793,0.74162686,0.28410095,0.77524304,0.6164775,0.77041024,0.4194487,Stable
0.3609364,0.51795024,0.49369335,0.6694478,0.49867973,0.39579564,0.70073795,0.75198925,0.7021905,0.29953736,0.74811,0.72352624,0.74647605,0.2770384,0.77404165,0.6170651,0.7706234,0.41822574,Stable
0.36472484,0.51542234,0.49451464,0.6719881,0.49949938,0.3936423,0.7079812,0.7512666,0.69290304,0.30463076,0.7526941,0.7071318,0.74346536,0.28233847,0.7752933,0.61057484,0.7712463,0.4102056,Stable
0.36222386,0.5185603,0.4937168,0.67062175,0.50218713,0.38956368,0.6993582,0.74769896,0.69805044,0.30062643,0.75116336,0.71841395,0.7468133,0.2766729,0.7764307,0.6142481,0.77600896,0.4075802,Stable
0.36211428,0.51856,0.49359196,0.6706284,0.50219107,0.38949654,0.69920945,0.74769974,0.6980939,0.30058384,0.75108904,0.7183859,0.7468473,0.27665848,0.77645063,0.6143824,0.7760701,0.40758932,Stable
0.36237082,0.5153216,0.4957891,0.6705768,0.5008756,0.39039072,0.69766665,0.7451823,0.7019322,0.29709786,0.7508211,0.7223038,0.7475044,0.27758133,0.7783927,0.61264986,0.77560973,0.40767145,Stable
0.36728704,0.51233983,0.49029252,0.6677954,0.4983467,0.38949606,0.69419235,0.74522394,0.69762075,0.2967856,0.7488279,0.7223162,0.7447324,0.27801225,0.7710213,0.6127209,0.76938593,0.4095331,Stable
0.36773664,0.51309925,0.49108016,0.66680354,0.5050633,0.38947698,0.69496083,0.7421906,0.7039384,0.2969098,0.7500548,0.7217474,0.74293184,0.2806027,0.77242804,0.61281854,0.77208847,0.4088007,Stable
0.36797583,0.51298237,0.49127442,0.66508293,0.50257146,0.38672563,0.6953801,0.7403547,0.7009753,0.2979932,0.75379646,0.720941,0.7484895,0.2764374,0.77468204,0.61090815,0.7756552,0.40523517,Stable
0.36800694,0.51290435,0.49124056,0.66513455,0.50268817,0.38677305,0.69503105,0.7401992,0.700792,0.29801363,0.7536496,0.7207074,0.74809766,0.27700925,0.7749006,0.6107766,0.7758403,0.40533206,Stable
0.36831176,0.5135985,0.49185714,0.66511524,0.5029818,0.38636646,0.70163465,0.7402779,0.7039325,0.2953584,0.7548814,0.71737206,0.7463767,0.27894062,0.77482814,0.6104187,0.7741159,0.4057768,Stable
0.36809024,0.5128748,0.49204966,0.6640051,0.5023077,0.38566464,0.69936097,0.74141353,0.70360124,0.2940423,0.75577915,0.717864,0.74566144,0.27906856,0.7744357,0.61001265,0.7738988,0.40526995,Stable
0.36944252,0.5117332,0.49295974,0.6659538,0.5030134,0.3853765,0.7019669,0.74315184,0.702634,0.29424888,0.75258493,0.7180543,0.7478303,0.2776108,0.7746208,0.6135104,0.77563953,0.4043219,Stable
0.37099108,0.511834,0.49206263,0.66692346,0.50312304,0.3856773,0.70372295,0.747591,0.7047597,0.29450482,0.75222564,0.7218746,0.7499045,0.27434468,0.77651304,0.6132944,0.7746507,0.40384322,Stable
0.3710253,0.5118341,0.49204454,0.6669562,0.5031493,0.38577303,0.7034092,0.74759305,0.7047365,0.29450688,0.75214314,0.72202075,0.7498902,0.27441877,0.77641654,0.613307,0.7746202,0.40383458,Stable
0.3680458,0.51363504,0.49261653,0.66799164,0.5024493,0.38651878,0.700737,0.74566185,0.7058338,0.29364634,0.75174296,0.721854,0.7524276,0.27462268,0.7764125,0.6136796,0.7745832,0.4047808,Stable
0.36911738,0.51530063,0.49243888,0.66839075,0.5000202,0.38743538,0.7017631,0.7464661,0.7026231,0.29596186,0.75114906,0.72391623,0.7499609,0.2763904,0.77417874,0.6150011,0.7727386,0.4076372,Stable
0.37102288,0.5161993,0.49192715,0.67025536,0.496301,0.38794646,0.6935564,0.7469618,0.70188236,0.29642713,0.7485015,0.7216565,0.75121367,0.27305344,0.7705798,0.61535305,0.7714404,0.40750486,Stable
0.37028772,0.5166775,0.4941988,0.670489,0.4948824,0.3908863,0.6977323,0.7440145,0.6984851,0.29784697,0.75261676,0.7174634,0.7494415,0.27463698,0.7717826,0.61177737,0.7697922,0.40910202,Stable
0.37027776,0.5166751,0.4941811,0.670442,0.49489266,0.39087337,0.69763494,0.743893,0.6984944,0.2978549,0.75268334,0.7175829,0.7495131,0.27458072,0.7716562,0.61187613,0.7697481,0.40916976,Stable
0.36601496,0.52316225,0.49370512,0.6720859,0.49558753,0.3957877,0.6988091,0.7431772,0.699129,0.29909772,0.7518538,0.7155343,0.7492881,0.2756108,0.77059746,0.61329025,0.7684573,0.41039765,Stable
0.36569703,0.5235064,0.49436402,0.6797104,0.4945097,0.3973269,0.6977025,0.749846,0.7028661,0.2978754,0.74959314,0.7209369,0.7499473,0.2765922,0.7733215,0.621142,0.7716114,0.41470143,Stable
0.36840296,0.5249393,0.49637496,0.6807687,0.49350318,0.3970364,0.70500636,0.7507496,0.6879977,0.30742604,0.75355387,0.7210831,0.7481324,0.27539626,0.7714628,0.6203549,0.76814795,0.41973814,Stable
0.36705917,0.52535605,0.48785397,0.6820957,0.4957618,0.3962921,0.70550525,0.7540829,0.69794405,0.30646008,0.75274014,0.71804655,0.7522849,0.27512926,0.7738487,0.6209786,0.77049226,0.4122479,Stable
0.36713693,0.52538466,0.48783064,0.6820973,0.4958169,0.39629793,0.7055713,0.75405157,0.69807804,0.30647993,0.75273895,0.71796596,0.7523672,0.27516854,0.773946,0.6209197,0.7705407,0.41226566,Stable
0.3696869,0.52405435,0.49415442,0.6842391,0.49541685,0.39713547,0.6987364,0.75645745,0.6854417,0.3082253,0.74847996,0.7209518,0.74387693,0.27882218,0.7687916,0.62226725,0.7669313,0.41871208,Stable
0.36578164,0.5210942,0.49114165,0.680947,0.49542493,0.39801094,0.7048084,0.74484843,0.69510263,0.3022465,0.7514579,0.70709467,0.74785376,0.27397358,0.77169836,0.61516666,0.7707499,0.41026017,Stable
0.36793634,0.52016276,0.4905826,0.6776644,0.4958312,0.39635247,0.7009413,0.7443528,0.69142044,0.30625394,0.75124353,0.7109506,0.7482189,0.27407244,0.7728798,0.6137152,0.7698924,0.40652668,Stable
0.3730658,0.51958203,0.49491212,0.6776575,0.4939233,0.39264017,0.71660805,0.7566919,0.70012015,0.29808676,0.75142777,0.7172,0.7490907,0.2743072,0.76898396,0.61260504,0.767699,0.41061586,Stable
0.3730653,0.5196568,0.49491438,0.67765206,0.49398464,0.39267433,0.7164718,0.75655854,0.70014095,0.29808456,0.75139654,0.71727836,0.7492349,0.27412382,0.76909125,0.6128081,0.7677972,0.4106533,Stable
0.3741035,0.5181252,0.49404335,0.6725925,0.49602446,0.39082098,0.7028102,0.75027514,0.7033634,0.2979523,0.75328624,0.7201783,0.7528144,0.27313244,0.77254033,0.6138733,0.7717166,0.4114774,Stable
0.37476683,0.5141226,0.4955688,0.67377037,0.49769545,0.3875556,0.70027673,0.74571335,0.70077956,0.29805085,0.74979115,0.7200093,0.74994874,0.27112085,0.77135634,0.61372966,0.7691399,0.40851972,Stable
0.37558734,0.5131364,0.48872417,0.6665099,0.495704,0.3851735,0.69780624,0.7440435,0.6981525,0.29974717,0.7516381,0.724286,0.7442945,0.27831107,0.77260846,0.61254656,0.77226937,0.40783465,Stable
0.37418792,0.51554346,0.48903304,0.6665753,0.49579477,0.38425037,0.6903926,0.7388233,0.7015512,0.29778135,0.752742,0.7276695,0.74496424,0.27590573,0.7707941,0.6108632,0.76689637,0.40152228,Stable
0.37413216,0.5156093,0.4890365,0.6666669,0.49586856,0.38431042,0.6902193,0.7388951,0.70165485,0.29780495,0.75260824,0.7276275,0.7449505,0.27597782,0.7707874,0.6110072,0.7669148,0.40162337,Stable
0.37442943,0.51738536,0.49124378,0.6680893,0.49983916,0.38421914,0.6922438,0.74082583,0.70179075,0.3005074,0.7514427,0.7240708,0.7493412,0.273871,0.77445096,0.6137002,0.7732358,0.40668604,Stable
0.37328443,0.5171049,0.49484083,0.67267585,0.4985565,0.38288105,0.688626,0.73737544,0.7006433,0.30414766,0.74860805,0.72932935,0.74548286,0.273081,0.77453244,0.6138532,0.772381,0.40351123,Stable
0.37436324,0.5189548,0.49328798,0.67314017,0.49700248,0.3831079,0.6903157,0.7411434,0.7003468,0.30335325,0.748564,0.72648376,0.74955195,0.27263495,0.7702846,0.6148849,0.7693786,0.40726778,Stable
0.37350556,0.5217301,0.49410376,0.674224,0.49817002,0.38476595,0.69675624,0.7457243,0.7004623,0.2996078,0.7503538,0.7202287,0.75084853,0.27117097,0.7742533,0.61229444,0.77342737,0.40576112,Stable
0.37351692,0.5216987,0.49420056,0.6742574,0.49802572,0.38486683,0.69708484,0.74585664,0.7002369,0.2997469,0.7505173,0.7199897,0.7509124,0.2710933,0.7742786,0.6123717,0.7733874,0.40581256,Stable
0.37285444,0.52649736,0.49433848,0.6792893,0.49528676,0.38665506,0.7048904,0.75165784,0.70182526,0.3042694,0.7506723,0.7164656,0.7542063,0.2691419,0.77145934,0.6195402,0.77022517,0.41303033,Stable
0.37466514,0.53005654,0.49683118,0.68024814,0.49708736,0.39555836,0.69904053,0.75126183,0.7014873,0.30043128,0.7522561,0.7102647,0.7488806,0.27425224,0.77003974,0.6149752,0.7648351,0.40919495,Stable
0.3752916,0.531055,0.49360427,0.6789524,0.4957752,0.39431357,0.6979963,0.7531435,0.6896114,0.31008685,0.75589746,0.72109425,0.75335205,0.27277207,0.7748815,0.6168615,0.77236116,0.4120036,Stable
0.37375295,0.5346777,0.498224,0.68183464,0.49769807,0.39806104,0.70705235,0.75475734,0.6830561,0.31250817,0.7552614,0.7183018,0.7482954,0.27448523,0.77760834,0.61582804,0.772159,0.40925354,Stable
0.37370014,0.53466624,0.49817938,0.68200994,0.4976582,0.39793503,0.7066056,0.7549955,0.68287766,0.31253117,0.7551818,0.71854824,0.74792093,0.27455714,0.77723336,0.61605656,0.77187365,0.40929002,Stable
0.37602174,0.5392165,0.49820668,0.6809897,0.49617773,0.4007308,0.7157923,0.75701535,0.6874522,0.31061178,0.7523536,0.7039131,0.747081,0.27382353,0.77844334,0.61299485,0.7688827,0.4093582,Stable
0.3747148,0.5428141,0.49285936,0.6847751,0.4919264,0.4022766,0.704378,0.75933444,0.68735784,0.3075065,0.74883074,0.71596044,0.75049514,0.26425764,0.7707495,0.62234974,0.7687495,0.42036936,Stable
0.37157723,0.54724056,0.4939685,0.6831386,0.49060553,0.39907098,0.7142854,0.7596618,0.6799712,0.31295022,0.7502154,0.71195287,0.75168145,0.25213128,0.77221525,0.6175432,0.7684897,0.41058624,Stable
0.3715614,0.5498041,0.5000411,0.682449,0.48933285,0.40407094,0.7182996,0.7601363,0.6749996,0.3110804,0.75198716,0.71239305,0.7397158,0.26008433,0.7742314,0.61915475,0.7685529,0.4119053,Stable
0.37198967,0.5498339,0.50010633,0.6823853,0.4893248,0.40429887,0.7189461,0.7601542,0.6743633,0.31145722,0.75158,0.71200794,0.73979586,0.25931776,0.7742599,0.61897165,0.76832885,0.41195366,Stable
0.37046188,0.5525412,0.501692,0.6859944,0.4926401,0.40693742,0.7274956,0.76139635,0.6751627,0.31783235,0.75102776,0.70696783,0.7342435,0.27777565,0.7764236,0.6321333,0.7712907,0.4284566,Stable
0.37355134,0.5555582,0.50061995,0.6878339,0.49097753,0.40897033,0.7138156,0.7591087,0.6642856,0.32554018,0.7490125,0.7106458,0.72234726,0.292789,0.7708448,0.63547385,0.7661953,0.43387672,Stable
0.37031072,0.5554792,0.49798283,0.68486804,0.4863906,0.41375965,0.69793,0.7568426,0.652042,0.32750162,0.747806,0.71995205,0.72156644,0.30231208,0.764872,0.62919736,0.75846076,0.42440638,Stable
0.37043417,0.5601371,0.4970042,0.69195616,0.48601133,0.41531557,0.70312965,0.7602336,0.6547052,0.33033457,0.74381554,0.72752947,0.73311806,0.2964092,0.76767075,0.6384696,0.7658853,0.4394306,Stable
0.37045926,0.5601721,0.49704,0.69219756,0.48602062,0.41537637,0.70336294,0.7603702,0.65458715,0.33053243,0.74362767,0.7274536,0.7330862,0.29652122,0.7678449,0.638613,0.7661127,0.43956608,Stable
0.36662453,0.5633886,0.49496448,0.69435835,0.4934778,0.41091007,0.72244775,0.7682371,0.6818775,0.31591058,0.7470006,0.7116749,0.7407415,0.28805652,0.77517104,0.6375269,0.7741866,0.43705723,Stable
0.36222976,0.5691424,0.5037981,0.6993103,0.49726886,0.41014695,0.7357267,0.77333087,0.6824896,0.3176959,0.75566006,0.72105324,0.7414166,0.29464772,0.77944255,0.6395798,0.77721584,0.44043368,Stable
0.36259374,0.5726522,0.50127095,0.7050132,0.492544,0.42284083,0.74170077,0.77801836,0.6578923,0.32160747,0.7498884,0.71835005,0.7465248,0.27446777,0.776237,0.63935786,0.7732526,0.44457674,Stable
0.35972545,0.57411,0.4969759,0.70791817,0.49392745,0.4159729,0.7406113,0.7781455,0.68067455,0.31251192,0.74964035,0.73040223,0.72908556,0.29056653,0.775974,0.6425489,0.77609223,0.4416783,Stable
0.3597477,0.57410735,0.49699187,0.7078625,0.49391994,0.4160691,0.7406311,0.77810633,0.680424,0.31248263,0.7496015,0.7297169,0.72906506,0.29055113,0.77594256,0.642357,0.77608776,0.44154388,Stable
0.35316414,0.5775867,0.5009965,0.71040696,0.48929042,0.40179604,0.7490692,0.77551055,0.68312067,0.29735434,0.74814963,0.70804334,0.7158786,0.2766801,0.778758,0.6378926,0.7748221,0.4305861,Stable
0.35171217,0.581124,0.49838877,0.7125322,0.48694536,0.40371382,0.74013853,0.78026545,0.6885847,0.30813578,0.74714726,0.72253084,0.7295167,0.29420567,0.7767297,0.6377076,0.76704395,0.43517804,Stable
0.35154927,0.5852585,0.4962955,0.7100624,0.48190662,0.40699458,0.7300463,0.77612394,0.67659163,0.31224954,0.7564759,0.71327806,0.76790917,0.2369154,0.7805614,0.6399044,0.77650994,0.43490708,Stable
0.3514744,0.5851543,0.49627,0.7099382,0.48180124,0.4067343,0.730016,0.77609366,0.6766037,0.31212914,0.7560593,0.71346754,0.7678845,0.23695932,0.7806463,0.63979965,0.7765703,0.43487546,Stable
0.35011274,0.58534217,0.49826705,0.70810413,0.47993216,0.41227627,0.7215104,0.7678307,0.669043,0.31801745,0.74923575,0.7196087,0.7570014,0.24569802,0.77538204,0.63246226,0.76879305,0.43089372,Stable
0.3555287,0.5877492,0.5014801,0.7085104,0.48342007,0.4102187,0.7403716,0.77415645,0.67374057,0.309151,0.75718236,0.7089219,0.76055217,0.24004154,0.7776679,0.6339405,0.7734463,0.42262715,Stable
0.35529405,0.5869227,0.4977642,0.70809263,0.47743246,0.40795672,0.7170076,0.76451826,0.67366123,0.30830476,0.74833643,0.72726965,0.7600268,0.22924691,0.776701,0.6347467,0.7717786,0.4295271,Stable
0.35303742,0.59550095,0.4945478,0.7102233,0.47402343,0.41672668,0.7329666,0.7714194,0.67472553,0.30896747,0.7521888,0.7239556,0.76071894,0.23365378,0.77549183,0.63355213,0.7715677,0.4296211,Stable
0.35306963,0.5955173,0.4945525,0.7102654,0.47392988,0.41684693,0.7323336,0.77099943,0.6749178,0.30885768,0.7521738,0.7230436,0.7607953,0.23375958,0.7754965,0.63367915,0.7715315,0.42987737,Stable
0.35533604,0.60021424,0.48823726,0.7109792,0.47534513,0.4253661,0.7189822,0.78073233,0.6701707,0.30903688,0.7497501,0.73423016,0.7588309,0.23406175,0.7778248,0.6386562,0.7744541,0.43161818,Stable
0.360216,0.60622483,0.4931653,0.71039975,0.4727738,0.4268169,0.7181412,0.7818365,0.6642638,0.31216508,0.7524663,0.7324812,0.7518513,0.2394061,0.7766287,0.63622904,0.7734151,0.43064314,Stable
0.35527503,0.60777915,0.49516594,0.7158305,0.4751119,0.42719516,0.7234747,0.77853584,0.66069126,0.3210166,0.7529192,0.7251265,0.75394535,0.2368466,0.7765197,0.6338988,0.7700554,0.42901766,Stable
0.35647905,0.61193824,0.49468276,0.71615195,0.47652602,0.42705983,0.7231655,0.7819928,0.6664039,0.31762946,0.7550783,0.7228755,0.7525572,0.24163327,0.7753917,0.6356683,0.77053064,0.4296139,Stable
0.35641104,0.6118909,0.49470267,0.71612954,0.4765235,0.42707467,0.72286934,0.782056,0.6665784,0.31748703,0.7552056,0.7229519,0.75207704,0.24127382,0.7753866,0.6356039,0.7704131,0.4295439,Stable
0.35373744,0.6104927,0.4922589,0.7179529,0.47815108,0.41847676,0.72895336,0.77748823,0.67346424,0.30872676,0.75688,0.7261264,0.7637223,0.22879872,0.77907085,0.6319368,0.77271616,0.41968775,Stable
0.35480678,0.6104513,0.49205598,0.7149004,0.48171803,0.4180809,0.7321172,0.7764739,0.6678064,0.30207992,0.74802744,0.7300455,0.7611377,0.22943494,0.77376103,0.62796867,0.7679813,0.4180566,Stable
0.3527989,0.6098615,0.49301422,0.71935093,0.48091957,0.42305765,0.7239408,0.7798722,0.6650771,0.3074985,0.7463233,0.7309625,0.76300544,0.22293517,0.77565265,0.63155574,0.7682004,0.41810274,Stable
0.35326475,0.61129594,0.48801562,0.71414083,0.4773732,0.42721474,0.7166151,0.7726691,0.6588596,0.30986345,0.74672145,0.71747184,0.7586117,0.22728352,0.7729787,0.6279571,0.7647567,0.41738403,Stable
0.3532351,0.61125904,0.4880405,0.71406174,0.47734416,0.42719337,0.7165607,0.77251405,0.6587948,0.30993396,0.7467046,0.71744955,0.75854844,0.22743672,0.7730331,0.6278806,0.7649097,0.4171463,Stable
0.35738844,0.613171,0.4878869,0.7144666,0.4787615,0.42233452,0.71880305,0.7732285,0.66380626,0.30815202,0.7529005,0.7293397,0.7569238,0.22279263,0.7715399,0.629832,0.7682907,0.41704863,Stable
0.3581316,0.6130753,0.4906177,0.71662945,0.479573,0.41991466,0.72003716,0.7751741,0.65990704,0.3077166,0.74535817,0.7291509,0.7552537,0.2221105,0.7724813,0.6284224,0.76752585,0.4137569,Stable
0.35836422,0.61083615,0.49159485,0.71367496,0.48512924,0.41198143,0.71971416,0.765953,0.66360784,0.30396467,0.7481465,0.72375244,0.75574577,0.22779635,0.7776551,0.629027,0.7704603,0.4102314,Stable
0.3542733,0.60421705,0.49073285,0.7108731,0.48249352,0.41459095,0.7165154,0.7663107,0.6624142,0.30507654,0.7477305,0.72216594,0.7581286,0.21387391,0.7758596,0.6280581,0.77053165,0.4097837,Stable
0.35415226,0.60422504,0.49082205,0.7108268,0.48241383,0.4146462,0.7163514,0.7663378,0.66245496,0.3049345,0.7475958,0.72212267,0.758475,0.21328884,0.7756306,0.627985,0.7704215,0.40989408,Stable
0.35385582,0.6030872,0.49030113,0.7110549,0.48068357,0.4139173,0.7170376,0.76431334,0.65889794,0.30123216,0.7479927,0.713287,0.75836813,0.20412657,0.78291214,0.6187278,0.7728469,0.40321916,Stable
0.35522068,0.59963524,0.48898637,0.71175396,0.47877312,0.40326378,0.71540284,0.77014124,0.6726381,0.27964056,0.7473091,0.7236337,0.7613525,0.187899,0.7778845,0.62641144,0.77309555,0.40370524,Stable
0.35418826,0.60182595,0.48865896,0.7068999,0.47684407,0.40669394,0.7191349,0.7645764,0.6718187,0.27319902,0.750838,0.7109875,0.7685592,0.17212974,0.77789533,0.6086967,0.7698363,0.39201224,Stable
0.35089773,0.5899234,0.48847705,0.70185035,0.47357303,0.40231496,0.71480584,0.76099104,0.6529779,0.2803225,0.74597776,0.6997363,0.7483461,0.19181827,0.77752805,0.5959751,0.76970994,0.3838552,Stable
0.35088462,0.5898951,0.48850906,0.7018696,0.47354198,0.4023026,0.7149501,0.7608638,0.65305275,0.28004372,0.7460506,0.69973105,0.76436555,0.17391285,0.77760553,0.59592795,0.7696762,0.38382745,Stable
0.350879,0.5883441,0.4930408,0.69582146,0.47456902,0.40021345,0.7168851,0.7565693,0.6594778,0.27478778,0.7497295,0.69221425,0.76565635,0.15732905,0.778578,0.5944661,0.76961964,0.3799858,Stable
0.35222274,0.5868466,0.49684224,0.68988985,0.46625906,0.39986545,0.72499007,0.7570445,0.6571007,0.2659726,0.7463465,0.69392294,0.72995514,0.20822386,0.7791244,0.5927082,0.76616824,0.37268966,Stable
0.35417527,0.5872706,0.49429023,0.68857116,0.46834788,0.39739007,0.72569126,0.7570877,0.65391064,0.26157668,0.74902165,0.6927048,0.76834196,0.1474667,0.7810365,0.5898369,0.7668819,0.36990222,Stable
0.36268008,0.5930636,0.49519634,0.68232507,0.46983466,0.39276564,0.72803223,0.756626,0.65268207,0.2583556,0.750862,0.6716895,0.7644667,0.1494699,0.7800679,0.57631516,0.7664578,0.35704824,Stable
0.36248907,0.5932492,0.49521172,0.6821935,0.46989867,0.392943,0.72768295,0.75678456,0.65254915,0.25853857,0.7507466,0.6717927,0.76504505,0.14920884,0.77997154,0.5762234,0.7665066,0.35709327,Stable
0.35742533,0.58537793,0.49095964,0.67447585,0.46537077,0.38893276,0.72085184,0.75339335,0.6545285,0.25067618,0.75409025,0.69315505,0.7684676,0.13730021,0.77709574,0.5765536,0.76635385,0.35463345,Stable
0.35578153,0.58276343,0.4901888,0.67816806,0.46841985,0.38195652,0.7282798,0.75172687,0.6564881,0.24210237,0.74406314,0.6890361,0.77012014,0.123221815,0.7752313,0.57744366,0.76332045,0.35015386,Stable
0.3525449,0.5774463,0.487006,0.6711595,0.46542192,0.3796069,0.72173494,0.75159323,0.65335673,0.24118505,0.75060964,0.6881723,0.7614392,0.115851365,0.77580845,0.5660518,0.76012367,0.34505183,Stable
0.35461456,0.57124007,0.5009445,0.67206335,0.4654817,0.37689477,0.7389351,0.7480132,0.650235,0.24086568,0.74909747,0.676453,0.7557134,0.11770755,0.7780845,0.5653125,0.7602645,0.34412786,Stable
0.35459846,0.57120186,0.50101215,0.6720008,0.46538362,0.37690318,0.7389125,0.7479787,0.6501086,0.2409588,0.7488696,0.67588484,0.7557423,0.11773627,0.7780123,0.5652615,0.7603895,0.34429294,Stable
0.35010454,0.56988347,0.4929772,0.6701392,0.4643917,0.37564427,0.7137529,0.737888,0.65436924,0.23458338,0.74766874,0.6839523,0.75735396,0.10374007,0.7765455,0.57342845,0.7589793,0.34974107,Stable
0.35912725,0.5671973,0.4923749,0.6663514,0.46622476,0.36614606,0.7375173,0.73213696,0.6563966,0.21538362,0.73916,0.673583,0.75876164,0.08259806,0.77715486,0.555638,0.760281,0.34644592,Stable
0.35379702,0.56864977,0.49210978,0.6598745,0.46283945,0.3649692,0.74205625,0.7287275,0.65457094,0.21670929,0.74373907,0.6486336,0.7655844,0.079762526,0.7730405,0.5523373,0.7590629,0.34509546,Stable
0.35642475,0.5633495,0.491409,0.6484954,0.459507,0.35966665,0.7330444,0.7159297,0.6494173,0.21397464,0.7435772,0.64560837,0.7678489,0.065387085,0.769333,0.5365287,0.7557067,0.33005667,Stable
0.35642442,0.5633712,0.49154454,0.64846313,0.45943773,0.35958415,0.732936,0.7159202,0.64951056,0.21406877,0.743505,0.64586616,0.7678525,0.06553027,0.76939106,0.5364524,0.7557265,0.33000582,Stable
0.35851198,0.5592535,0.497491,0.64468557,0.45857525,0.35269043,0.7352683,0.7107103,0.6449324,0.20516859,0.74414325,0.6449652,0.7541207,0.08581072,0.77091473,0.5241326,0.75744903,0.322355,Stable
0.35634503,0.5498298,0.49066764,0.6454944,0.45914075,0.34701025,0.73671913,0.699862,0.65098155,0.20189838,0.75154227,0.6382204,0.74633116,0.09386759,0.7740187,0.52786756,0.7626779,0.3169763,Stable
0.3561332,0.5469651,0.49247572,0.64136034,0.4606685,0.3468172,0.7165402,0.7011494,0.6541105,0.19390875,0.7504262,0.65696895,0.7663096,0.05313205,0.77182096,0.5374949,0.76320195,0.3230412,Stable
0.35335153,0.54434365,0.49038348,0.6422349,0.46083483,0.3439387,0.7236296,0.6941161,0.65092033,0.1912443,0.74593806,0.6460246,0.7686268,0.054979123,0.7727086,0.5445852,0.7620076,0.32604524,Stable
0.35339877,0.54448617,0.49025533,0.6422831,0.4608154,0.34392056,0.72359025,0.6940142,0.6510198,0.1911484,0.7459506,0.64609313,0.7686311,0.054817557,0.7726457,0.5445633,0.76199377,0.32604834,Stable
0.35394818,0.5557965,0.49026245,0.6417997,0.4652089,0.3455636,0.7025835,0.6899137,0.6478801,0.1943703,0.7536103,0.65485656,0.7633836,0.0418517,0.7720214,0.52708113,0.75779176,0.32229337,Stable
0.3551849,0.5634412,0.4917384,0.63427806,0.46090555,0.34764966,0.71107453,0.6896529,0.6401547,0.20167595,0.7452495,0.64297163,0.7568226,0.059900325,0.7729161,0.5411755,0.762614,0.32291073,Stable
0.3530224,0.55549705,0.49973378,0.6312407,0.4595294,0.3406558,0.71990174,0.6857252,0.64754856,0.17818397,0.7497244,0.6467869,0.7444264,0.06312067,0.77809733,0.5248639,0.7621777,0.3098224,Stable
0.35784206,0.5549611,0.5033326,0.626706,0.46110922,0.33148775,0.72242975,0.68302727,0.6529403,0.16615039,0.7558907,0.6356603,0.74903023,0.05922559,0.7757499,0.5090422,0.7613258,0.30100685,Stable
0.3578359,0.5548184,0.5032276,0.6267598,0.46102425,0.33156887,0.7222357,0.68311,0.6528448,0.16621609,0.7540673,0.6260859,0.7489555,0.05957473,0.7755844,0.5088297,0.7611501,0.30098093,Stable
0.35834524,0.56091845,0.50467825,0.6223022,0.4580464,0.32793552,0.71860135,0.67162085,0.64799786,0.16608828,0.7498157,0.62543184,0.7444165,0.053411447,0.77032447,0.50111556,0.7596049,0.29922968,Stable
0.36151505,0.5600413,0.50063795,0.6215818,0.45903894,0.32686502,0.70978,0.6745994,0.63810223,0.16870056,0.7571311,0.63252366,0.7140044,0.08648875,0.7668283,0.5036422,0.7592072,0.30350545,Stable
0.3526798,0.5400391,0.5030465,0.6180748,0.45832115,0.32478964,0.7218508,0.6662072,0.63727134,0.16948691,0.75462645,0.6268201,0.7216741,0.08522421,0.76403856,0.49662256,0.7564279,0.2962589,Stable
0.35158712,0.537426,0.5037138,0.6091542,0.4600067,0.31790268,0.7093146,0.6628711,0.63999087,0.16444159,0.75450885,0.6174418,0.71837306,0.08445614,0.7613752,0.50085694,0.7524385,0.29823864,Stable
0.35159785,0.5374462,0.5035759,0.60911155,0.459856,0.31799498,0.7090151,0.6628473,0.63990617,0.16451885,0.75449324,0.61762625,0.7183088,0.08444123,0.7613586,0.5008149,0.7523951,0.29825312,Stable
0.35651988,0.54273593,0.50543046,0.60448766,0.4604348,0.31211627,0.7023997,0.65304744,0.64016956,0.15514642,0.7536912,0.6126322,0.72034717,0.06317043,0.7651457,0.50126296,0.75621,0.28602383,Stable
0.35830635,0.5358857,0.5082543,0.6013873,0.4599064,0.30286396,0.70470536,0.646049,0.641091,0.14251855,0.75237274,0.5998496,0.7399386,0.046818852,0.76391333,0.49592453,0.75655055,0.27952027,Stable
0.3604082,0.5390848,0.51072854,0.5953126,0.46007988,0.30197293,0.7126469,0.6424757,0.64078057,0.15090996,0.7546062,0.5944765,0.73038125,0.050169446,0.7636652,0.48483524,0.750801,0.27745983,Stable
0.3556089,0.533677,0.5081355,0.5980034,0.4592772,0.30283266,0.7114908,0.64163685,0.64143515,0.15227747,0.7528319,0.5926538,0.73582906,0.045800544,0.75664186,0.49751687,0.742306,0.28117976,Stable
0.35562798,0.53369474,0.5081762,0.5980488,0.459265,0.30281216,0.7118064,0.6416701,0.64141464,0.15208241,0.752901,0.59262955,0.7360327,0.045659438,0.7566812,0.4974454,0.74236953,0.2811181,Stable
0.35663682,0.5352872,0.50357175,0.5935637,0.45939314,0.30071148,0.6952472,0.64102536,0.6359569,0.14690301,0.7537497,0.591528,0.7242846,0.050213747,0.7561273,0.49868724,0.745276,0.2803729,Stable
0.35866278,0.51719964,0.50173044,0.59443563,0.46120477,0.30422932,0.7015049,0.63171756,0.6411532,0.13387316,0.752018,0.58335555,0.7356712,0.04603,0.75581133,0.4833623,0.74178946,0.26738006,Stable
0.36261845,0.51979166,0.50459754,0.5841869,0.46101356,0.30621642,0.69464916,0.62500024,0.6315774,0.1533683,0.74907637,0.58880347,0.71784085,0.047165375,0.75987685,0.4729087,0.73992693,0.26190522,Stable
0.35941917,0.5178795,0.5093842,0.5882915,0.461841,0.29930604,0.69929856,0.629205,0.6341137,0.15376018,0.74848074,0.5913812,0.7212724,0.047363546,0.75320405,0.4864909,0.72831655,0.265962,Stable
0.3589011,0.5180239,0.5094925,0.58822787,0.4618256,0.2992616,0.69957685,0.6292285,0.6341894,0.15366185,0.7484362,0.59138083,0.7214794,0.047557972,0.75326097,0.48647088,0.7285105,0.26595643,Stable
0.36286172,0.518781,0.5107113,0.5833944,0.46036375,0.29644492,0.70496094,0.6222164,0.63762057,0.13665892,0.74935734,0.58774424,0.7174839,0.04860673,0.7567865,0.4832989,0.7398009,0.26691023,Stable
0.3598044,0.51821774,0.5179082,0.5848691,0.45951957,0.29332775,0.7437503,0.62770677,0.63724726,0.13089034,0.7490527,0.5823103,0.72064054,0.04714544,0.76350087,0.48067737,0.74475,0.26390973,Stable
0.3581018,0.51067936,0.51897836,0.58361334,0.4641524,0.29537928,0.7372931,0.61878264,0.62417936,0.1353818,0.74438953,0.57569075,0.7201714,0.044433005,0.7634887,0.46984038,0.7451004,0.26439714,Stable
0.35954493,0.5066521,0.52407134,0.58656013,0.46399873,0.28856048,0.74436283,0.623945,0.63315487,0.12674186,0.74320483,0.5786711,0.73065996,0.04893507,0.76422304,0.46935475,0.744993,0.25098002,Stable
0.3596167,0.5069148,0.5239824,0.58660734,0.46400195,0.2884766,0.7448093,0.62409747,0.6273201,0.13304894,0.7431111,0.5791733,0.7306224,0.04892485,0.76421785,0.46924222,0.74495685,0.25094044,Stable
0.36189932,0.5114421,0.52124685,0.58304334,0.4617145,0.29528773,0.73859465,0.62305677,0.6126225,0.13806567,0.7497542,0.5756091,0.710022,0.044690352,0.7655732,0.46595073,0.74631107,0.25816193,Stable
0.36522123,0.5197862,0.5191274,0.5828848,0.46134657,0.29087114,0.72270054,0.6172035,0.6181799,0.13811262,0.7533073,0.57969093,0.7084216,0.040323757,0.76664865,0.4632671,0.74761295,0.2530195,Stable
0.3722341,0.5230155,0.52421224,0.5811757,0.45936984,0.2851851,0.72797155,0.6135186,0.61765313,0.12847865,0.75341237,0.5773915,0.7110907,0.04343634,0.7666497,0.4686397,0.74908304,0.24671221,Stable
0.37556395,0.52132845,0.52325934,0.58075106,0.45436427,0.2826645,0.7299325,0.60294265,0.62469476,0.12423589,0.7519846,0.57380223,0.7139282,0.035122603,0.7657038,0.4544302,0.74855703,0.2477083,Stable
0.37556788,0.52125883,0.5229732,0.5809627,0.45435828,0.28267992,0.7288605,0.60360056,0.62431717,0.124473125,0.75239444,0.5742049,0.713762,0.03528934,0.7658324,0.45424065,0.7488255,0.24763149,Stable
0.36623305,0.51829284,0.53022826,0.5730159,0.46164164,0.27467448,0.7340471,0.5984874,0.6219491,0.113253236,0.74783325,0.5660883,0.7216164,0.038681358,0.7708842,0.45785674,0.7562692,0.24163422,Stable
0.36318645,0.5140331,0.52619064,0.5729832,0.45774096,0.27478337,0.7341273,0.6013057,0.62076426,0.11380266,0.7495939,0.56251264,0.72049993,0.038119867,0.7644984,0.46639463,0.7468215,0.24558437,Stable
0.36585364,0.48092365,0.525836,0.5740487,0.456992,0.27400804,0.73794407,0.59989125,0.62138695,0.123318896,0.75175166,0.5595113,0.7209925,0.040720195,0.76454365,0.45115897,0.7466375,0.23988198,Stable
0.35864818,0.48824987,0.5197308,0.5636396,0.45982668,0.27955717,0.73504966,0.5982751,0.60756683,0.13313265,0.74925077,0.5620371,0.72003955,0.041100215,0.76789844,0.45357412,0.75006735,0.24565819,Stable
0.35867712,0.48863706,0.5197871,0.5636518,0.45974433,0.27950373,0.73506445,0.5982338,0.60769004,0.13299203,0.7492694,0.5620556,0.72028625,0.04110332,0.7678592,0.45351464,0.7499475,0.24550226,Stable
0.35876772,0.4810403,0.5236693,0.56245905,0.46063823,0.27724844,0.73744893,0.59858346,0.6132195,0.12790206,0.7509164,0.5611105,0.72116536,0.03526729,0.76492584,0.44942114,0.7482519,0.23799507,Stable
0.36125088,0.49730214,0.51746124,0.5571559,0.45763788,0.2756799,0.71201074,0.59604776,0.5975355,0.1343269,0.7514354,0.55646694,0.7186117,0.03461501,0.75518847,0.44434214,0.74134344,0.2367957,Stable
0.356349,0.4986523,0.5150515,0.55737877,0.46333706,0.26701552,0.72984403,0.6028111,0.61615276,0.11485427,0.7484716,0.5535666,0.7168199,0.0347792,0.76275265,0.4451874,0.7513882,0.23664543,Stable
0.3641096,0.49988276,0.5171189,0.55337304,0.46054024,0.26426047,0.73554575,0.59969324,0.61752194,0.1102346,0.7509042,0.55389476,0.72646177,0.03429104,0.76156396,0.44331652,0.74713314,0.22487715,Stable
0.36358103,0.49919856,0.5169704,0.55342746,0.46048352,0.26439163,0.73572564,0.59978235,0.6145415,0.119087934,0.750944,0.55393684,0.72618604,0.034289032,0.76136327,0.44322073,0.74696636,0.2251045,Stable
0.36400017,0.4899066,0.5115868,0.5512314,0.45877808,0.26474738,0.7316281,0.5979655,0.6173227,0.10993349,0.7483067,0.55284464,0.7289374,0.04037278,0.7645487,0.4381401,0.75026286,0.23119214,Stable
0.3560251,0.48161727,0.51374805,0.5594773,0.4585628,0.26862183,0.73080873,0.59631217,0.6124271,0.11513202,0.74949145,0.553632,0.7268132,0.03461036,0.7676069,0.43378377,0.7436387,0.22563484,Stable
0.3518163,0.47850904,0.51865304,0.56066716,0.45912367,0.26839742,0.72896063,0.59195507,0.61864567,0.11248135,0.74984837,0.5560047,0.7290661,0.033762015,0.7661916,0.4333362,0.75083935,0.22107917,Stable
0.35842586,0.5078658,0.52108586,0.56379557,0.45515853,0.268106,0.7334677,0.59301984,0.6120678,0.121403456,0.7495297,0.5534186,0.72260636,0.03531023,0.76812714,0.44676024,0.752656,0.22488508,Stable
0.35826516,0.5075349,0.52072084,0.56380844,0.45522556,0.26800287,0.7333708,0.5930288,0.6120585,0.12144362,0.74949473,0.55342555,0.72237515,0.03537753,0.7679724,0.4467877,0.7526056,0.2250148,Stable
0.35777587,0.493829,0.5239499,0.56258094,0.4549904,0.26940754,0.7386679,0.59802204,0.60892946,0.12030265,0.74684453,0.54313135,0.7315531,0.03487354,0.77128243,0.4371668,0.7521392,0.2271316,Stable
0.35254592,0.4893614,0.5288912,0.5637996,0.45476446,0.2752729,0.7387192,0.5970222,0.61083364,0.12108436,0.7482972,0.5408654,0.7260158,0.03427281,0.7707628,0.43504596,0.75056076,0.23869835,Stable
0.3616515,0.50186384,0.5366607,0.56360537,0.45189166,0.27364677,0.7500879,0.5998974,0.61296254,0.10863447,0.75513333,0.545979,0.72738874,0.038537487,0.77043223,0.4301291,0.7461915,0.22452903,Stable
0.36624002,0.5116831,0.5333332,0.55946803,0.45419717,0.27300328,0.7372546,0.59400684,0.6066633,0.11856288,0.75351465,0.5471028,0.72672224,0.035125703,0.77158636,0.43246338,0.74789613,0.21744347,Stable
0.36696804,0.51195264,0.5331985,0.55935186,0.45417762,0.27294314,0.73746985,0.59402937,0.6066441,0.1185569,0.75321674,0.546931,0.7267222,0.035151467,0.771451,0.43252084,0.74783254,0.2175446,Stable
0.3579174,0.4953736,0.5344062,0.5669376,0.45454168,0.27505443,0.7477598,0.59908134,0.60557383,0.12539554,0.75742996,0.54813135,0.7229971,0.034280717,0.7762463,0.42918295,0.75723314,0.21038711,Stable
0.40252346,0.522165,0.52909464,0.5652468,0.45411128,0.27420846,0.73870456,0.59906477,0.6057799,0.120552555,0.75525343,0.5475163,0.7217831,0.03694372,0.7794618,0.44072032,0.7603102,0.22598389,Stable
0.41314495,0.52475977,0.5288975,0.5647867,0.45126244,0.27178383,0.74314016,0.6022022,0.60747826,0.11641312,0.7552418,0.54185355,0.72705555,0.03548529,0.7804607,0.44458616,0.7618698,0.23552376,Stable
0.3994248,0.50910914,0.52582633,0.5703665,0.44975042,0.2729169,0.7467078,0.6054021,0.6041423,0.12017773,0.7578851,0.54370797,0.7266025,0.035784494,0.78207326,0.45450342,0.76431155,0.23205125,Stable
0.3991966,0.5097378,0.5257745,0.57025176,0.44982886,0.27287528,0.7451193,0.60694396,0.6041583,0.12033701,0.7579104,0.54372,0.7265968,0.0358646,0.78207874,0.45449114,0.76423234,0.2320689,Stable
0.37742025,0.495624,0.52596486,0.5767505,0.45377502,0.27616733,0.7482843,0.6032789,0.60291773,0.1255106,0.758007,0.54239666,0.7237472,0.033397593,0.777022,0.4484297,0.76234055,0.2251701,Stable
0.36543113,0.49206644,0.5286475,0.57384205,0.4541921,0.27305275,0.74402994,0.6049485,0.61352634,0.11667225,0.7568613,0.538435,0.72761786,0.03277713,0.77830267,0.45879298,0.75932634,0.23982629,Stable
0.3828746,0.5076041,0.5273709,0.5698107,0.4538891,0.27368093,0.7381713,0.6040131,0.6145904,0.10677761,0.75607336,0.53326887,0.7223141,0.037498906,0.77887726,0.4503487,0.7631451,0.23980497,Stable
0.3669128,0.5240768,0.526579,0.5644755,0.45472485,0.27717084,0.7445642,0.60785043,0.6119561,0.1100634,0.7494959,0.53064215,0.7271354,0.03458128,0.77595115,0.44754195,0.7589685,0.24426936,Stable
0.3681463,0.5242288,0.52704644,0.5645726,0.45470238,0.2771696,0.7443832,0.60769236,0.6118478,0.11021124,0.7494248,0.53000474,0.72676957,0.03481598,0.7758531,0.447553,0.75896513,0.2444645,Stable
0.36352748,0.53125226,0.5274786,0.5628723,0.45453092,0.2806,0.7477133,0.606632,0.60980326,0.11446615,0.75168383,0.52560985,0.71568954,0.03353479,0.77343,0.4513484,0.75779,0.250485,Stable
0.35535368,0.5320411,0.5242077,0.5652343,0.4503181,0.28704405,0.74517083,0.6058566,0.60568947,0.122751735,0.74720645,0.522398,0.7139758,0.03443965,0.77304024,0.44935596,0.7569549,0.24928012,Stable
0.35309535,0.5276121,0.52729535,0.5666468,0.45170665,0.27853125,0.74663293,0.60828346,0.61104196,0.111461535,0.75030077,0.52736795,0.71569395,0.032975405,0.77052236,0.44512126,0.7499087,0.22934154,Stable
0.35126993,0.5056977,0.5336477,0.5672449,0.44913554,0.28255296,0.7539836,0.60523933,0.6125658,0.1102223,0.75250983,0.5272494,0.726596,0.032999948,0.773318,0.4430287,0.7620301,0.23738597,Stable
0.3508695,0.50545126,0.5334453,0.56710505,0.44916004,0.2826402,0.75395525,0.6052388,0.61248434,0.1102868,0.7524549,0.5270264,0.72654057,0.033130042,0.7731485,0.44315463,0.7619184,0.2376663,Stable
0.35007685,0.52202517,0.5420204,0.5643339,0.4550204,0.2759478,0.75909424,0.606619,0.613169,0.10818012,0.75028384,0.5254916,0.7238312,0.03668866,0.7756697,0.44557017,0.754712,0.23324096,Stable
0.3515579,0.5202027,0.5450019,0.5673113,0.4540732,0.2732157,0.75725436,0.60382223,0.61504525,0.11076959,0.74423426,0.5129602,0.72743654,0.03356038,0.7721495,0.44032317,0.7520771,0.23474914,Stable
0.35040653,0.5187427,0.5400305,0.5604718,0.45504606,0.275257,0.7583541,0.6066945,0.6153461,0.10711251,0.74816966,0.50500095,0.7308793,0.03384372,0.7720663,0.43478665,0.7535705,0.22824475,Stable
0.34235603,0.5177522,0.5275419,0.559235,0.45791036,0.27742648,0.75980496,0.61039865,0.61488986,0.11198111,0.7472595,0.5032036,0.7279281,0.03389795,0.7725658,0.43643266,0.75487363,0.23298767,Stable
0.34233627,0.51807725,0.5274277,0.55935466,0.45780128,0.27739275,0.76000977,0.6103799,0.61510265,0.11168109,0.74710274,0.5034194,0.72849745,0.0336951,0.7725415,0.43646106,0.75483644,0.23314807,Stable
0.33487675,0.50941265,0.5249057,0.56222093,0.45673156,0.2789763,0.7554096,0.6081057,0.61174715,0.11549036,0.7425109,0.49298796,0.722691,0.03360918,0.7727091,0.44874308,0.7561765,0.23605022,Stable
0.3364362,0.51690173,0.52551997,0.5670876,0.45690805,0.2740432,0.7526134,0.60635155,0.62560064,0.10201713,0.7429979,0.5031984,0.73043334,0.03166528,0.77268714,0.44839424,0.75674164,0.24019925,Stable
0.33924314,0.5123487,0.5262978,0.5716067,0.45689544,0.2803796,0.75187063,0.61552346,0.6097375,0.124724954,0.7522485,0.520221,0.7148311,0.037670955,0.7776305,0.4544657,0.7688564,0.25158846,Stable
0.33948344,0.5236401,0.52855015,0.5700201,0.4527914,0.28784567,0.75346696,0.61745036,0.6086219,0.1333603,0.7430305,0.5115025,0.7175138,0.040844955,0.77432835,0.44971752,0.7649526,0.24840242,Stable
0.33892068,0.5231097,0.5288311,0.5697536,0.45288587,0.28773403,0.7553157,0.6213827,0.60881394,0.13290925,0.74268574,0.51268375,0.71761954,0.04082222,0.7744765,0.44932008,0.76512015,0.24812433,Stable
0.33420202,0.5210731,0.5264471,0.5773423,0.4529527,0.28750134,0.7506833,0.6187155,0.61130226,0.13466667,0.74090064,0.49815902,0.73104453,0.043912753,0.7734302,0.4531277,0.7643858,0.2536841,Stable
0.33402658,0.51681757,0.53945655,0.57697356,0.45524034,0.27906823,0.755192,0.6199705,0.61914325,0.12556484,0.741905,0.5121995,0.7310207,0.03900629,0.77019024,0.4452226,0.7554283,0.22991417,Stable
0.34317136,0.53258485,0.5271442,0.5803979,0.45466515,0.28879943,0.7526499,0.62344664,0.61744416,0.1244629,0.74501985,0.49577972,0.7336866,0.04294434,0.7745116,0.4549607,0.76301074,0.250134,Stable
0.3395109,0.5298691,0.5355583,0.5819638,0.45586598,0.29306874,0.7521362,0.6215411,0.6110641,0.12523437,0.7447151,0.49186262,0.7114446,0.044548646,0.77523154,0.4544594,0.7644796,0.25142843,Stable
0.33949482,0.52987564,0.535617,0.58192724,0.4558289,0.2930314,0.7522625,0.6216952,0.6110494,0.12517692,0.74481076,0.4917756,0.7114584,0.044559594,0.7752449,0.45411426,0.7644147,0.25111514,Stable
0.34308678,0.52910185,0.5379689,0.58211297,0.449364,0.28845152,0.7569227,0.61855763,0.6144004,0.12351915,0.74185145,0.5124856,0.71713805,0.04124234,0.77371514,0.45083874,0.76237774,0.23916695,Stable
0.34576687,0.5331339,0.5434553,0.58529365,0.4480608,0.29431632,0.75754344,0.62336445,0.6144995,0.12118912,0.7405914,0.5076234,0.7171301,0.04227636,0.7752936,0.44181085,0.76170456,0.23742531,Stable
0.3422612,0.5303296,0.5368276,0.5930108,0.4460059,0.3034039,0.75393975,0.6264176,0.60549295,0.13479517,0.744434,0.5144115,0.71510863,0.047616243,0.77082574,0.45685694,0.7524788,0.2566771,Stable
0.34383488,0.5353171,0.53789204,0.59827,0.45091125,0.2992627,0.75354207,0.6297645,0.6178875,0.12618545,0.740448,0.5509686,0.7140224,0.048574597,0.77068585,0.45020148,0.7494178,0.24962482,Stable
0.34366763,0.53546387,0.5375503,0.59833354,0.45089352,0.29940403,0.7531077,0.62979853,0.6177882,0.12626733,0.7405061,0.5516391,0.713962,0.048601788,0.770513,0.4505858,0.74926054,0.24973969,Stable
0.33756503,0.5406158,0.53731686,0.5948081,0.4525121,0.29962453,0.7479694,0.63208294,0.6225387,0.11891453,0.7484796,0.5723593,0.71687746,0.05144059,0.77457374,0.44865844,0.75088596,0.24664342,Stable
0.34221214,0.5384946,0.535722,0.5947358,0.45124313,0.30696368,0.7450172,0.6333199,0.6243371,0.12399407,0.7537668,0.5699216,0.7177664,0.05341894,0.7710233,0.4634007,0.7577549,0.2648573,Stable
0.3470993,0.54148847,0.52885437,0.6003232,0.45221138,0.31110737,0.7369093,0.636797,0.6185776,0.13210581,0.75889623,0.5762044,0.7149452,0.054235727,0.7715456,0.46920162,0.74953127,0.2751822,Stable
0.34638542,0.5432408,0.53304005,0.6008082,0.4517742,0.3186103,0.7382261,0.6387968,0.60552526,0.15592964,0.75820297,0.57940316,0.7238221,0.062295444,0.77028096,0.4723466,0.7496673,0.27647626,Stable
0.34630904,0.54323006,0.5332141,0.6007972,0.45176655,0.31859273,0.73828715,0.6387843,0.60557747,0.15609197,0.7579512,0.5793459,0.72376764,0.062260002,0.7701501,0.4721124,0.74951386,0.27634326,Stable
0.3451266,0.5429419,0.537167,0.6022502,0.4498005,0.3123493,0.74807155,0.64503044,0.6216457,0.13324623,0.75841177,0.58473325,0.7200303,0.061371516,0.77772486,0.45457312,0.75472784,0.25299233,Stable
0.35053942,0.5536579,0.5371171,0.5980305,0.45067176,0.31200516,0.7485415,0.6487126,0.60610163,0.15591446,0.755068,0.57320017,0.7171587,0.06889687,0.7776301,0.45225605,0.7615747,0.25433004,Stable
0.34973812,0.5557786,0.53740126,0.59743017,0.44941235,0.3122181,0.7498417,0.6502506,0.6259745,0.13273792,0.7532274,0.572214,0.7250127,0.059592184,0.77553076,0.45510373,0.7539804,0.24914066,Stable
0.3386687,0.5417329,0.5354831,0.603295,0.44891596,0.31287003,0.7489033,0.64706475,0.62453467,0.13397406,0.75287473,0.5777315,0.7300782,0.05265824,0.77610505,0.46349132,0.7536618,0.24865475,Stable
0.33836815,0.5415716,0.5356447,0.603256,0.4490517,0.31298125,0.74898165,0.64708745,0.62455153,0.13391426,0.75286597,0.5778283,0.73022115,0.052615665,0.7763378,0.4633841,0.75380516,0.24846898,Stable
0.34165645,0.5360453,0.53757375,0.6029947,0.44765362,0.3151276,0.74121654,0.6450366,0.6190898,0.13519415,0.75595105,0.5783943,0.71632504,0.055051148,0.77016705,0.4635149,0.7482661,0.26347333,Stable
0.34130126,0.53926927,0.5355042,0.61071724,0.44840688,0.31401956,0.7416799,0.6447899,0.6241834,0.13567472,0.7560324,0.57889205,0.7157917,0.051451027,0.7717031,0.47064286,0.7491674,0.27024573,Stable
0.34895945,0.53636205,0.5410086,0.6101996,0.45211703,0.31889385,0.7520369,0.64588875,0.622446,0.15372251,0.754218,0.5663953,0.716591,0.0516268,0.7717995,0.46222305,0.75644034,0.2652822,Stable
0.34253085,0.53163576,0.5259472,0.6010475,0.45120284,0.30795047,0.7397859,0.6409216,0.6213446,0.13701522,0.7527758,0.5789292,0.71586436,0.040331345,0.7728119,0.46660417,0.75586414,0.26368266,Stable
0.34242138,0.5313953,0.5260391,0.60107684,0.451317,0.30809635,0.73980844,0.6409856,0.6212294,0.13708201,0.75278485,0.57891846,0.7159259,0.040390052,0.7728007,0.4664817,0.75587666,0.2636162,Stable
0.34008524,0.5140631,0.5172985,0.58794045,0.455332,0.29149494,0.7358429,0.62403464,0.61788523,0.12523149,0.7561721,0.57357883,0.7309737,0.046270296,0.76899064,0.4525128,0.75731945,0.25176024,Stable
0.34012264,0.50527596,0.52390397,0.5803689,0.46060047,0.27756047,0.73313284,0.6134008,0.61911184,0.10903409,0.74900526,0.5522475,0.7204911,0.04042932,0.7784729,0.4516936,0.76515615,0.2431565,Stable
0.33793867,0.4883899,0.5285265,0.57182133,0.45707607,0.27484542,0.73723096,0.6098695,0.6150619,0.11247035,0.74941516,0.5413548,0.7153543,0.03318675,0.7740625,0.4455255,0.7604804,0.24120823,Stable
0.33824632,0.48396057,0.5237021,0.5644958,0.45712966,0.272102,0.73567545,0.60459214,0.60636806,0.11232635,0.7438616,0.53928727,0.72176355,0.041209653,0.7706884,0.44214663,0.7578208,0.22498946,Stable
0.33856618,0.48415336,0.523708,0.5643183,0.45730203,0.27191693,0.73570555,0.6046295,0.60630155,0.11240736,0.74401236,0.53975385,0.7219956,0.041137453,0.77081174,0.4421544,0.7578766,0.22484002,Stable
0.34473008,0.48986432,0.521169,0.56109023,0.45345423,0.2679778,0.7240156,0.5986741,0.61645716,0.10877958,0.7509467,0.5460479,0.7202169,0.04496489,0.77309144,0.44295335,0.7615243,0.23430577,Stable
0.34225497,0.48067588,0.5249926,0.5616814,0.45412916,0.26065326,0.7394059,0.60091996,0.6240358,0.10085416,0.75334847,0.5478506,0.7230088,0.04393336,0.7818115,0.42881846,0.7639684,0.21039145,Stable
0.35415983,0.49957678,0.53042936,0.5532837,0.4560072,0.2560088,0.74501795,0.592381,0.6257672,0.09623666,0.7454009,0.52408326,0.73121667,0.033402324,0.7785505,0.42335218,0.76345193,0.20218466,Stable
0.35546967,0.4855491,0.52785623,0.54869014,0.4523619,0.24730526,0.74769634,0.5894171,0.6254955,0.082069375,0.7533609,0.51452875,0.72428834,0.034934048,0.7818301,0.40972102,0.76351714,0.19331919,Stable
0.35548013,0.48588568,0.5279257,0.5486835,0.45231867,0.24731505,0.74789757,0.5893353,0.62540805,0.082065195,0.7531631,0.5142994,0.7240645,0.034738377,0.78178644,0.40940332,0.76334304,0.19304216,Stable
0.35072395,0.46564823,0.5304419,0.5482034,0.4543507,0.23583844,0.74838614,0.58323056,0.6336381,0.07343107,0.75694716,0.5063877,0.7334274,0.03241486,0.7826314,0.41918552,0.7656581,0.19477475,Stable
0.34694922,0.457362,0.53450304,0.5488173,0.45221454,0.23125587,0.7544339,0.58125466,0.64192605,0.057510477,0.7494451,0.51809806,0.74623346,0.019339388,0.7807369,0.41267586,0.7687118,0.17828572,Stable
0.35135698,0.45661682,0.53365755,0.5418135,0.45050406,0.22964874,0.75398725,0.5781399,0.6336256,0.05959646,0.75185275,0.50301975,0.7512202,0.016918268,0.7869979,0.4161688,0.7723081,0.18925148,Stable
0.34956235,0.44867492,0.5396357,0.53601754,0.45068502,0.22448495,0.758379,0.5741232,0.63665164,0.047129966,0.75204456,0.49593633,0.7520325,0.021078607,0.7900991,0.40090233,0.77237576,0.17747441,Stable
0.34964177,0.4486981,0.53981197,0.5359215,0.4505629,0.2247101,0.75842303,0.57418215,0.63654673,0.04715912,0.7519476,0.49564248,0.751951,0.021097478,0.78992194,0.4006635,0.7722058,0.17736141,Stable
0.34468663,0.44448894,0.5319208,0.528494,0.44887042,0.21364078,0.7530186,0.5594,0.6322857,0.039739724,0.76212525,0.48241395,0.7536479,0.028341379,0.7895991,0.39994225,0.77115667,0.16933218,Stable
0.34433764,0.44167528,0.5289041,0.5188622,0.44441134,0.20470646,0.74661374,0.55676305,0.6285708,0.036440335,0.7570667,0.48659465,0.75649023,0.016616598,0.7879869,0.40254518,0.775974,0.17585723,Stable
0.33713126,0.42883322,0.5201857,0.5151018,0.44211018,0.20417342,0.7352178,0.55472934,0.6105508,0.0444747,0.76137036,0.48585957,0.74240553,0.017413827,0.78202486,0.40129197,0.7698144,0.17379706,Stable
0.3374521,0.41886076,0.5254278,0.5092753,0.44908804,0.19398284,0.7369815,0.5463401,0.6113121,0.0381762,0.75725484,0.48733172,0.74257433,0.018605959,0.78964823,0.39044127,0.77843845,0.15707582,Stable
0.33732483,0.4191813,0.52563757,0.5093969,0.44880503,0.19397524,0.7370466,0.54624623,0.6113392,0.03852896,0.75703114,0.48739296,0.7423724,0.018674836,0.78962946,0.38994738,0.778347,0.1565882,Stable
0.33674574,0.41485888,0.5221993,0.5033302,0.44783354,0.18678366,0.73830146,0.5448356,0.6197275,0.038123067,0.7611171,0.47403944,0.73531497,0.024728013,0.7789693,0.38565755,0.76837295,0.1541733,Stable
0.33807892,0.40936,0.52246416,0.49792653,0.45213115,0.18394807,0.7389033,0.54247767,0.622765,0.035020575,0.7628955,0.47636744,0.7396811,0.025998339,0.787935,0.38834167,0.7791548,0.15442964,Stable
0.33813435,0.40055084,0.524148,0.49340922,0.44658408,0.1797685,0.73366565,0.5383391,0.62106216,0.035517395,0.7604567,0.46743414,0.73283625,0.02613587,0.78537965,0.38478398,0.77410996,0.15119359,Stable
0.33817887,0.3995366,0.5243574,0.49328887,0.4456166,0.17180113,0.7337629,0.5337378,0.62361306,0.03021866,0.76089597,0.4873484,0.73638624,0.02286128,0.7845708,0.3793418,0.7771827,0.13763866,Stable
0.33810017,0.39955854,0.52442646,0.4934263,0.44548064,0.1719377,0.7338319,0.53374135,0.62335646,0.030492513,0.7608787,0.48729336,0.7361913,0.022784647,0.78459036,0.37936586,0.77711034,0.13759409,Stable
0.34410125,0.40365785,0.526716,0.48941728,0.45185316,0.16528833,0.73983467,0.53082514,0.6425086,0.033117324,0.76249635,0.46716523,0.7340996,0.02372713,0.7869498,0.3718545,0.78102887,0.13915092,Stable
0.3385068,0.39470166,0.52728903,0.4832465,0.4489517,0.1669772,0.74290085,0.5286573,0.6502323,0.02966564,0.75526947,0.44078562,0.7360084,0.024831593,0.78275156,0.3654164,0.77500856,0.1362776,Stable
0.33803353,0.3941904,0.5325386,0.4840777,0.4475538,0.16788092,0.75273407,0.52294123,0.631197,0.029934261,0.7554993,0.4547242,0.73942435,0.023914263,0.7890239,0.35700333,0.775779,0.13959809,Stable
0.33707473,0.39369696,0.5300995,0.48275727,0.44969285,0.1687372,0.7521757,0.5248975,0.6355492,0.027195305,0.758016,0.4411853,0.74302554,0.022328597,0.7890868,0.35637006,0.77605534,0.13820228,Stable
0.33677787,0.39372212,0.53006613,0.48256248,0.44963056,0.16863202,0.7521516,0.52500045,0.6355118,0.027073167,0.7580161,0.44093236,0.74298906,0.022087842,0.7889333,0.35638374,0.7760169,0.13819918,Stable
0.33810505,0.3832098,0.5269288,0.48139364,0.44884026,0.17017463,0.74210536,0.52750784,0.629014,0.031218937,0.7571892,0.46864983,0.74255645,0.03226602,0.77941835,0.37119,0.7722564,0.15145668,Stable
0.3394611,0.38020223,0.5266953,0.48181474,0.45156372,0.17276627,0.75639117,0.52294266,0.6497494,0.031989515,0.75298536,0.47025415,0.737906,0.02721208,0.78178304,0.37025127,0.76936287,0.15389585,Stable
0.34172675,0.38224244,0.52340174,0.4818961,0.45927382,0.16885006,0.7489679,0.53073585,0.65232015,0.037146,0.76306987,0.46820986,0.7419516,0.026163837,0.7779724,0.38351536,0.7688632,0.1583348,Stable
0.33891737,0.38210997,0.5207443,0.48948357,0.46540567,0.17361322,0.7412138,0.5371162,0.6577022,0.032192923,0.75558853,0.48886678,0.7455944,0.02684459,0.7782121,0.38359582,0.7693497,0.1632347,Stable
0.33888525,0.3821182,0.5207466,0.48962793,0.46555996,0.1734344,0.74130243,0.53718233,0.6578542,0.031956658,0.7558181,0.4883382,0.74574816,0.026951607,0.77813596,0.3837701,0.7692971,0.16334563,Stable
0.33834893,0.39111432,0.5167774,0.4940759,0.4683014,0.1872499,0.7486169,0.54874676,0.6534386,0.043716453,0.7566396,0.48855925,0.74794424,0.027622692,0.78343153,0.4025244,0.7750558,0.18157987,Stable
0.33936644,0.39677912,0.51593155,0.5029944,0.46534452,0.19617295,0.7497102,0.55948764,0.6601386,0.045500457,0.7572188,0.49434468,0.7425206,0.09762816,0.77967066,0.40541956,0.7722584,0.18413323,Stable
0.34396088,0.40277323,0.5194701,0.50822496,0.46282727,0.20530996,0.73860407,0.5576165,0.65708375,0.04877047,0.75846636,0.5097173,0.7344614,0.0308699,0.7836491,0.41128594,0.7682396,0.19707847,Stable
0.34461233,0.40467712,0.51795703,0.5130897,0.4580075,0.21480644,0.74801147,0.56314826,0.65064627,0.05786793,0.7581829,0.5305747,0.7356221,0.032153107,0.78272504,0.40769154,0.7648611,0.19645713,Stable
0.34460294,0.4046987,0.5179555,0.5130793,0.45797893,0.21486871,0.7477953,0.563077,0.65054274,0.05795733,0.75817454,0.5306129,0.73546374,0.0321099,0.78266907,0.40772498,0.76482725,0.19656101,Stable
0.34426755,0.41281042,0.5211627,0.5166061,0.4570328,0.21743254,0.75476253,0.5649656,0.65146804,0.068262234,0.74978936,0.5261031,0.7385906,0.03630745,0.78000474,0.41199157,0.76252955,0.20214908,Stable
0.34485126,0.41849095,0.52435756,0.52304435,0.4617368,0.22594091,0.7580149,0.5756434,0.6557893,0.06483014,0.74748105,0.52487636,0.7333833,0.0344553,0.78373134,0.41925454,0.76633143,0.20689844,Stable
0.34719667,0.42869413,0.52255917,0.5273558,0.4650129,0.22603542,0.75654715,0.5743878,0.657429,0.06647726,0.7585399,0.51988447,0.74164367,0.037738383,0.77604735,0.43472838,0.7635252,0.21997347,Stable
0.3464757,0.4303463,0.5297799,0.52940494,0.4630029,0.22762123,0.7595171,0.5775815,0.65800077,0.06211762,0.75562155,0.51248217,0.7450198,0.039883338,0.77960575,0.4199805,0.76423186,0.20304148,Stable
0.34646463,0.4303156,0.5296644,0.5294172,0.46295905,0.22768691,0.7595376,0.57753456,0.6578169,0.06229208,0.7557378,0.51291704,0.7449876,0.039761763,0.77995706,0.42014202,0.76445,0.20303285,Stable
0.3415577,0.43768117,0.5244622,0.5341704,0.4648792,0.23192477,0.7538828,0.57553,0.6576935,0.07110928,0.7493869,0.53601265,0.74841106,0.054627553,0.77725434,0.42849395,0.76065373,0.2063378,Stable
0.34277582,0.4408077,0.51735437,0.5397176,0.46819967,0.2380185,0.7507123,0.5796219,0.65601826,0.08668609,0.7506224,0.53186095,0.744595,0.052128717,0.77725405,0.44834134,0.76626194,0.22711977,Stable
0.34381998,0.44429883,0.5213473,0.5440866,0.4662199,0.23406342,0.7565114,0.58643353,0.6659587,0.080023736,0.75270367,0.5340872,0.7540316,0.051141553,0.77785796,0.44034085,0.76631373,0.2212013,Stable
0.34496325,0.44341227,0.5205178,0.54754287,0.4602083,0.23894846,0.75951785,0.59063065,0.66380864,0.080815904,0.74968433,0.5273443,0.74881333,0.050353758,0.7783277,0.44198927,0.76543826,0.22609696,Stable
0.34507275,0.44363523,0.5206145,0.5475888,0.46034464,0.23871475,0.75956696,0.590731,0.66388404,0.080675125,0.7497152,0.5273552,0.7489776,0.050270777,0.77854073,0.44209594,0.76558435,0.22606234,Stable
0.3453219,0.4452159,0.5214915,0.552137,0.46392196,0.24169537,0.76085365,0.5905837,0.66197336,0.08296708,0.75153655,0.51365983,0.74892896,0.048842322,0.7728626,0.44206712,0.76150626,0.22566092,Stable
0.34604293,0.44697213,0.5178869,0.55178446,0.45842057,0.2520681,0.7592815,0.59865785,0.65540624,0.09503667,0.75030017,0.5268165,0.7505568,0.06473747,0.7700666,0.45215428,0.7623965,0.24117427,Stable
0.346959,0.44977397,0.51825976,0.5552503,0.45997608,0.25641203,0.75649375,0.60235596,0.65780795,0.102560245,0.7513578,0.5167619,0.75097835,0.06807293,0.7742413,0.45846272,0.7647356,0.24275586,Stable
0.34304744,0.44800508,0.5181771,0.5592015,0.46258646,0.25639468,0.75271034,0.60550797,0.66388094,0.10822865,0.75505865,0.513318,0.7533998,0.06592823,0.7746624,0.45468867,0.76283634,0.23891334,Stable
0.34323785,0.44810134,0.51817816,0.55929184,0.46263522,0.25631338,0.75259894,0.6055726,0.66389656,0.10817995,0.7550971,0.51494753,0.75339496,0.0658892,0.77483743,0.45452258,0.7629952,0.23886886,Stable
0.34507406,0.44948632,0.52110535,0.5602741,0.46431524,0.25374258,0.7506954,0.60518754,0.66242516,0.09618514,0.7554681,0.51931787,0.7449822,0.057864748,0.775341,0.45725727,0.7621636,0.23995084,Stable
0.34575972,0.44913027,0.52820307,0.55772495,0.4656062,0.24999331,0.75472796,0.6049621,0.6666066,0.08855364,0.7575798,0.521695,0.7530197,0.06032708,0.77782094,0.45480722,0.7655055,0.23895118,Stable
0.34776625,0.44943416,0.52450925,0.5536113,0.46676826,0.24606548,0.7554518,0.6033782,0.6667398,0.08972557,0.75183934,0.5164123,0.75291723,0.050319105,0.7720916,0.45708463,0.7607631,0.22998135,Stable
0.34573984,0.4480141,0.5216892,0.5521593,0.46545348,0.24901465,0.7579149,0.6028116,0.6637187,0.08817734,0.7529639,0.53321016,0.7480525,0.054073002,0.7749461,0.44982278,0.7607955,0.22634274,Stable
0.3459023,0.44822845,0.52177423,0.55217123,0.46551841,0.2488793,0.7577488,0.6024957,0.6638806,0.08805509,0.7530915,0.53250813,0.7490394,0.052869808,0.77506727,0.4497722,0.76084036,0.22598098,Stable
0.34515524,0.44796455,0.5202179,0.5556497,0.46416998,0.24964927,0.757714,0.60140157,0.66214347,0.0923688,0.7527134,0.5214846,0.7484107,0.0630181,0.77377224,0.45149034,0.7609619,0.22747532,Stable
0.3459264,0.44272345,0.51676166,0.5528691,0.47150025,0.24324767,0.7533792,0.59580576,0.67581403,0.08670972,0.7519361,0.52567756,0.75361794,0.0644059,0.7791874,0.45457393,0.7670023,0.22719046,Stable
0.34322497,0.43736547,0.5192938,0.5525757,0.47267145,0.2401201,0.7560195,0.59342295,0.6804037,0.08263901,0.7521932,0.51515186,0.7589995,0.06059791,0.7815325,0.45440876,0.7689532,0.22428411,Stable
0.3391027,0.43195605,0.5168323,0.547445,0.4771688,0.23599015,0.7486512,0.5952889,0.68085253,0.07872258,0.7569035,0.5012286,0.75989604,0.04453618,0.78395927,0.44871375,0.7697933,0.22662996,Stable
0.33896166,0.4319986,0.5169898,0.5474007,0.477218,0.23589829,0.74867487,0.59511626,0.681092,0.07843159,0.75698704,0.50158596,0.7600446,0.044520244,0.78388107,0.44853792,0.7696888,0.22640638,Stable
0.3445732,0.42550397,0.5198275,0.5476123,0.47837532,0.23288201,0.75994444,0.5946603,0.68827856,0.087574385,0.7585428,0.5038252,0.76055133,0.04280679,0.7797358,0.44426617,0.76533604,0.2214354,Stable
0.34265542,0.42289874,0.5154941,0.54515016,0.47668552,0.23672865,0.75808644,0.60346496,0.68342793,0.09876575,0.75546926,0.5283159,0.75718987,0.04638898,0.77555203,0.44489735,0.7639846,0.22567748,Stable
0.3456342,0.42811507,0.5095377,0.54808277,0.47707587,0.2390003,0.7568126,0.6015704,0.68613,0.10778551,0.7537934,0.5560417,0.7596635,0.044964712,0.7748761,0.45608568,0.7660081,0.2302104,Stable
0.34462678,0.43482298,0.5096271,0.5457808,0.47574586,0.24488258,0.74339056,0.6081128,0.67873585,0.12166767,0.75051737,0.57182574,0.762208,0.04558003,0.77444494,0.4627703,0.7622952,0.24105287,Stable
0.34459504,0.4348615,0.50958323,0.5457925,0.47567886,0.24494724,0.74323547,0.6081223,0.67871165,0.12184189,0.7504353,0.5722438,0.7621844,0.04565601,0.7744709,0.46288526,0.76234984,0.24113135,Stable
0.3431874,0.43579906,0.5070479,0.5485784,0.47615668,0.25156656,0.7384156,0.6121793,0.6744043,0.13395412,0.74648684,0.57308936,0.7624817,0.04829318,0.76827186,0.4610742,0.75898576,0.24503756,Stable
0.3429286,0.4341043,0.51259416,0.5544856,0.47449577,0.25037116,0.7440437,0.61471474,0.6721875,0.13654862,0.7488464,0.5740487,0.76522005,0.04465596,0.7716906,0.4748542,0.7637255,0.24899378,Stable
0.3397989,0.43538627,0.50777966,0.55784583,0.47481462,0.25556788,0.7435193,0.6237153,0.6776804,0.13266575,0.74732673,0.5834751,0.7701433,0.05063648,0.7688483,0.47771645,0.764843,0.26557338,Stable
0.3398773,0.44110054,0.5053151,0.5660269,0.47481784,0.26995838,0.7345202,0.62650144,0.67457294,0.14727595,0.7468077,0.5842441,0.7672086,0.066370524,0.7667148,0.47746235,0.7592938,0.26705092,Stable
0.33983487,0.44108838,0.50523514,0.56603336,0.47463667,0.27003646,0.73419464,0.62643826,0.67436045,0.14755717,0.74662745,0.5841225,0.77288556,0.064080596,0.7666004,0.47743565,0.7590803,0.26706234,Stable
0.338636,0.44396028,0.5009567,0.56993234,0.47741517,0.27399182,0.7367674,0.6282533,0.6702923,0.15046822,0.75112647,0.57387537,0.75744385,0.097621486,0.77000296,0.4813289,0.76005864,0.26844513,Stable
0.338903,0.4456246,0.50482434,0.5737757,0.4850684,0.26977026,0.7372834,0.63471633,0.68110347,0.14246628,0.752592,0.58345175,0.77476853,0.060470384,0.7677425,0.4912169,0.7604617,0.28102517,Stable
0.33855665,0.4460568,0.5049828,0.57869136,0.48311278,0.27563405,0.7341773,0.633281,0.6770011,0.1473142,0.7538841,0.5932842,0.7736671,0.0653965,0.7699032,0.4921701,0.7622459,0.2819077,Stable
0.34053552,0.44864148,0.50437164,0.583052,0.4841301,0.27897352,0.73387945,0.63189924,0.67353433,0.15453768,0.75578487,0.5861665,0.76948595,0.07849777,0.77152866,0.49216104,0.7625513,0.2801758,Stable
0.34050262,0.44868344,0.50444925,0.5831174,0.4840644,0.27906457,0.73416245,0.6318217,0.6734257,0.15449506,0.7556917,0.5866463,0.76939887,0.07858066,0.77165854,0.49216044,0.7625951,0.28032577,Stable
0.340247,0.44756097,0.5018482,0.58626854,0.48371983,0.28000277,0.7367201,0.6388738,0.6736752,0.16260837,0.75893235,0.5912828,0.75883174,0.1036728,0.7735431,0.49940014,0.76299995,0.28703195,Stable
0.33755168,0.44891998,0.49771187,0.5873693,0.48753783,0.28608555,0.734601,0.6424408,0.67041844,0.17427143,0.75675905,0.6071406,0.757961,0.11192706,0.77378476,0.499212,0.7638154,0.28936484,Stable
0.3381284,0.4556741,0.50064015,0.59275436,0.4843049,0.2939989,0.7349709,0.65072954,0.6696832,0.1896454,0.7599539,0.6071744,0.75339335,0.13258845,0.7755367,0.5068095,0.7667581,0.2993154,Stable
0.3410829,0.46425414,0.5036463,0.59680873,0.48564285,0.29842877,0.740085,0.6614195,0.6756324,0.1973249,0.75923705,0.6096258,0.7628998,0.13295653,0.77726454,0.52109796,0.76854765,0.31787643,Stable
0.34109554,0.4642528,0.50367665,0.59691083,0.485697,0.2984566,0.74010557,0.66143847,0.6756133,0.19736123,0.75916755,0.60958445,0.76291037,0.1328752,0.7773427,0.5210626,0.768569,0.31789577,Stable
0.34908932,0.47106773,0.50154185,0.6012322,0.49013305,0.3015542,0.73603046,0.6649994,0.68136805,0.20188889,0.7555186,0.6275224,0.7640349,0.13420545,0.77721757,0.5338294,0.7730944,0.3219838,Stable
0.3434391,0.47636682,0.5077455,0.61700934,0.48422715,0.31915665,0.74188805,0.67627144,0.67779607,0.21218339,0.7584557,0.6104292,0.75501335,0.14492011,0.7719828,0.5364562,0.7610395,0.32701057,Stable
0.342992,0.48243722,0.50497866,0.6173598,0.48265117,0.32318974,0.7409364,0.67839164,0.6778135,0.21004343,0.7624838,0.6288796,0.7619914,0.15275043,0.7740044,0.5385605,0.7654176,0.32863748,Stable
0.34726912,0.48628566,0.5099416,0.62075377,0.48814413,0.33145422,0.7423527,0.68093014,0.6776945,0.2121101,0.75807756,0.615347,0.75576067,0.1814242,0.77716225,0.54148114,0.76650715,0.3426308,Stable
0.34726012,0.48613822,0.5099093,0.6207814,0.48811632,0.331523,0.7424072,0.6809241,0.677722,0.21203367,0.75802636,0.6153876,0.7558054,0.18131213,0.7772584,0.54151165,0.76648325,0.34262568,Stable
0.3506791,0.4898364,0.5094473,0.6294869,0.48907265,0.33169255,0.75417197,0.6943483,0.6785287,0.22383653,0.76136136,0.5967868,0.7557976,0.18431717,0.77530944,0.53808314,0.76401377,0.3357376,Stable
0.34918112,0.49285758,0.51288074,0.6326782,0.48645675,0.3363129,0.7488227,0.69272417,0.67554116,0.2236499,0.760239,0.58642656,0.75484866,0.18060404,0.771588,0.5351147,0.76042885,0.3376692,Stable
0.35256273,0.49638945,0.5176455,0.6338199,0.4858628,0.33910102,0.7453158,0.7017814,0.6753814,0.23283759,0.76237535,0.60805964,0.7540488,0.18379706,0.77387154,0.5555253,0.7640872,0.34911406,Stable
0.35252234,0.49988505,0.517669,0.634557,0.48468882,0.34431553,0.74679846,0.7056451,0.6718351,0.23576425,0.76593816,0.5994841,0.75212073,0.17754492,0.7756564,0.54896706,0.7643496,0.34514913,Stable
0.35251033,0.4998566,0.5176755,0.63458216,0.48464593,0.34426853,0.7469779,0.7054588,0.67177963,0.23574567,0.76602304,0.59938467,0.751958,0.17754018,0.775423,0.5487058,0.76402855,0.3448668,Stable
0.35303825,0.50423265,0.51578224,0.6363369,0.48580605,0.3526307,0.7459661,0.70529985,0.6674371,0.24568634,0.76244414,0.6266081,0.7454426,0.19067769,0.7748996,0.558334,0.76602864,0.35545072,Stable
0.35176668,0.50981724,0.5119205,0.6426679,0.48333535,0.34820396,0.75417566,0.72039926,0.67281616,0.25445783,0.7647225,0.61933196,0.74429107,0.1965239,0.7754392,0.560374,0.7683004,0.35528454,Stable
0.356739,0.51180303,0.512187,0.6372095,0.48302037,0.3555106,0.7427721,0.71887034,0.6660108,0.24923477,0.76113117,0.63017803,0.74719167,0.19658089,0.7817022,0.56592065,0.77101517,0.35951865,Stable
0.35708958,0.51238596,0.51077807,0.6382806,0.47986993,0.35618657,0.74579954,0.71988773,0.66324836,0.25316414,0.76760054,0.60588557,0.7516312,0.20193009,0.78078556,0.5655072,0.76992536,0.36358723,Stable
0.35714245,0.51234317,0.5107415,0.6383191,0.47967005,0.3562656,0.74609256,0.719695,0.66324425,0.25323895,0.7673286,0.60555315,0.7517079,0.20206265,0.78071374,0.565308,0.7698581,0.3634096,Stable
0.3562189,0.51136696,0.5087787,0.6451565,0.48232335,0.3574651,0.74728966,0.72142863,0.66688144,0.25327367,0.7666394,0.60103333,0.7444061,0.20351845,0.78081053,0.56378335,0.769209,0.36211798,Stable
0.35436314,0.50951254,0.50857294,0.64661074,0.48302647,0.35637724,0.7559856,0.71993005,0.6627266,0.2566858,0.7681109,0.5986643,0.7532457,0.22407846,0.7806971,0.5744091,0.7713637,0.36356586,Stable
0.35352266,0.5082933,0.5124048,0.64136636,0.48539144,0.35023212,0.75408095,0.72079587,0.6721735,0.25259784,0.7679746,0.60359454,0.7528553,0.21667087,0.77620596,0.5741359,0.7681095,0.36113566,Stable
0.35353085,0.5083216,0.5123937,0.641377,0.4853,0.3501727,0.75403476,0.7208271,0.6721775,0.25256965,0.767873,0.60359204,0.7527766,0.21672325,0.77599233,0.5741157,0.76799154,0.36105978,Stable
0.35158026,0.5084864,0.50866663,0.6416151,0.4872443,0.35175043,0.74142885,0.7182002,0.6732091,0.25197846,0.7692031,0.63493663,0.7482452,0.21473126,0.7763225,0.5745414,0.7673232,0.36866555,Stable
0.3514391,0.5081486,0.50611764,0.64047635,0.49175832,0.35085887,0.7426659,0.7231893,0.670089,0.25642163,0.7607789,0.639511,0.754578,0.21603903,0.778162,0.5600558,0.7678963,0.35255486,Stable
0.35218975,0.50747406,0.5010517,0.64032614,0.49436685,0.34632415,0.7362103,0.7194234,0.67265266,0.25517482,0.7654221,0.65330243,0.7606044,0.2128644,0.7770263,0.56516194,0.76607,0.36311525,Stable
0.35203898,0.5079372,0.49860567,0.64039195,0.49263757,0.34677002,0.7392992,0.7205063,0.67813367,0.25204924,0.7698099,0.6341984,0.75605,0.21254584,0.7728113,0.5578858,0.76287186,0.36251497,Stable
0.35205126,0.5079422,0.49877986,0.64032876,0.49265307,0.34677085,0.73935544,0.720644,0.6781799,0.2519939,0.7698443,0.633952,0.75611234,0.21255928,0.77286875,0.557883,0.76298535,0.36253464,Stable
0.3528186,0.50845605,0.49917263,0.6410576,0.48898742,0.3548115,0.74014306,0.71629477,0.6791901,0.25862837,0.77265537,0.67607063,0.75536156,0.2134708,0.7762703,0.5564034,0.7641248,0.35528073,Stable
0.354375,0.51005447,0.501058,0.6409923,0.48715144,0.35494015,0.7410394,0.72045106,0.67620724,0.2600629,0.7716355,0.6745914,0.7577624,0.21343903,0.77727264,0.5584358,0.7651834,0.35403344,Stable
0.35445428,0.51068145,0.4990065,0.64191943,0.48909613,0.36039993,0.7403349,0.72030675,0.67668885,0.2623759,0.7722235,0.67514646,0.7619462,0.21312766,0.7792639,0.5702926,0.77159756,0.3681897,Stable
0.3602916,0.51496434,0.4966583,0.6449833,0.4873914,0.35800752,0.7375268,0.7199623,0.6783201,0.26616952,0.76347315,0.67685723,0.76054454,0.23846218,0.7754657,0.5625254,0.76640296,0.36945984,Stable
0.36017132,0.5150588,0.49682045,0.6449151,0.48724926,0.3579858,0.7374577,0.72000307,0.6781311,0.26616344,0.7634132,0.67700094,0.76046175,0.21617988,0.7754915,0.56264687,0.7663784,0.36966103,Stable
0.36256024,0.5201501,0.49535966,0.6488204,0.48378235,0.3649839,0.73198795,0.7227101,0.6724004,0.27565545,0.7574262,0.68170047,0.76240957,0.22188255,0.7765446,0.57526636,0.76883376,0.37492368,Stable
0.3598003,0.5240667,0.5016874,0.65554756,0.4835119,0.3677568,0.7425725,0.73724526,0.68138075,0.27581102,0.75141287,0.6861281,0.75667906,0.2213832,0.77971554,0.5757166,0.76997054,0.37278968,Stable
0.3559868,0.52263176,0.5009192,0.65657073,0.4889478,0.37097263,0.7416448,0.73583984,0.67186135,0.2752118,0.7540114,0.6956355,0.75910157,0.24086587,0.7838199,0.57777596,0.7763831,0.3750009,Stable
0.35711938,0.5220896,0.4998706,0.6554193,0.48660868,0.3728684,0.7372832,0.73257947,0.67275226,0.26909986,0.756143,0.6947479,0.753054,0.22232305,0.77820563,0.58395123,0.7696196,0.3783866,Stable
0.35718113,0.5220457,0.5000101,0.65540314,0.48336872,0.37022072,0.7374947,0.732495,0.6729435,0.26915288,0.7564653,0.6943631,0.75296086,0.22250298,0.7785148,0.5841489,0.76980275,0.378496,Stable
0.35813853,0.52472544,0.50193346,0.6568902,0.48279923,0.37177047,0.7361695,0.7332143,0.6763855,0.2762364,0.7525799,0.69480985,0.7494051,0.26823428,0.77422065,0.58042043,0.7644162,0.37947688,Stable
0.35674316,0.5275333,0.5017828,0.6602428,0.48455295,0.37497127,0.73737705,0.73954844,0.67950004,0.27838093,0.75395346,0.69487774,0.7522068,0.24446607,0.77550995,0.58968794,0.7685074,0.38766986,Stable
0.35829195,0.5287285,0.499173,0.6613362,0.4883649,0.37418222,0.74003863,0.74004006,0.6778178,0.2783149,0.7541324,0.6934492,0.7537636,0.2431802,0.7768153,0.5863782,0.7692268,0.3803587,Stable
0.358509,0.5264874,0.4999641,0.6593018,0.49037096,0.374609,0.73778796,0.7376017,0.6838299,0.27676782,0.7549082,0.69332445,0.7590225,0.24165079,0.7800359,0.5888984,0.7723522,0.38080236,Stable
0.35846695,0.5264826,0.4999774,0.65933925,0.49029922,0.37459552,0.73779464,0.7375785,0.6838248,0.27674106,0.75487757,0.6932503,0.7590639,0.24167278,0.78004074,0.58906347,0.7723477,0.38091636,Stable
0.3597915,0.52598464,0.50065696,0.65772426,0.4955774,0.36908385,0.7395266,0.7351098,0.67998093,0.2785659,0.76129377,0.6930983,0.75073826,0.26557788,0.7802472,0.5821399,0.7725084,0.37870324,Stable
0.3575753,0.52535164,0.49979264,0.66124576,0.50289357,0.36722302,0.7434931,0.73694825,0.6968868,0.26570097,0.75953174,0.68450713,0.76698345,0.22287393,0.78221315,0.58049285,0.77424335,0.37519228,Stable
0.35721347,0.52448136,0.4985081,0.66276985,0.5023998,0.37301785,0.73676395,0.7416033,0.6953902,0.27765954,0.7588348,0.685668,0.76747704,0.21771699,0.78031796,0.59453607,0.7734357,0.38669354,Stable
0.35752368,0.5254133,0.49654597,0.663974,0.5000983,0.37220666,0.72951365,0.7382804,0.69599426,0.27763844,0.7639021,0.6962236,0.76768005,0.21747807,0.780081,0.59446084,0.7738049,0.38719723,Stable
0.35752547,0.5254204,0.49644363,0.6640787,0.49985406,0.37237644,0.7294704,0.7383069,0.6957037,0.27789438,0.76383376,0.6963804,0.7675569,0.21840179,0.7800116,0.59447896,0.77357996,0.3872496,Stable
0.3561556,0.5242734,0.49607188,0.66466856,0.5033118,0.36857435,0.73400056,0.74072164,0.6990069,0.2756998,0.76247734,0.6948612,0.76780653,0.22147302,0.7815597,0.59459835,0.77611697,0.37917262,Stable
0.35794804,0.52771324,0.49537343,0.66365796,0.50620484,0.37129688,0.7355954,0.73684806,0.70285505,0.2771424,0.7592194,0.7054249,0.7656657,0.21342468,0.78402686,0.58719057,0.7774483,0.37748072,Stable
0.35637015,0.5278017,0.49778926,0.66456455,0.5010615,0.37700272,0.7379701,0.7480196,0.69658315,0.29141194,0.7602591,0.6997268,0.765028,0.21550898,0.78193873,0.5946593,0.776755,0.38995773,Stable
0.35941586,0.5287269,0.49718636,0.66409534,0.49964163,0.373254,0.73757,0.739612,0.7003398,0.28859,0.7620437,0.6972117,0.76694083,0.21422248,0.78133655,0.5869868,0.77456725,0.38659748,Stable
0.35935995,0.52882206,0.49698138,0.6641505,0.49954617,0.37331876,0.7373159,0.7396817,0.7002574,0.28881806,0.7627253,0.6976507,0.7669985,0.2141431,0.78119457,0.5872817,0.7745628,0.3868193,Stable
0.3583392,0.5282098,0.49467897,0.6623521,0.49763474,0.37255943,0.72776425,0.7368647,0.6925482,0.2829663,0.76032066,0.70307314,0.7634596,0.21909742,0.7823248,0.58745265,0.77527225,0.37759644,Stable
0.35383922,0.5275217,0.4925973,0.6636998,0.4982713,0.37408218,0.72462434,0.74608254,0.69048786,0.28195012,0.7619611,0.7028894,0.7639649,0.21807775,0.7770361,0.5978538,0.77278155,0.3861698,Stable
0.35507762,0.5280071,0.49204594,0.6631644,0.49656165,0.37373218,0.7179324,0.74387854,0.6912013,0.28043348,0.7611997,0.7041132,0.7628578,0.21285896,0.77361774,0.60173243,0.77182186,0.39096206,Stable
0.3497373,0.52829754,0.48975965,0.66213936,0.4995273,0.3773663,0.72891676,0.73538274,0.68468547,0.27827165,0.7633983,0.6983365,0.7654091,0.21002775,0.78073645,0.5787282,0.77421784,0.3759273,Stable
0.3497523,0.52828205,0.4897933,0.66215634,0.49951062,0.37731537,0.729046,0.7353562,0.68485206,0.27838725,0.76343775,0.6983837,0.7654339,0.21009956,0.7807023,0.57869804,0.7740966,0.37595925,Stable
0.3499969,0.5243323,0.4892215,0.66319823,0.4965949,0.37464565,0.72471404,0.73533154,0.68174356,0.2889558,0.76430416,0.7032834,0.7534654,0.21311662,0.776416,0.5838487,0.7710637,0.38599986,Stable
0.35270548,0.5245619,0.48922694,0.6614357,0.5003311,0.37140188,0.7143935,0.7263371,0.68412495,0.28821236,0.7595262,0.71936774,0.741044,0.24900073,0.7767569,0.58563364,0.77007866,0.37846065,Stable
0.3515136,0.5239003,0.48607194,0.66262954,0.49879465,0.37243128,0.71486276,0.7333695,0.6862111,0.29519552,0.76963353,0.71326613,0.7500322,0.22298662,0.7766155,0.5916652,0.7707871,0.38328266,Stable
0.34846234,0.5251123,0.48512837,0.66370326,0.49742317,0.37520182,0.708699,0.7289066,0.68682694,0.2954826,0.7727131,0.72413015,0.7409682,0.27179283,0.77644074,0.594427,0.77045417,0.38480708,Stable
0.34851465,0.52510536,0.48505193,0.66369057,0.49739897,0.37514672,0.70872873,0.7291385,0.68707705,0.29549134,0.7728319,0.7237143,0.74105656,0.27185616,0.77656794,0.5944967,0.7706078,0.38489753,Stable
0.34730214,0.5232659,0.48669922,0.6633206,0.49926472,0.3718518,0.7111368,0.7262582,0.68278944,0.2958423,0.76906097,0.7140181,0.74050397,0.2716822,0.774971,0.59052753,0.7694968,0.38475114,Stable
0.34907866,0.5230231,0.48725992,0.66185004,0.49864098,0.3721763,0.7148031,0.72711945,0.69166195,0.29209208,0.77200055,0.71026075,0.74234104,0.27368772,0.7754039,0.5924198,0.7706658,0.3857965,Stable
0.3512612,0.52635807,0.48605448,0.664674,0.49711463,0.37404406,0.70569193,0.7338574,0.6862185,0.29859632,0.7671623,0.72484505,0.7451102,0.26783744,0.7734775,0.59731406,0.7699034,0.39112133,Stable
0.3491741,0.5269003,0.48479277,0.6636288,0.49720109,0.37851387,0.70895666,0.73724425,0.6820838,0.29501984,0.7681901,0.7204086,0.7502491,0.24853358,0.77521515,0.5942669,0.7705859,0.3867385,Stable
0.3491674,0.52726483,0.48473853,0.6636528,0.49741817,0.3787789,0.7090293,0.7373892,0.68249387,0.2951082,0.7686235,0.71996486,0.7526118,0.2353498,0.7758262,0.5942801,0.77103865,0.38680702,Stable
0.34734577,0.5277409,0.48910332,0.6626425,0.49391648,0.37870845,0.7105567,0.7362374,0.6853912,0.30020824,0.7721939,0.708377,0.7455034,0.2682401,0.77595747,0.5945345,0.7721691,0.39012718,Stable
0.34589824,0.52674496,0.48844826,0.6626066,0.49233016,0.3786558,0.7144418,0.7377171,0.68279123,0.29558674,0.7675468,0.7128569,0.7468375,0.25010216,0.77655923,0.5961892,0.7735393,0.3888263,Stable
0.34443444,0.52807134,0.49078727,0.66529906,0.49102506,0.38142484,0.70503944,0.73156095,0.6774789,0.29909644,0.7656657,0.7201606,0.7525167,0.24767277,0.77336144,0.5951609,0.7689349,0.38534766,Stable
0.34685075,0.52955765,0.48994952,0.6635135,0.49036726,0.38203603,0.71350884,0.7402228,0.67300934,0.29820508,0.76262474,0.70895314,0.746341,0.2521782,0.77345073,0.5955107,0.7686295,0.387641,Stable
0.34677988,0.5295466,0.49000156,0.6634663,0.4903069,0.38206717,0.7134876,0.740282,0.6726791,0.29813945,0.76255333,0.7088622,0.7460648,0.25216687,0.7733809,0.5953765,0.76849526,0.38750038,Stable
0.3500664,0.5289373,0.4907279,0.6621913,0.49032074,0.38105184,0.7040012,0.73447764,0.6732991,0.29779866,0.7607578,0.7147099,0.7486691,0.24940398,0.770543,0.5970573,0.76657623,0.38933647,Stable
0.35085732,0.53223324,0.48570094,0.6684758,0.493451,0.37739187,0.7051725,0.7364218,0.6786019,0.29892135,0.7593476,0.71526045,0.74550533,0.27098668,0.77722216,0.58855474,0.7670069,0.38235423,Stable
0.35207713,0.53090966,0.48906523,0.66635096,0.49157417,0.37988716,0.7177112,0.74111265,0.6744902,0.29653418,0.75435674,0.7086674,0.7479638,0.27295196,0.7746596,0.59477675,0.7679033,0.3861906,Stable
0.35102245,0.5311625,0.49173474,0.6690142,0.49353728,0.38020644,0.7223344,0.73726195,0.6753683,0.29469198,0.7610089,0.7076365,0.7462175,0.28769785,0.7757859,0.59515345,0.76791334,0.38709542,Stable
0.351049,0.53121686,0.49177712,0.66903186,0.4934733,0.3802957,0.7222838,0.7371895,0.67518747,0.2947517,0.7610738,0.7075256,0.74626493,0.28735128,0.7758297,0.5949846,0.7678362,0.38682675,Stable
0.35002574,0.53142637,0.4862678,0.6684685,0.49367496,0.38142094,0.7196223,0.7370615,0.6720006,0.29491252,0.7590171,0.7143561,0.7534156,0.24983549,0.7735388,0.59425074,0.7654574,0.38548705,Stable
0.348572,0.5295244,0.4866304,0.66734576,0.49222153,0.38107818,0.71795934,0.7406227,0.6694844,0.29679203,0.75690454,0.70769846,0.7532201,0.24983989,0.7733488,0.5945082,0.7646363,0.38634846,Stable
0.34914458,0.5304251,0.49254704,0.66972446,0.49405688,0.38112557,0.71592855,0.7420845,0.6744113,0.2980277,0.75834024,0.71004343,0.74846953,0.2762742,0.769233,0.60072416,0.76353586,0.39118552,Stable
0.34920794,0.5298875,0.48821375,0.66339517,0.49042198,0.3805004,0.71423984,0.73507214,0.66883063,0.29631346,0.76209396,0.7108237,0.7492629,0.27191842,0.77177405,0.5875172,0.75709665,0.38574314,Stable
0.34920704,0.5298995,0.48840255,0.6634052,0.4905619,0.38042295,0.71423906,0.7351688,0.6690171,0.29626262,0.7620939,0.71080863,0.7497468,0.2717347,0.7717611,0.5876064,0.7572278,0.3857519,Stable
0.3472988,0.5273913,0.48583138,0.65958726,0.4943214,0.3760155,0.7121632,0.73641825,0.6716566,0.29539514,0.767622,0.7131014,0.74615777,0.29833198,0.77492034,0.5916989,0.76332754,0.3869247,Stable
0.3499851,0.52686155,0.4849423,0.66109854,0.49355978,0.37887216,0.71217215,0.7348335,0.6765901,0.29716194,0.7630012,0.7156586,0.7455916,0.27760673,0.7707254,0.584399,0.76054883,0.3849381,Stable
0.34943336,0.5289155,0.49116716,0.66611165,0.49710685,0.37446472,0.7184636,0.74281806,0.69481415,0.2860524,0.7575767,0.71947026,0.7494019,0.29475603,0.77371186,0.59710133,0.76724124,0.38947725,Stable
0.3483604,0.5287294,0.4883651,0.66351444,0.4901472,0.38129628,0.70030344,0.7276687,0.6765504,0.29529,0.76265687,0.7231618,0.7464897,0.27466896,0.7710389,0.5844724,0.7586946,0.38619357,Stable
0.34838247,0.5287503,0.48832175,0.6634914,0.49020123,0.38128287,0.7003814,0.72789,0.67671436,0.29534855,0.7624561,0.7229786,0.74658173,0.2745885,0.7710895,0.584507,0.7587824,0.38619596,Stable
0.34750685,0.52995896,0.48530406,0.6678705,0.49402127,0.38175416,0.7204298,0.74573195,0.683938,0.2988146,0.76304144,0.71847576,0.74862254,0.26976654,0.7745413,0.59472144,0.7630514,0.3839391,Stable
0.34367305,0.53109556,0.48724318,0.66783756,0.4953205,0.38019654,0.71759236,0.7401159,0.6784785,0.29708287,0.75987756,0.71501416,0.74896234,0.26852322,0.7794487,0.58639693,0.766611,0.3829659,Stable
0.34402677,0.5304304,0.48916563,0.6698295,0.49799192,0.38002443,0.71735334,0.74215245,0.6772818,0.2907954,0.7657024,0.71210045,0.7480488,0.2728908,0.7756791,0.5966518,0.76355016,0.38640743,Stable
0.3456115,0.5315215,0.48932588,0.673834,0.49865812,0.37810487,0.71900356,0.74516225,0.68269724,0.29164466,0.761517,0.70607126,0.7485858,0.27126455,0.77537036,0.6017518,0.76626676,0.39054942,Stable
0.34557164,0.5315399,0.48921984,0.67375535,0.49849284,0.37815922,0.7187277,0.7450949,0.68241966,0.29180807,0.7615411,0.70604,0.7486048,0.2711206,0.7754485,0.60185134,0.7663224,0.39050183,Stable
0.35165548,0.53376555,0.4904128,0.6730113,0.49519432,0.38079628,0.73062944,0.75081897,0.6844792,0.2895395,0.7627415,0.67873406,0.7451117,0.27446064,0.77606165,0.5980465,0.7642096,0.39342368,Stable
0.3527519,0.5342064,0.4898003,0.6758268,0.4981247,0.38178942,0.7245704,0.7485379,0.6864867,0.29772997,0.7591986,0.6745023,0.7577912,0.23881386,0.78049964,0.59642696,0.76922625,0.38815266,Stable
0.34859502,0.5351603,0.48687273,0.6792819,0.494986,0.3875698,0.7325477,0.7545874,0.6850275,0.29917407,0.76294863,0.6918339,0.75333256,0.26620477,0.7840807,0.60123616,0.7738588,0.39191437,Stable
0.3488792,0.53539205,0.4872944,0.67758214,0.49381813,0.3854307,0.73185277,0.7498378,0.67646974,0.29817694,0.7612135,0.6900915,0.7479171,0.27115604,0.7800955,0.59713805,0.7686831,0.3887423,Stable
0.34887585,0.53536177,0.48735434,0.6775751,0.4936871,0.38552278,0.73185843,0.7498523,0.67637604,0.29817602,0.7609999,0.6902993,0.74790514,0.27123237,0.78008246,0.5971765,0.7686527,0.38873422,Stable
0.34870553,0.5313641,0.48800236,0.67282355,0.4988794,0.38297626,0.7332015,0.7481171,0.6827249,0.29778054,0.76299495,0.68863165,0.7538605,0.26864043,0.7775183,0.59730273,0.7711901,0.3889887,Stable
0.34908363,0.53116226,0.48779076,0.67068046,0.4961503,0.38183698,0.7294507,0.742304,0.67608094,0.2983178,0.75974214,0.6878669,0.7528485,0.26748848,0.7770977,0.6016884,0.7704846,0.39220497,Stable
0.34440038,0.5319427,0.49199295,0.6706624,0.49110723,0.38064593,0.7266071,0.73928714,0.6787673,0.2975027,0.7632576,0.69443727,0.7458291,0.2715075,0.7774699,0.5952971,0.76476467,0.38679275,Stable
0.34449202,0.5311261,0.48923737,0.66842175,0.49779105,0.3799115,0.7215258,0.742798,0.6812212,0.29468724,0.7663721,0.7130953,0.7447018,0.26949003,0.77587295,0.6003227,0.76356286,0.38930058,Stable
0.34445366,0.53110915,0.48918876,0.668405,0.49781215,0.3798414,0.7216205,0.74274826,0.68114054,0.29480362,0.76629937,0.7130108,0.744511,0.26957592,0.7758678,0.60027844,0.7635484,0.38932198,Stable
0.344324,0.530636,0.4901827,0.66896886,0.4990815,0.3755957,0.72320384,0.7420188,0.6875441,0.29144952,0.7635657,0.7051835,0.7427387,0.2717435,0.7779367,0.5985496,0.766695,0.38591143,Stable
0.34459612,0.53084266,0.4898287,0.66653126,0.50130653,0.375192,0.71945584,0.7415905,0.68500423,0.29417095,0.7593465,0.70386386,0.7460352,0.26860452,0.7772579,0.5921321,0.76804733,0.38487586,Stable
0.34418666,0.5299078,0.49195823,0.6711124,0.4977337,0.37732136,0.72508955,0.7460259,0.6908433,0.29728767,0.7575815,0.7065379,0.7582215,0.24952269,0.7802858,0.60052526,0.77267975,0.3876767,Stable
0.3473736,0.5349891,0.48837063,0.6747621,0.4976681,0.37965268,0.7238633,0.75013345,0.6824945,0.29679397,0.75686157,0.6896691,0.7429559,0.271864,0.77894396,0.5890219,0.7611415,0.39067408,Stable
0.34732315,0.5349709,0.48828954,0.6745806,0.4977876,0.37964767,0.72357726,0.7500605,0.68241966,0.29680383,0.7569144,0.6896676,0.7427331,0.2721035,0.7789723,0.5888496,0.7610647,0.39061284,Stable
0.34974158,0.5368962,0.49228403,0.6760031,0.4962263,0.3788652,0.7229018,0.7475497,0.6954814,0.29404473,0.75802267,0.69511974,0.7546338,0.253733,0.78150433,0.60206956,0.7686534,0.38829467,Stable
0.3446648,0.5334172,0.48841435,0.6715363,0.49539,0.382815,0.73003507,0.74241245,0.6746699,0.29490224,0.76097816,0.67695534,0.7451669,0.27385533,0.77966756,0.59561455,0.76838696,0.38656396,Stable
0.34302878,0.5355594,0.4927644,0.6749889,0.5009988,0.38008922,0.7212875,0.74923337,0.68971086,0.2910452,0.7590586,0.70625234,0.7464418,0.2715303,0.7740842,0.60599464,0.77182645,0.39318165,Stable
0.34223732,0.5364907,0.48628002,0.67755,0.49878538,0.38653538,0.7228036,0.7521727,0.6839889,0.2927043,0.75838006,0.6995766,0.7545073,0.2577573,0.7781024,0.6037388,0.77104014,0.3938719,Stable
0.34216493,0.53653204,0.4862082,0.6776024,0.49873638,0.38658655,0.72291994,0.7525265,0.6845218,0.29253396,0.75835675,0.69991696,0.7610241,0.24737194,0.7782428,0.6039032,0.7712455,0.39391837,Stable
0.34456396,0.5422801,0.4913352,0.67688763,0.49231502,0.3915716,0.7183994,0.75019854,0.67879933,0.29857177,0.75788325,0.7085824,0.7452998,0.25947553,0.7779216,0.6047902,0.766329,0.39840767,Stable
0.3426735,0.54239035,0.49149427,0.6740382,0.4951802,0.39289957,0.7223513,0.74792767,0.67967,0.29661626,0.7547034,0.6947872,0.74233437,0.2738993,0.78002024,0.5984655,0.7672426,0.3969435,Stable
0.3442979,0.5401253,0.48931634,0.6716029,0.49523112,0.39303848,0.7216201,0.7530594,0.6829543,0.2957103,0.75754917,0.7073754,0.7551703,0.24284953,0.77796096,0.5910853,0.7636391,0.39113674,Stable
0.34268376,0.53441477,0.4933504,0.67567706,0.49755216,0.38808304,0.7206466,0.7450838,0.67769516,0.29828048,0.7539951,0.6997241,0.7598464,0.23623316,0.7764706,0.59592843,0.76502526,0.3893156,Stable
0.34258947,0.5343976,0.49328518,0.6755972,0.49759424,0.3880293,0.7206274,0.7451536,0.6776601,0.29817307,0.7540033,0.69992864,0.75973934,0.23602307,0.7765516,0.59591067,0.76508796,0.389341,Stable
0.34251374,0.53363204,0.4914907,0.6722932,0.49974346,0.38789177,0.72273517,0.75198597,0.6791884,0.2979697,0.7577743,0.7024654,0.75666153,0.24723172,0.76854765,0.5992099,0.7617108,0.39231417,Stable
0.34260303,0.5353329,0.4909141,0.6719133,0.5007191,0.38577342,0.7210932,0.75125563,0.68512964,0.29858392,0.75946754,0.6872753,0.7561812,0.26625073,0.7766952,0.5963166,0.7693803,0.3959132,Stable
0.3446108,0.5371995,0.4911564,0.6786198,0.49653995,0.39193022,0.729143,0.755708,0.67961425,0.30003005,0.7540306,0.6885289,0.7430117,0.28872693,0.773062,0.5983677,0.76073635,0.4001249,Stable
0.3468852,0.5382607,0.48489854,0.68137753,0.49828216,0.39047727,0.72576225,0.7613404,0.68119806,0.29872158,0.7598617,0.6940408,0.74248785,0.29217294,0.76895106,0.60806274,0.7617525,0.40072435,Stable
0.34685156,0.53821075,0.48479736,0.68138194,0.49825108,0.39049312,0.72595704,0.76141965,0.68128794,0.29873332,0.7599616,0.6937918,0.74256986,0.2921758,0.7690524,0.60800475,0.76181376,0.40076095,Stable
0.35065556,0.54448545,0.4857604,0.6833706,0.5020808,0.39194626,0.72162986,0.7585764,0.6822099,0.29936332,0.75661135,0.7003605,0.7444111,0.2904871,0.7742125,0.60036755,0.76395196,0.39344156,Stable
0.3492971,0.5471425,0.48549283,0.68826485,0.5000172,0.3939432,0.72846043,0.7633277,0.68443054,0.30169624,0.75456893,0.7046405,0.7481939,0.2791764,0.77855986,0.6049519,0.7667755,0.39698514,Stable
0.34782487,0.5496634,0.49613845,0.6988354,0.4987553,0.40296108,0.72332907,0.7678057,0.67266774,0.30963725,0.7618751,0.6868906,0.7396752,0.29298282,0.7767452,0.6168775,0.7652234,0.40879613,Stable
0.35076147,0.5513866,0.49294746,0.69265336,0.49778503,0.40220535,0.7356745,0.7773955,0.6809033,0.30458224,0.76090384,0.660466,0.7473825,0.29914227,0.77410406,0.61124504,0.7702016,0.40736908,Stable
0.35074744,0.551415,0.49291036,0.69262886,0.49780715,0.40228423,0.7356398,0.77762437,0.68091476,0.30463338,0.7595955,0.6492442,0.7473566,0.29945982,0.7743461,0.6113525,0.77055085,0.40769812,Stable
0.3481973,0.5509378,0.49079928,0.6961524,0.49467525,0.40103683,0.7252854,0.76612157,0.6799946,0.30412847,0.7565674,0.6656549,0.7428559,0.29500297,0.77203244,0.6187476,0.7653401,0.40867132,Stable
0.35125226,0.5501206,0.48866853,0.69173515,0.4941797,0.40049517,0.7347976,0.7735628,0.67931575,0.3005862,0.7439307,0.6919645,0.7383899,0.29317847,0.77158034,0.621331,0.76317376,0.41453668,Stable
0.35605186,0.5597312,0.48571348,0.6911778,0.4974211,0.40117937,0.73121274,0.77520275,0.68365204,0.30081397,0.75919247,0.65866375,0.7447638,0.2971753,0.77491474,0.61968243,0.77028275,0.41503403,Stable
0.35408062,0.56154644,0.48921272,0.6988882,0.49972445,0.4006483,0.7348892,0.77819777,0.68571293,0.30405486,0.76280445,0.64215326,0.74934334,0.28871694,0.78045005,0.6192241,0.7726939,0.41412437,Stable
0.35411024,0.561608,0.48904186,0.6986866,0.49964362,0.40067348,0.7347407,0.7779545,0.6857252,0.30406052,0.7625713,0.6423774,0.7495928,0.28860837,0.7803747,0.619131,0.7726612,0.4140706,Stable
0.35073158,0.56453073,0.48474842,0.7031135,0.49959838,0.40152758,0.7373294,0.78465456,0.68557405,0.30398378,0.7612854,0.6704463,0.75102866,0.2840479,0.7838522,0.61836576,0.77502173,0.41620585,Stable
0.3561722,0.56795263,0.49119875,0.7034666,0.5075516,0.39506277,0.72966,0.77856034,0.68508303,0.30490255,0.75561684,0.688682,0.7482461,0.28586954,0.77922463,0.6218903,0.77597094,0.4165464,Stable
0.35338026,0.5665214,0.48905107,0.69751686,0.5011101,0.39626798,0.7299404,0.7685408,0.684075,0.30181226,0.7651609,0.6739826,0.7488498,0.27119616,0.7849249,0.6095368,0.7758655,0.40523836,Stable
0.35300168,0.5667788,0.48447794,0.6928555,0.508179,0.38317785,0.7196524,0.7671001,0.68579996,0.30030254,0.76217973,0.6943029,0.76268303,0.24768218,0.7814127,0.6017876,0.77321553,0.3969334,Stable
0.3529858,0.5669387,0.48467955,0.6929497,0.50841135,0.3831764,0.7199525,0.76713693,0.6861648,0.3002637,0.76222944,0.6933757,0.762747,0.24786672,0.7818658,0.6018768,0.7734763,0.3971191,Stable
0.35717148,0.5729959,0.4882533,0.6978251,0.4995678,0.39465892,0.73744416,0.77904356,0.6833513,0.30280292,0.76472676,0.68435186,0.75165606,0.2615973,0.7786717,0.60969365,0.76958627,0.40762347,Stable
0.35658234,0.5723921,0.48615083,0.6960403,0.49934804,0.3995859,0.7375826,0.7823631,0.6874095,0.30215704,0.75889444,0.6650002,0.7597112,0.25486884,0.78492594,0.6050315,0.7722876,0.4095138,Stable
0.35713896,0.5739665,0.4884903,0.69856775,0.5001967,0.39979893,0.73789215,0.7804729,0.6807127,0.30416566,0.76333493,0.67143095,0.7547275,0.2683368,0.78269446,0.6119399,0.7741227,0.41080436,Stable
0.35633105,0.58122563,0.4914906,0.7073612,0.4982453,0.40024075,0.7359533,0.78248304,0.68363833,0.30740327,0.7637023,0.67658234,0.74839616,0.27683663,0.7856214,0.6189045,0.7740599,0.41450977,Stable
0.35630795,0.5812068,0.49151903,0.7073905,0.49828398,0.40015405,0.7358505,0.7824589,0.6837448,0.30747125,0.7638323,0.676628,0.748386,0.2768729,0.78569293,0.6188871,0.774096,0.41443914,Stable
0.35615164,0.5802733,0.4861045,0.6992216,0.4962433,0.40146297,0.72620344,0.77774084,0.68754554,0.30329928,0.76439404,0.6795788,0.7491001,0.2753176,0.7836232,0.6192856,0.7740334,0.41573986,Stable
0.3573373,0.57921064,0.48660988,0.6989399,0.49836463,0.40134627,0.7359988,0.7783751,0.68065083,0.3019393,0.76246107,0.66964173,0.7600121,0.25697672,0.7825018,0.6138844,0.7763015,0.41619158,Stable
0.35529745,0.57904,0.48842055,0.69338095,0.49878573,0.3989788,0.72275984,0.7692156,0.6756182,0.30091318,0.76077616,0.6751677,0.7473202,0.26995662,0.7878591,0.6072629,0.77852744,0.40505573,Stable
0.35781056,0.5810615,0.4833187,0.6888749,0.49549562,0.399242,0.73902416,0.77200305,0.67055595,0.3047356,0.75403947,0.68060863,0.74022484,0.27228564,0.7822148,0.6078515,0.77187294,0.41522154,Stable
0.35784864,0.5809619,0.4887423,0.68804085,0.49535978,0.3991965,0.73894614,0.7716765,0.6705779,0.30478054,0.7540884,0.6807717,0.74032986,0.27218458,0.7821704,0.60781467,0.7718315,0.415112,Stable
0.35583544,0.5761554,0.48118132,0.6876037,0.49504775,0.3954277,0.73944545,0.76786697,0.67228985,0.3019248,0.7569406,0.69029593,0.7512815,0.23865405,0.78448814,0.60424155,0.77482367,0.4032602,Stable
0.35304022,0.56955266,0.48762703,0.6784452,0.49215806,0.3880292,0.72401047,0.7536503,0.6737594,0.29606402,0.7642641,0.6811037,0.7419207,0.23697561,0.78279895,0.5909787,0.77166504,0.39200526,Stable
0.35568148,0.5687266,0.4838596,0.6697794,0.49625134,0.38867924,0.7207262,0.74527407,0.6711997,0.2978071,0.76000845,0.68663037,0.741392,0.2641941,0.7863791,0.5968094,0.7781474,0.3935876,Stable
0.35394883,0.5626189,0.4839388,0.66446394,0.48663646,0.38787147,0.70695996,0.73620003,0.67017025,0.2986305,0.7635593,0.69271004,0.74272555,0.23843536,0.7856819,0.58847916,0.77500296,0.39156124,Stable
0.35393333,0.5625926,0.48389167,0.66442233,0.48667186,0.38786954,0.708313,0.73606765,0.670483,0.2985977,0.76361436,0.6920998,0.74276376,0.23839739,0.785846,0.5884573,0.7750496,0.39176306,Stable
0.35151857,0.558262,0.48329425,0.66350776,0.48520547,0.3822608,0.7067374,0.7373258,0.67211056,0.2851615,0.76117533,0.68988216,0.746715,0.2285242,0.7737841,0.58349013,0.7646704,0.38784167,Stable
0.3588192,0.55906194,0.48507482,0.6576155,0.48837328,0.3779167,0.70438427,0.72536415,0.6748559,0.28671718,0.7672999,0.68964046,0.74860066,0.23020379,0.78505325,0.58256495,0.7772452,0.3866918,Stable
0.35607785,0.5615566,0.48908135,0.65551066,0.49174234,0.3742331,0.7091627,0.72810984,0.68645155,0.2759765,0.7635337,0.69060254,0.7564031,0.21565561,0.7859997,0.583924,0.7761106,0.38457084,Stable
0.35621056,0.56217486,0.48882568,0.65655345,0.48579496,0.37549567,0.7163236,0.72610253,0.67886245,0.27665985,0.7649192,0.6838738,0.75195515,0.21855317,0.7844223,0.5805992,0.7755646,0.37628815,Stable
0.35614234,0.56204927,0.4886682,0.6565056,0.48581636,0.3755318,0.7164006,0.7260985,0.6789315,0.27661353,0.764949,0.6836984,0.751904,0.21849607,0.78449285,0.5806099,0.7756514,0.37627122,Stable
0.35675415,0.5626571,0.49056658,0.6565098,0.4929399,0.37351406,0.7219989,0.7332515,0.68116635,0.2705608,0.76572603,0.6729021,0.75451636,0.21566415,0.7892057,0.5778115,0.7777075,0.3755177,Stable
0.354662,0.5615922,0.49187696,0.65902245,0.48960704,0.37270057,0.7202991,0.7324246,0.68010324,0.2727563,0.7629809,0.6797929,0.74995637,0.21916965,0.78920263,0.58047044,0.77858484,0.37907338,Stable
0.35399646,0.5620512,0.48865303,0.6548817,0.48999393,0.36980128,0.7244048,0.7306262,0.68334,0.2610198,0.770967,0.6691637,0.75106907,0.21813548,0.7893736,0.5764159,0.7799244,0.37436208,Stable
0.3521983,0.5619762,0.48822194,0.65680027,0.48798424,0.3693297,0.72131777,0.72703445,0.68163055,0.26599288,0.7647256,0.6677027,0.7564356,0.21172164,0.78952044,0.58265805,0.78188074,0.37528214,Stable
0.35227722,0.56199586,0.48820528,0.65685385,0.48806995,0.36941513,0.7213166,0.7270531,0.68141574,0.26599902,0.764722,0.6677212,0.75568616,0.2122324,0.7895508,0.58260906,0.78192294,0.37517083,Stable
0.35353756,0.56260586,0.49376738,0.6567223,0.48488408,0.36804742,0.71806455,0.72660345,0.6781031,0.26514494,0.76724815,0.67351836,0.7514255,0.21323553,0.784294,0.5821595,0.77771807,0.37497196,Stable
0.35828966,0.5642701,0.49320024,0.65307283,0.48553473,0.367342,0.72144926,0.7245139,0.67743766,0.265807,0.7634999,0.6663903,0.7538117,0.2104889,0.7864313,0.57930624,0.7803401,0.3727246,Stable
0.3584759,0.56454647,0.4952492,0.6557038,0.48826778,0.3655909,0.7375998,0.72475904,0.6785604,0.26209286,0.76311916,0.66422004,0.75360096,0.2146914,0.7853596,0.5770565,0.77684534,0.37120616,Stable
0.35452172,0.5616087,0.4955102,0.6533798,0.48805314,0.36559328,0.72642994,0.7216205,0.6761755,0.26300615,0.75198907,0.6749077,0.7467453,0.21398076,0.7798087,0.5797398,0.77251184,0.37217134,Stable
0.35446677,0.56150067,0.49532318,0.6533667,0.48797163,0.3655562,0.72627413,0.7215749,0.67612076,0.26305816,0.7519814,0.675035,0.74679255,0.2140417,0.7795973,0.5795034,0.772262,0.3719306,Stable
0.3540249,0.5596191,0.49214202,0.6538195,0.48992145,0.36220086,0.7218308,0.7223503,0.6766918,0.25822523,0.756315,0.67270255,0.74669194,0.20894216,0.77995265,0.57863474,0.7732111,0.36940572,Stable
0.35501954,0.56160015,0.4926461,0.65103567,0.48969424,0.3608346,0.70671463,0.7174635,0.6753056,0.26078403,0.76112694,0.66948533,0.74739814,0.21557026,0.78241754,0.5792992,0.7744195,0.3682192,Stable
0.35293907,0.55941904,0.49579358,0.65112454,0.49059975,0.3616986,0.72000307,0.7257716,0.67587227,0.2614118,0.76231474,0.67035747,0.75365496,0.22391593,0.7796502,0.5774083,0.77643913,0.36289486,Stable
0.35213742,0.5555745,0.49163994,0.6522405,0.49148124,0.36095005,0.717574,0.7238741,0.67575836,0.26272982,0.76225156,0.66911906,0.7536639,0.22457223,0.77720356,0.5756613,0.77439916,0.36795983,Stable
0.35209167,0.5554893,0.4916911,0.65216494,0.49147546,0.36097297,0.7175159,0.72383857,0.6757164,0.26279807,0.7622141,0.66915596,0.75364614,0.22462396,0.7772081,0.5756687,0.7744369,0.3680427,Stable
0.352755,0.5590079,0.49543822,0.6480941,0.4922249,0.35966736,0.7144067,0.72186196,0.6759032,0.2625963,0.75846905,0.67210025,0.75563216,0.22250253,0.7835722,0.58042145,0.7815114,0.3632065,Stable
0.35524866,0.5566443,0.48932955,0.6486701,0.49528074,0.35812625,0.7067497,0.7154187,0.6783034,0.2605434,0.75952053,0.668317,0.7548861,0.2227194,0.7810291,0.57854056,0.7786777,0.36326084,Stable
0.35257524,0.555311,0.49238783,0.64968973,0.490977,0.36189207,0.7141588,0.722109,0.6751672,0.26193428,0.75439477,0.6766259,0.75260156,0.22311682,0.7798373,0.58122635,0.77767986,0.3707853,Stable
0.35170433,0.55180424,0.4962455,0.65350527,0.49271762,0.36404437,0.7215065,0.7234468,0.67597115,0.2615707,0.7592186,0.67347574,0.7490926,0.22494225,0.7790686,0.57689106,0.7762872,0.3717891,Stable
0.35168153,0.55197555,0.4962995,0.653484,0.4928084,0.36404604,0.72144115,0.7233416,0.67587197,0.26161888,0.7589786,0.6736344,0.74921674,0.22490458,0.77921075,0.5768849,0.77638686,0.37170702,Stable
0.3527075,0.5569607,0.49540776,0.65537083,0.4928229,0.3660179,0.7171311,0.7195196,0.6702935,0.26339823,0.76081866,0.66978645,0.74397695,0.22878349,0.77772224,0.57651424,0.77361465,0.37277374,Stable
0.35254085,0.5579893,0.49710914,0.65677017,0.49238372,0.36677313,0.720135,0.7187683,0.67121,0.26486102,0.7626156,0.66392726,0.7428922,0.23098162,0.7796687,0.5769157,0.77496976,0.37377226,Stable
0.35383782,0.5592687,0.49993193,0.65514463,0.49807045,0.36430085,0.7241833,0.7218189,0.67796576,0.2589504,0.7587795,0.6713421,0.7465409,0.21910417,0.78571236,0.5783328,0.77770066,0.37204826,Stable
0.3566738,0.5564499,0.49312985,0.6542206,0.49758798,0.3604443,0.7199086,0.7206279,0.6757475,0.2598784,0.75592965,0.6751993,0.7472209,0.21814114,0.78660417,0.5811601,0.7815386,0.3734002,Stable
0.3566619,0.5564656,0.49311078,0.654227,0.4977009,0.3604512,0.71978045,0.7206127,0.6758648,0.2599913,0.75578135,0.67540634,0.7472384,0.21813808,0.7866366,0.58136594,0.7815316,0.373476,Stable
0.35139057,0.547915,0.49303937,0.6527873,0.49649808,0.3591087,0.7232522,0.7159699,0.6774099,0.25306195,0.75909245,0.659597,0.75045645,0.22297803,0.7825148,0.5778239,0.78011787,0.36912116,Stable
0.35218474,0.54505515,0.49461946,0.652988,0.4954699,0.36005545,0.72647583,0.7185768,0.6766672,0.25342107,0.761217,0.65873396,0.7482402,0.20334542,0.7839889,0.5752133,0.7776801,0.3707604,Stable
0.35309887,0.5488666,0.49395496,0.65017897,0.49616224,0.35860997,0.72820514,0.7199875,0.6797618,0.25662756,0.7640425,0.6552613,0.74360526,0.21018463,0.78540677,0.57384443,0.7812771,0.37082303,Stable
0.35397074,0.53844786,0.4907586,0.65141666,0.49594086,0.35524914,0.7393688,0.72286415,0.6798738,0.25225842,0.7609495,0.6587244,0.75120586,0.2047057,0.7844968,0.5751625,0.7797472,0.3687271,Stable
0.35399836,0.538504,0.49064577,0.6512971,0.49586233,0.3552404,0.7392668,0.72289175,0.6798827,0.25224745,0.7612337,0.6585468,0.7510121,0.20495203,0.7844286,0.57513845,0.7797615,0.36883336,Stable
0.3537457,0.5398333,0.49211496,0.64684385,0.49597955,0.35406536,0.7263543,0.7210101,0.6784576,0.2534564,0.76115716,0.6561385,0.7525293,0.21147552,0.78573793,0.57524437,0.7809639,0.36653662,Stable
0.3529361,0.5369524,0.49372253,0.64186627,0.5025408,0.34680933,0.72086376,0.71836054,0.68261623,0.24771097,0.7702143,0.6474242,0.75840724,0.1962156,0.7849595,0.57120425,0.776345,0.36290786,Stable
0.35188004,0.5322887,0.49376544,0.64197576,0.5019957,0.35058412,0.7174206,0.7147999,0.68160933,0.24439138,0.7612456,0.65724534,0.74464715,0.21128494,0.78055096,0.56557643,0.7774324,0.36134017,Stable
0.35219902,0.53532934,0.49016505,0.6402613,0.5038116,0.34660196,0.71394444,0.71574396,0.68073815,0.24368241,0.7626234,0.6630701,0.74646497,0.19999018,0.78165114,0.5711965,0.77782786,0.36072975,Stable
0.35211885,0.53535676,0.49026954,0.6402184,0.5040054,0.3465258,0.7140162,0.715997,0.6809902,0.2434011,0.7627393,0.6627035,0.74642324,0.1996129,0.7818052,0.57123363,0.7779521,0.36072636,Stable
0.35373026,0.5294322,0.49213132,0.63744426,0.49830997,0.34469795,0.7154703,0.7083473,0.6786177,0.24282968,0.7634668,0.66209614,0.74724907,0.20073675,0.7813966,0.5622086,0.77518505,0.35068458,Stable
0.35382175,0.5343746,0.49330217,0.6377005,0.4982921,0.34229368,0.71459806,0.7059719,0.6796004,0.24397129,0.7610878,0.6666595,0.7450406,0.19974361,0.7790842,0.55975986,0.77405834,0.35355788,Stable
0.35524344,0.5360764,0.49006724,0.6349672,0.49918562,0.3462153,0.7060921,0.70078534,0.68010545,0.24228214,0.76157063,0.6663196,0.7460232,0.19685656,0.77672714,0.55870306,0.7703285,0.3535282,Stable
0.35382232,0.5342405,0.48882973,0.6354337,0.49620318,0.34500656,0.71320426,0.71460474,0.68036216,0.24429786,0.7632982,0.66390705,0.7516092,0.19812909,0.7794299,0.5605372,0.77149355,0.35279226,Stable
0.35391718,0.5343272,0.4887612,0.6353657,0.49616206,0.34500512,0.71320647,0.71438265,0.68029916,0.24429439,0.76325977,0.6639525,0.75166935,0.19818942,0.7795123,0.5605065,0.771551,0.35272586,Stable
0.35608587,0.53984857,0.4879586,0.6360986,0.4995979,0.34503162,0.71828544,0.71973383,0.6784687,0.24306914,0.7609931,0.6592837,0.7537038,0.20579308,0.78140104,0.5724874,0.7768508,0.3626333,Stable
0.36214182,0.5399206,0.4934206,0.6395909,0.5018343,0.34641978,0.721575,0.7200236,0.68371713,0.23501989,0.7641274,0.649783,0.74710333,0.19700482,0.7841994,0.57534075,0.7788205,0.3669247,Stable
0.36375087,0.54418933,0.49819168,0.64493424,0.5016092,0.34442908,0.73630154,0.71812963,0.6815206,0.23597154,0.76574445,0.6372598,0.74744797,0.20465825,0.7824327,0.5715134,0.77676547,0.36591637,Stable
0.3571037,0.5431435,0.49867076,0.64606434,0.4903289,0.34905577,0.73373926,0.7192854,0.67484057,0.24712501,0.7661083,0.6498147,0.74746287,0.19959496,0.78020513,0.5714708,0.7754342,0.3638923,Stable
0.35715637,0.5431882,0.4986697,0.64597356,0.49039552,0.34903464,0.73427916,0.719355,0.6748557,0.24712777,0.76614976,0.6497659,0.74739766,0.19957682,0.78017807,0.5712174,0.7754544,0.36382163,Stable
0.35241622,0.55010486,0.4964094,0.64616907,0.49725306,0.3492927,0.72929144,0.71768737,0.68029606,0.24976528,0.7566916,0.6564995,0.75515723,0.19728374,0.7843365,0.58233464,0.7772886,0.36633694,Stable
0.3594261,0.5557822,0.50218093,0.646253,0.4938794,0.35673913,0.72411,0.71726125,0.6767937,0.25204688,0.7555696,0.6591767,0.7468251,0.21154504,0.78883636,0.58276415,0.78020585,0.37401387,Stable
0.36009812,0.55960923,0.5026147,0.6564373,0.49233937,0.3611642,0.7297791,0.7120782,0.67696494,0.2602347,0.75924057,0.6638521,0.7540624,0.21787226,0.7872765,0.5817512,0.7791487,0.3724584,Stable
0.36671025,0.5661089,0.49744636,0.66258526,0.49243945,0.36526304,0.7254598,0.72727555,0.6772826,0.26224434,0.76114905,0.67874235,0.7539553,0.21897244,0.7789142,0.57738674,0.77119464,0.37591958,Stable
0.36658168,0.5660767,0.49750763,0.66252184,0.49243182,0.36522815,0.7250587,0.72754854,0.6773082,0.2622906,0.7610682,0.6788658,0.7539488,0.21901451,0.7788932,0.5775029,0.7712001,0.37591168,Stable
0.37009925,0.5751257,0.49728164,0.6664307,0.49016196,0.3741808,0.7332021,0.7351712,0.6674237,0.27809668,0.7554504,0.6913146,0.7519142,0.22250198,0.77712744,0.5822978,0.7709118,0.38566482,Stable
0.36414248,0.5798652,0.49255723,0.67158794,0.49076352,0.37997624,0.7255604,0.73493576,0.6655237,0.2819189,0.7499604,0.68654895,0.7551265,0.22565514,0.7799283,0.5855579,0.77278936,0.39181313,Stable
0.36347586,0.58747923,0.49502254,0.68214154,0.49555716,0.3877359,0.7409897,0.7546822,0.67306304,0.2865353,0.7491657,0.6965983,0.76125336,0.21932912,0.7822192,0.6012153,0.77561176,0.39491802,Stable
0.3570444,0.60556054,0.5001836,0.695795,0.4911511,0.39302844,0.7464277,0.7625812,0.6631967,0.29486704,0.7542199,0.6906302,0.750184,0.23524319,0.78497857,0.6016498,0.77432346,0.38458368,Stable
0.3570722,0.60553646,0.50042707,0.6959852,0.4913486,0.39290226,0.74656314,0.76263285,0.6634371,0.29476142,0.7544832,0.69050074,0.7503101,0.23529631,0.7851097,0.6016444,0.77445835,0.3845414,Stable
0.36716813,0.6047469,0.49995098,0.6988683,0.49053133,0.3981682,0.73774594,0.7592408,0.6524,0.29654336,0.74706876,0.7039058,0.74913156,0.22687471,0.77477586,0.6135494,0.7625499,0.40567863,Stable
0.3664958,0.6092973,0.49883837,0.7039319,0.49450517,0.4032771,0.7453717,0.7737248,0.6574404,0.30320168,0.75688016,0.6982044,0.7427451,0.24315909,0.7792563,0.62159824,0.76900214,0.41154814,Stable
0.37000784,0.61582965,0.4979133,0.7076193,0.49573952,0.40597674,0.74151385,0.77994245,0.66791356,0.30512047,0.76088756,0.6904515,0.74882245,0.23530582,0.77642363,0.6217175,0.7671494,0.41408992,Stable
0.3564131,0.6232711,0.49906576,0.7083659,0.4955873,0.41198826,0.7446668,0.7862555,0.67346954,0.30335602,0.75399923,0.66504693,0.75850576,0.22622542,0.78212774,0.6232765,0.7757382,0.4157562,Stable
0.35642165,0.6231892,0.49913296,0.7084202,0.49548703,0.41199896,0.74465966,0.78632677,0.673249,0.30343813,0.75409734,0.66497266,0.7584585,0.22679722,0.7821686,0.6234366,0.7757094,0.41563368,Stable
0.35597402,0.6268001,0.49659234,0.71631956,0.49259752,0.41955706,0.7396778,0.7966485,0.6706244,0.3085235,0.75957674,0.6719174,0.7455399,0.23907769,0.7798444,0.62273514,0.7709236,0.4180094,Stable
0.35386252,0.6261538,0.49826747,0.7179117,0.49103364,0.4238962,0.7390164,0.79654694,0.67397344,0.3083955,0.76187795,0.6921545,0.7204244,0.26914603,0.7795583,0.63473487,0.7734468,0.42924103,Stable
0.35702297,0.6214041,0.5000878,0.719783,0.48762438,0.42875355,0.73991954,0.7976379,0.66710705,0.31220582,0.75296295,0.69568175,0.7221641,0.27182698,0.7799765,0.62207663,0.7687539,0.4204069,Stable
0.35625744,0.6195237,0.4961511,0.72087276,0.48700663,0.42945707,0.73620194,0.80378366,0.66728234,0.31031358,0.7525214,0.7094401,0.72372425,0.27202874,0.7728152,0.62255275,0.7599628,0.42025524,Stable
0.3563686,0.6201248,0.49614632,0.7209098,0.48692176,0.4294717,0.73624724,0.80384135,0.6672806,0.31029904,0.75257206,0.7094459,0.723824,0.27199543,0.7730212,0.62268406,0.7600734,0.4202704,Stable
0.3529954,0.6221762,0.49476594,0.7320198,0.4865876,0.43314347,0.73547405,0.8077096,0.6687789,0.30907565,0.7596087,0.7086321,0.7375507,0.26102176,0.78025866,0.6231048,0.76753324,0.419427,Stable
0.35515687,0.6275494,0.49587864,0.7266855,0.49081737,0.42793262,0.73631924,0.80611837,0.66972893,0.3121084,0.7617483,0.6996383,0.7375206,0.26396576,0.77833235,0.6334134,0.77060044,0.42646998,Stable
0.35433286,0.62202495,0.49404168,0.72218513,0.488438,0.42897543,0.7380015,0.8036737,0.66753066,0.3224272,0.75843114,0.68396753,0.73777795,0.2765007,0.779583,0.62394214,0.76921594,0.43210122,Stable
0.3556956,0.6224221,0.49241525,0.7211112,0.48796153,0.42871508,0.7386638,0.80018497,0.66833866,0.31207037,0.7548272,0.68853414,0.72491,0.26954195,0.77960765,0.6206332,0.7681649,0.42846653,Stable
0.3558368,0.6224715,0.49233735,0.7210938,0.4878742,0.42875445,0.7387592,0.800218,0.6683148,0.3121637,0.7548732,0.68831414,0.7251117,0.269563,0.7796402,0.62058246,0.7682296,0.4285437,Stable
0.35095817,0.6230445,0.49413615,0.7171594,0.4921647,0.42025608,0.7375243,0.7988863,0.6740414,0.30616245,0.75786805,0.67860955,0.7313988,0.2676587,0.7827666,0.6343426,0.7731354,0.42901856,Stable
0.35401258,0.6192587,0.50026774,0.71735996,0.48619813,0.4197973,0.7396568,0.79602927,0.6696116,0.30457973,0.75413674,0.67584383,0.7428748,0.22808194,0.7816095,0.6201584,0.77022624,0.41748488,Stable
0.3545087,0.6161677,0.49773714,0.7181396,0.4903133,0.41793498,0.7418877,0.79317355,0.66485155,0.3031702,0.75581765,0.66627246,0.74662554,0.22272013,0.7821812,0.6190584,0.7724594,0.40544134,Stable
0.35579705,0.61255103,0.4958254,0.7125176,0.49134606,0.4137145,0.7424771,0.7866862,0.6610948,0.30002344,0.7484421,0.6700337,0.7457391,0.21349669,0.78072894,0.6197252,0.7715675,0.41566417,Stable
0.3557652,0.6132531,0.49566588,0.71250457,0.4912321,0.41372466,0.74233294,0.7868802,0.6611679,0.29991144,0.7486636,0.669768,0.7457298,0.21346793,0.78075016,0.6198782,0.77166915,0.4157378,Stable
0.3581345,0.60574687,0.5024762,0.7102623,0.49304244,0.40434656,0.75266993,0.7794921,0.67480135,0.28060028,0.75158304,0.676243,0.7498112,0.20075452,0.7843442,0.6174284,0.7790114,0.39964288,Stable
0.3583593,0.60172737,0.49686354,0.70279014,0.49083668,0.39860997,0.7457316,0.77766275,0.6746241,0.2825972,0.75411284,0.6775607,0.74983966,0.19870698,0.7864472,0.60267556,0.77794695,0.39896798,Stable
0.3548275,0.6001344,0.4961338,0.70411146,0.48910317,0.40104672,0.74261785,0.7734761,0.67294717,0.27758393,0.7504306,0.69228625,0.7529223,0.19037664,0.7743536,0.6130771,0.7715919,0.40312028,Stable
0.35985026,0.5940979,0.49427053,0.6954013,0.48711964,0.3983841,0.7423587,0.77253145,0.66772336,0.27954894,0.75244975,0.6760923,0.7433819,0.19979373,0.7819061,0.6013582,0.7751991,0.39855728,Stable
0.35977912,0.59388494,0.49430415,0.69531775,0.48716056,0.39842892,0.7422265,0.7726132,0.66756403,0.27967662,0.7521399,0.67636776,0.7433471,0.19989333,0.78182614,0.6013842,0.7750932,0.3985771,Stable
0.3563262,0.5885827,0.4901743,0.6932592,0.48892397,0.3961007,0.74163765,0.7737493,0.6718835,0.27554613,0.7511184,0.67319214,0.74887943,0.19639412,0.78090495,0.61131644,0.7760136,0.39864814,Stable
0.35568476,0.5867491,0.49232465,0.6899406,0.4852324,0.39680323,0.74358934,0.76641864,0.66804457,0.27343792,0.7535538,0.6902994,0.7430942,0.20127761,0.78263164,0.5946746,0.77307725,0.3907588,Stable
0.354292,0.5858,0.49162757,0.690763,0.4875471,0.39420158,0.7453729,0.7608777,0.6690246,0.27067637,0.7547154,0.67776936,0.7408103,0.20190547,0.78148925,0.59392965,0.7726401,0.3912167,Stable
0.35377896,0.5857923,0.48978096,0.68857616,0.48433846,0.39600942,0.74635446,0.7607283,0.67293304,0.2590774,0.7570173,0.67252934,0.74411285,0.20251304,0.7840542,0.59343976,0.77310336,0.3848532,Stable
0.35347176,0.5853269,0.48955238,0.6884631,0.48426563,0.3960714,0.7460553,0.7607349,0.67274827,0.2591911,0.7574129,0.6720638,0.7439637,0.20267734,0.7839912,0.59338707,0.77311057,0.38497636,Stable
0.3554502,0.5848483,0.49132866,0.68708825,0.48387754,0.39333725,0.74573964,0.7584243,0.67536914,0.26180604,0.75225425,0.6716108,0.7436983,0.2021156,0.7823466,0.5936378,0.7728456,0.38922477,Stable
0.35533917,0.58557266,0.4885529,0.68797535,0.48048708,0.39686948,0.7475064,0.7574772,0.6698662,0.27236223,0.7514235,0.6674757,0.74169844,0.20396964,0.7830299,0.5923894,0.77136517,0.38693163,Stable
0.35703465,0.5892753,0.48965192,0.68572474,0.48411077,0.39748144,0.7453923,0.7578234,0.6695683,0.26612884,0.749886,0.6618514,0.73891234,0.2250228,0.78481406,0.5934428,0.774788,0.380535,Stable
0.35262582,0.5882512,0.49166417,0.6817759,0.4838464,0.39083123,0.74474305,0.7560042,0.67278403,0.263575,0.7473971,0.6652154,0.74410915,0.1986691,0.7828511,0.59437597,0.7707548,0.3804751,Stable
0.35263157,0.5884476,0.4912752,0.6818137,0.48372734,0.3908738,0.7446672,0.75594425,0.67286605,0.26350543,0.74751514,0.6655951,0.74422336,0.19860327,0.78288144,0.5947421,0.77075875,0.38070965,Stable
0.35448527,0.58844304,0.49467146,0.68542874,0.49045202,0.38367423,0.74823135,0.75482905,0.6737212,0.25716805,0.75255287,0.66101825,0.7618762,0.16709976,0.78739345,0.5950159,0.778005,0.38876948,Stable
0.35361165,0.58611286,0.5044044,0.6863298,0.48852405,0.38756475,0.74616665,0.75356114,0.6592128,0.26017863,0.75413597,0.6666632,0.7418363,0.22366625,0.7827975,0.5915197,0.77694076,0.37784022,Stable
0.3575288,0.5905417,0.49960205,0.6853995,0.49020588,0.38643718,0.74210805,0.7546301,0.6596869,0.2632204,0.7514864,0.67558473,0.742169,0.22688234,0.78857064,0.59070015,0.7765397,0.38075072,Stable
0.357457,0.58537376,0.50199366,0.6872742,0.48767743,0.3837719,0.74995756,0.7497164,0.65919214,0.259281,0.7539644,0.65514296,0.74239796,0.20761141,0.7859014,0.5886569,0.7778203,0.37633464,Stable
0.35760856,0.5853774,0.50196564,0.6873247,0.48766196,0.38381356,0.7499453,0.7497985,0.6591896,0.25932747,0.75398844,0.655264,0.7423285,0.20765585,0.7858092,0.58863807,0.77773184,0.37629482,Stable
0.3551582,0.5793623,0.4990009,0.68091273,0.49067566,0.3801788,0.74388,0.752264,0.65861046,0.26107705,0.7590412,0.6563228,0.73885554,0.2048453,0.79090303,0.59408087,0.7799372,0.37571663,Stable
0.3556711,0.5805428,0.50366557,0.6763592,0.48959276,0.3822194,0.7416893,0.743415,0.6548399,0.2551267,0.7562349,0.65464485,0.7261596,0.19425303,0.79004824,0.5798897,0.77481925,0.3755228,Stable
0.3583673,0.5766784,0.49020827,0.67288727,0.49165416,0.372496,0.74096465,0.7429621,0.6682855,0.24600689,0.75848687,0.6520035,0.73970985,0.18662229,0.7859372,0.5908213,0.7768988,0.3731286,Stable
0.35780907,0.5756344,0.48584673,0.66952986,0.4873546,0.3728388,0.74243325,0.74267495,0.6749202,0.23971711,0.7554668,0.6545235,0.74274373,0.20668922,0.78354955,0.59286064,0.7763839,0.37596077,Stable
0.35780776,0.5755371,0.48581433,0.6694366,0.4872415,0.37297505,0.7424724,0.7427587,0.67452693,0.23991136,0.7554648,0.6547432,0.74216974,0.20609312,0.7833512,0.5927868,0.7761318,0.37601897,Stable
0.35984033,0.5728079,0.48542702,0.6701431,0.48935157,0.36839718,0.735881,0.7375542,0.67287606,0.24122566,0.75350565,0.6582085,0.7380073,0.19152954,0.7856557,0.58549595,0.77362895,0.3713373,Stable
0.35686022,0.5686582,0.48533684,0.6660545,0.48955816,0.36574647,0.72762513,0.73072994,0.66951126,0.23404077,0.75480926,0.6527609,0.7387099,0.1855219,0.78444874,0.5872138,0.7740445,0.3728419,Stable
0.36123925,0.5658479,0.4911358,0.6688359,0.48830032,0.35926682,0.73914504,0.7294437,0.66946405,0.22907919,0.75307894,0.65027297,0.7668712,0.1369322,0.78513706,0.57864726,0.77494764,0.35513386,Stable
0.3597619,0.5607399,0.49495313,0.6629879,0.48979455,0.35982543,0.7419369,0.73128617,0.6707386,0.23628202,0.7589075,0.6329744,0.7623362,0.14096561,0.7862811,0.5848961,0.7770574,0.36164725,Stable
0.35974842,0.56080925,0.4949295,0.6629722,0.4899206,0.35976562,0.74207926,0.731354,0.67121947,0.23591107,0.75891113,0.63285494,0.7628233,0.14083266,0.7863064,0.5849628,0.7770581,0.36169326,Stable
0.36050925,0.561823,0.50114506,0.66189015,0.49613994,0.3609836,0.7398279,0.73036003,0.6667652,0.23832558,0.75690293,0.6432586,0.7561163,0.14755522,0.78783673,0.576733,0.7812327,0.35475764,Stable
0.36296403,0.5619299,0.49652943,0.6680455,0.48985618,0.35859317,0.7257013,0.728682,0.6700372,0.2380169,0.75485396,0.6658585,0.77065676,0.13752994,0.78723687,0.5775181,0.779642,0.35596249,Stable
0.36176348,0.5592902,0.49939674,0.6626017,0.49203104,0.356588,0.7385622,0.73179257,0.65948,0.23698136,0.75190127,0.6599437,0.7609503,0.14321166,0.7942922,0.57697904,0.78369325,0.35333568,Stable
0.36195022,0.5606302,0.50585496,0.66183436,0.4954933,0.3460502,0.74798745,0.72366416,0.6710014,0.22400019,0.75922406,0.6202686,0.76381993,0.115765356,0.7954551,0.5633993,0.78561103,0.34848675,Stable
0.36179087,0.5606408,0.5057959,0.66179514,0.49564,0.34592432,0.74389017,0.72421235,0.67110366,0.2240744,0.7540655,0.6492688,0.76384944,0.115650296,0.7975801,0.5740671,0.7855836,0.34851116,Stable
0.36184484,0.5532391,0.49969447,0.65529394,0.4921368,0.34875458,0.7402276,0.7218087,0.6667106,0.21978223,0.7473964,0.64622533,0.76602143,0.11455291,0.7919209,0.5619223,0.7794461,0.34792632,Stable
0.35389692,0.5439744,0.501441,0.64881164,0.49246925,0.34542388,0.74148774,0.72210974,0.6709785,0.2208861,0.75799984,0.6298567,0.76462525,0.1159063,0.7931565,0.5708966,0.7803359,0.3470955,Stable
0.35737234,0.53891957,0.49939096,0.64344895,0.49072695,0.3427244,0.73267436,0.71999633,0.67085016,0.22011322,0.76278245,0.6254277,0.7638093,0.11345135,0.7908248,0.5594227,0.78265804,0.33664823,Stable
0.3573889,0.5389409,0.49945256,0.64345694,0.49069127,0.34273204,0.7327472,0.7198843,0.6708965,0.22016186,0.76282185,0.62536174,0.76383567,0.113493465,0.7907882,0.5594708,0.7826513,0.33670458,Stable
0.3576451,0.53173435,0.5017226,0.6434957,0.4953087,0.33792385,0.7273924,0.7088078,0.6693822,0.20525222,0.7601694,0.6299794,0.76065373,0.11109719,0.7937044,0.5607368,0.7890274,0.3363999,Stable
0.35897335,0.5305856,0.49199057,0.63979524,0.49960804,0.32450628,0.73084605,0.7060682,0.6744075,0.18738455,0.7659664,0.6173519,0.7626564,0.088670395,0.7942917,0.5556129,0.79102206,0.3299112,Stable
0.35638958,0.5250731,0.4898927,0.632337,0.49805957,0.3176666,0.7360182,0.7027029,0.6766679,0.1688575,0.7645321,0.6086291,0.7698026,0.057907842,0.79419416,0.5553279,0.7933902,0.33007097,Stable
0.3565938,0.5133155,0.4886459,0.625124,0.49582332,0.30260307,0.7319262,0.70169777,0.6694972,0.16051066,0.7652252,0.61166704,0.7629448,0.049270622,0.7875005,0.55205023,0.7879731,0.32533634,Stable
0.3565628,0.5133133,0.48869988,0.625136,0.4958266,0.30261907,0.73198664,0.7017414,0.6695213,0.16054024,0.76537144,0.61149085,0.762949,0.049316645,0.7874195,0.55206984,0.7879338,0.3253204,Stable
0.34968436,0.5038247,0.4875769,0.6261138,0.49443835,0.293181,0.7390067,0.70050925,0.68667763,0.13963625,0.77481794,0.5837809,0.7638645,0.047974087,0.7954712,0.5533948,0.79418325,0.31326243,Stable
0.34844851,0.48853922,0.48805338,0.6209675,0.4909391,0.28633228,0.7365203,0.6889896,0.6822518,0.14679989,0.76296556,0.608045,0.7677824,0.04903941,0.78462094,0.5483504,0.7875218,0.31089056,Stable
0.35521588,0.49098545,0.48972905,0.61288345,0.49691868,0.2823308,0.7322309,0.6933689,0.69540876,0.13647193,0.77281684,0.5875527,0.76604736,0.050554134,0.78807783,0.545519,0.7891566,0.3090843,Stable
0.35302353,0.4827488,0.48280856,0.6098595,0.49378443,0.27666807,0.734097,0.6868708,0.6942469,0.13252354,0.76402485,0.59174925,0.75930905,0.043717183,0.78613085,0.5355984,0.78836715,0.30940968,Stable
0.35308987,0.4827416,0.48281202,0.60977226,0.49379265,0.27671236,0.7339376,0.6863741,0.6944632,0.13221978,0.76421344,0.59230125,0.75936663,0.043735903,0.7864152,0.5354591,0.7884594,0.30933753,Stable
0.34820008,0.47914916,0.48987252,0.6049196,0.5017562,0.26372254,0.73796284,0.6835429,0.70058703,0.11375782,0.76214665,0.5907829,0.763802,0.048195638,0.7901015,0.543491,0.79545164,0.30618775,Stable
0.3534459,0.47520798,0.48585555,0.6019485,0.49708137,0.26670963,0.7388717,0.67742574,0.68674725,0.13110173,0.7663069,0.58034444,0.7607635,0.050497472,0.7933757,0.54242146,0.79566455,0.3089797,Stable
0.35180324,0.4671415,0.48775625,0.5995574,0.497383,0.26393563,0.73955333,0.67492574,0.6923763,0.12730479,0.76276565,0.58926857,0.76317036,0.04727022,0.7896828,0.54078555,0.791661,0.30508882,Stable
0.35581896,0.47074187,0.48725447,0.59593856,0.500682,0.25691134,0.73535395,0.6736586,0.7048484,0.11897397,0.7704183,0.5805501,0.76462364,0.049039885,0.7918391,0.52569544,0.7923903,0.30002224,Stable
0.35582766,0.47065663,0.48728842,0.595991,0.50070137,0.25688598,0.7354486,0.6737075,0.7051971,0.11916801,0.7705214,0.58070296,0.7646558,0.04897979,0.79183257,0.5256833,0.79242814,0.29999292,Stable
0.35030422,0.4664453,0.48419604,0.59420687,0.5008726,0.2589379,0.7428371,0.66760564,0.7058445,0.12107199,0.76500034,0.5737067,0.7597796,0.037593305,0.7942004,0.52544343,0.79470176,0.3031396,Stable
0.35464984,0.46768838,0.4870519,0.59107184,0.5082835,0.24961033,0.73683923,0.6653909,0.7117962,0.105518326,0.76260036,0.5796432,0.7646195,0.044606484,0.7942265,0.5281595,0.7943369,0.30324632,Stable
0.3551799,0.46809036,0.4836578,0.5851618,0.50755787,0.24687642,0.7363802,0.65904033,0.7138166,0.116340235,0.7645016,0.5561662,0.7624654,0.037648186,0.7894735,0.52412856,0.78884625,0.3015497,Stable
0.34569865,0.45861453,0.48624206,0.58513486,0.5121577,0.24491136,0.73843277,0.658872,0.71572274,0.10462785,0.75648034,0.5660027,0.757261,0.03413976,0.79230326,0.51928806,0.79290426,0.28858632,Stable
0.34561384,0.45855066,0.48611587,0.5851376,0.512217,0.24483669,0.7383384,0.658895,0.7157308,0.10464611,0.75674474,0.56630874,0.75721645,0.034176983,0.7922534,0.5193082,0.79280156,0.28861097,Stable
0.3460359,0.45882738,0.48266983,0.57929987,0.50298303,0.25310063,0.72207326,0.6582118,0.6882112,0.13237777,0.7579202,0.5895767,0.75816846,0.04762323,0.78240573,0.51865494,0.7853761,0.29075187,Stable
0.34854278,0.45966047,0.4872288,0.583786,0.5065228,0.24549454,0.7308523,0.6567075,0.7065076,0.12561718,0.7589681,0.5814442,0.7663338,0.044163328,0.7878399,0.52302635,0.7915272,0.2919422,Stable
0.34836897,0.4555883,0.48997495,0.5813714,0.5001198,0.25622198,0.7256222,0.6558038,0.693604,0.1346723,0.7630806,0.58582324,0.7622417,0.050991617,0.79011816,0.50814444,0.78943175,0.2889763,Stable
0.3482051,0.4579011,0.48695382,0.5810547,0.49311227,0.25379193,0.72012293,0.6477787,0.7080561,0.12682652,0.7571877,0.58366483,0.76408094,0.0480183,0.7861674,0.5090237,0.78384054,0.29606986,Stable
0.34834358,0.45755875,0.48699212,0.58121884,0.49337184,0.25370425,0.71983385,0.64766717,0.70863664,0.12634951,0.7571365,0.5838382,0.76428616,0.04818034,0.7842078,0.5158987,0.7839807,0.296295,Stable
0.35214782,0.4630122,0.48586163,0.58050066,0.48898584,0.2619181,0.73217225,0.6579279,0.6923013,0.13815774,0.75929254,0.57697976,0.7647814,0.050056912,0.7874748,0.5067505,0.78442854,0.2889793,Stable
0.3510006,0.4647069,0.49069095,0.5814808,0.49315166,0.26128381,0.7180246,0.6555502,0.69372535,0.13151759,0.7527615,0.5849297,0.76101685,0.047133874,0.78611076,0.51890635,0.78628725,0.2990778,Stable
0.3513062,0.46421477,0.48983228,0.5827255,0.49386224,0.2608525,0.7188448,0.6485747,0.6867616,0.13477701,0.7534806,0.58524215,0.76018494,0.04824207,0.7920651,0.51279205,0.7896432,0.29165682,Stable
0.3504352,0.4638672,0.48695332,0.5804739,0.49419504,0.26197588,0.73022956,0.65120786,0.6936579,0.13410725,0.75982374,0.56792593,0.7596115,0.053642318,0.7852504,0.5082545,0.7823951,0.2879516,Stable
0.3503648,0.4638437,0.48698208,0.58033884,0.49429733,0.2620009,0.7301297,0.6508058,0.693459,0.13421936,0.75987065,0.5678637,0.75956655,0.053937,0.78523934,0.50836813,0.7824737,0.28815544,Stable
0.34747076,0.46377358,0.4829427,0.5831355,0.49816522,0.25877774,0.7316189,0.64624816,0.6997973,0.11536779,0.75880027,0.5767933,0.7616598,0.043440416,0.78769314,0.51268405,0.7872385,0.28759724,Stable
0.35050485,0.4657646,0.48815942,0.5784955,0.49684304,0.25854746,0.7303223,0.6413239,0.7099966,0.11342677,0.7600338,0.5696858,0.76244164,0.048263416,0.78735065,0.51049244,0.78729504,0.286612,Stable
0.3446015,0.4622752,0.48324883,0.5819551,0.49037677,0.25966156,0.7284423,0.6451532,0.6898534,0.13108219,0.75364417,0.578209,0.75408244,0.048420154,0.7822957,0.5091027,0.7826195,0.28557712,Stable
0.33945066,0.4583193,0.48365825,0.5798745,0.49427104,0.25299287,0.7288038,0.638487,0.69490594,0.11143501,0.7569763,0.58349305,0.7534,0.047280796,0.7840884,0.50706017,0.7817611,0.28137738,Stable
0.3401763,0.45904773,0.48378178,0.57978135,0.49432325,0.25307328,0.7287247,0.6384183,0.69458675,0.11201595,0.75744647,0.58309907,0.7535519,0.047242012,0.7840625,0.50674164,0.78169715,0.2812811,Stable
0.34494197,0.4535454,0.49101946,0.57831687,0.4973672,0.24781194,0.72616196,0.6360164,0.6951568,0.09916863,0.75344557,0.57734334,0.75819415,0.04764363,0.7843486,0.5043473,0.7836207,0.27252364,Stable
0.34741414,0.45048925,0.4899771,0.56933516,0.49732846,0.24071321,0.71648014,0.6335437,0.6986386,0.09592046,0.7532728,0.586937,0.75986713,0.056855377,0.7858776,0.5020462,0.7864375,0.27086204,Stable
0.33995026,0.44534248,0.48695824,0.5664875,0.49803755,0.23257822,0.71712375,0.62927425,0.70648646,0.081872836,0.7572267,0.5717256,0.7519159,0.04734182,0.785916,0.4900164,0.78473294,0.2693143,Stable
0.34079358,0.43284068,0.487197,0.5569687,0.49748933,0.23554814,0.72486997,0.6315162,0.71497935,0.0741629,0.7542462,0.5755442,0.7577502,0.1061629,0.7858901,0.4878416,0.78331995,0.26821917,Stable
0.34099004,0.43295103,0.4872293,0.55701923,0.49749145,0.23549084,0.7253518,0.6314604,0.7149493,0.07417388,0.75416327,0.57554924,0.75772655,0.10617199,0.78580034,0.48762548,0.7832532,0.268079,Stable
0.3417128,0.42669615,0.49220073,0.55689085,0.50358033,0.2243703,0.74211526,0.6284219,0.71333474,0.07602689,0.74335957,0.5609087,0.7544274,0.044743873,0.78960484,0.48591745,0.78621674,0.26995587,Stable
0.33975935,0.41280624,0.48754358,0.55609787,0.50104696,0.21018866,0.73807997,0.6205386,0.7243423,0.06270412,0.7482469,0.56578386,0.7610115,0.04275672,0.7922416,0.4801597,0.7892873,0.261243,Stable
0.34142643,0.408359,0.48777717,0.5532681,0.49400258,0.21297401,0.7431214,0.6168064,0.71888435,0.06371097,0.7490878,0.5523812,0.7490237,0.037624575,0.78632367,0.47563148,0.7851521,0.2566629,Stable
0.3359502,0.40491733,0.4862796,0.54507065,0.5020246,0.20496705,0.73392963,0.61683905,0.72677463,0.05246155,0.75783914,0.54358935,0.75798607,0.14225605,0.7874369,0.4738916,0.7857036,0.24582396,Stable
0.3360061,0.4049495,0.48615438,0.54506075,0.50193167,0.20483226,0.7339066,0.6168272,0.7267827,0.052159876,0.75802463,0.5434078,0.7579504,0.14264038,0.7872173,0.4737296,0.7855257,0.24582383,Stable
0.3365272,0.40082595,0.48921287,0.5420419,0.50159675,0.20344917,0.73319674,0.61648613,0.72455573,0.04948051,0.76020044,0.5406647,0.75992584,0.12300798,0.7937709,0.46366304,0.7941372,0.24035573,Stable
0.33663523,0.3954605,0.48307607,0.5386027,0.49972177,0.20466083,0.73880184,0.6139624,0.72208977,0.04581907,0.76211524,0.5424747,0.76267904,0.12774646,0.7904631,0.47417593,0.792896,0.24194491,Stable
0.33582652,0.39060497,0.480318,0.5375236,0.49652588,0.1988492,0.73319596,0.6148422,0.72167337,0.04767018,0.7627434,0.5330138,0.76118326,0.15662374,0.78457326,0.47765315,0.7860985,0.24058145,Stable
0.33465514,0.3766995,0.4808883,0.5341173,0.49734586,0.19261715,0.72883344,0.61019194,0.72235155,0.044097297,0.7610998,0.54271287,0.76680267,0.13101229,0.78914547,0.47181472,0.7900533,0.23556523,Stable
0.33470747,0.3770437,0.48077494,0.53419864,0.4972884,0.19258742,0.72894096,0.6105313,0.72231567,0.044045985,0.7614547,0.54184353,0.766726,0.13112462,0.78919333,0.47206196,0.7900648,0.23559281,Stable
0.33491132,0.3770615,0.4840061,0.5365974,0.4998511,0.18986134,0.7336898,0.61176085,0.72223514,0.043456934,0.76494944,0.53912544,0.76539636,0.1433101,0.7926046,0.47668135,0.79304564,0.23804057,Stable
0.33706483,0.37874073,0.4875787,0.5345956,0.5001106,0.19300197,0.7322881,0.6104423,0.72479266,0.04422791,0.76121515,0.54320365,0.7684383,0.15111934,0.7934681,0.47280806,0.79769576,0.2365397,Stable
0.33614802,0.37412447,0.4856645,0.53691906,0.49545595,0.19119096,0.732653,0.60456,0.72057366,0.042353015,0.7611234,0.54342,0.7701323,0.13070063,0.78896594,0.47186124,0.7919678,0.23484367,Stable
0.33711022,0.3700646,0.48011148,0.53238267,0.49499792,0.19000164,0.73654807,0.60655606,0.72164816,0.042008232,0.75734943,0.5376396,0.7700509,0.118670374,0.78640455,0.47186562,0.790159,0.23645519,Stable
0.3371677,0.3698537,0.48016655,0.5324267,0.49505126,0.19012052,0.73670363,0.6066352,0.721612,0.04204922,0.75729775,0.53732514,0.7701415,0.118740164,0.7862723,0.4718957,0.7900752,0.23650329,Stable
0.33303037,0.36631712,0.477342,0.53217113,0.49400318,0.18830273,0.7337178,0.60818094,0.7174232,0.038484294,0.76633376,0.5244404,0.7618718,0.12520984,0.7857605,0.47076702,0.78681886,0.2347439,Stable
0.33850512,0.36420804,0.4764015,0.5297619,0.50595444,0.18119244,0.7401215,0.6090822,0.7358624,0.035548203,0.7682961,0.5179206,0.7729056,0.1287529,0.79078525,0.468032,0.7962973,0.23493671,Stable
0.33523625,0.35677788,0.47365662,0.5293228,0.50508535,0.17907731,0.7401425,0.60916793,0.7364446,0.036833473,0.7696089,0.5149356,0.7697436,0.120871894,0.7902996,0.47405058,0.7933769,0.23786712,Stable
0.33201778,0.35816085,0.4721576,0.52756095,0.5009951,0.17970668,0.7385919,0.6055642,0.73190975,0.04081218,0.76664865,0.5299735,0.76796746,0.12019253,0.78729653,0.47072574,0.795786,0.23521543,Stable
0.3319981,0.35818955,0.4720987,0.5275604,0.50102234,0.17966817,0.73853064,0.6056009,0.7318407,0.04061784,0.7665276,0.52997446,0.76788807,0.12094524,0.78729475,0.47094434,0.79571146,0.23527096,Stable
0.3329093,0.35589308,0.47232717,0.5274571,0.5048559,0.17893735,0.73440856,0.60337824,0.73410696,0.03808802,0.7614357,0.5308999,0.77668995,0.12847674,0.7843733,0.47300762,0.7910122,0.24023627,Stable
0.33137769,0.35228443,0.46511322,0.5208705,0.5093988,0.17483632,0.7305218,0.60392773,0.736604,0.036934577,0.76239216,0.5258447,0.76964563,0.12026654,0.7802693,0.47016102,0.7867946,0.24205938,Stable
0.3332606,0.34864628,0.46554732,0.52129257,0.5084963,0.1668759,0.7330859,0.6000742,0.7347676,0.03464652,0.7610175,0.53057635,0.762356,0.120243326,0.77795404,0.47739756,0.7871935,0.2427769,Stable
0.33417642,0.35117972,0.4558106,0.51454985,0.5109343,0.174076,0.72453094,0.5988584,0.73729646,0.035582457,0.7647941,0.5301875,0.7682053,0.10282636,0.7787055,0.46903285,0.7866375,0.25107807,Stable
0.33419925,0.35118532,0.45560956,0.5145588,0.51106143,0.17400442,0.7245311,0.598789,0.7374229,0.035475563,0.764869,0.53017896,0.7682129,0.102970034,0.7786409,0.46909934,0.78652835,0.25123012,Stable
0.33195323,0.34985888,0.46030653,0.51563954,0.49897122,0.17967711,0.71958965,0.6055465,0.719762,0.041802086,0.76707524,0.5359019,0.7648429,0.06055364,0.7855956,0.4674177,0.7917428,0.2362806,Stable
0.33361387,0.35071403,0.45379537,0.51541173,0.50309557,0.1839799,0.7226197,0.5986956,0.719146,0.041061852,0.765103,0.5308198,0.7670034,0.051969707,0.77779496,0.4705206,0.7853191,0.24071416,Stable
0.3335026,0.35079664,0.4574058,0.51818883,0.49900815,0.18564163,0.7251617,0.60271084,0.7177261,0.045052405,0.76317066,0.53836966,0.7611375,0.028484335,0.7764373,0.47217286,0.78714657,0.23988412,Stable
0.33085114,0.35081264,0.4523728,0.5185802,0.4960893,0.18737221,0.711125,0.59690404,0.7133659,0.04437895,0.7552864,0.5487146,0.76016724,0.026374107,0.7740416,0.46790814,0.7850427,0.23828791,Stable
0.33084556,0.35085988,0.45234597,0.51857054,0.49609613,0.1873442,0.7110529,0.59693277,0.7133739,0.044505756,0.7552874,0.5487706,0.76014984,0.026705042,0.7738184,0.4679047,0.78492063,0.23838243,Stable
0.32775363,0.3500499,0.4598989,0.5257615,0.4999925,0.18540797,0.7174088,0.6008909,0.7315094,0.041145965,0.7581722,0.54603994,0.76642203,0.053724375,0.7785418,0.47250697,0.7867727,0.23781186,Stable
0.32934943,0.35167307,0.46380788,0.52928066,0.5035084,0.18995601,0.72647995,0.6068824,0.73251057,0.041365363,0.76262325,0.5373814,0.76855266,0.10015631,0.7817712,0.47264183,0.78853697,0.24025756,Stable
0.33073562,0.35223854,0.45780826,0.5321464,0.50873685,0.1805175,0.72346205,0.6074102,0.73422825,0.040770315,0.7642021,0.5347004,0.76348734,0.12126298,0.7803328,0.47370547,0.78637207,0.24769545,Stable
0.33127853,0.34453684,0.46047825,0.53286225,0.5084487,0.18553978,0.7210812,0.61520606,0.7343096,0.041710973,0.7670975,0.53624046,0.7630867,0.103703104,0.7858109,0.47602186,0.7909738,0.24827944,Stable
0.3318138,0.34491345,0.4607887,0.53259444,0.50869113,0.18565801,0.72122836,0.6152256,0.73384565,0.041583855,0.76715416,0.53503263,0.762746,0.103578046,0.78577703,0.47597227,0.7909853,0.24866681,Stable
0.3256083,0.3507229,0.45679793,0.5331945,0.50171185,0.19403128,0.7205228,0.61535865,0.7332125,0.04022995,0.76471484,0.53286046,0.7616822,0.13779011,0.78149736,0.47711286,0.78805107,0.25440145,Stable
0.33511636,0.35475487,0.4595322,0.5385592,0.5145873,0.19011194,0.7195975,0.62117815,0.7345172,0.04055912,0.7582315,0.5535626,0.76063216,0.14668976,0.7857873,0.48700404,0.7946093,0.2530191,Stable
0.33429998,0.34936458,0.46618742,0.5387571,0.51436675,0.1937196,0.7308208,0.625594,0.73553646,0.042168356,0.7559797,0.523756,0.7639105,0.15666492,0.78886455,0.49149546,0.7936436,0.25637835,Stable
0.32504675,0.35018557,0.4667843,0.5411595,0.50771064,0.19181769,0.71376294,0.62827444,0.73713505,0.04122171,0.7492945,0.57265884,0.7600479,0.1549322,0.78004956,0.49288374,0.788476,0.258157,Stable
0.32494152,0.3502561,0.46665034,0.54136014,0.50763524,0.19190672,0.71393085,0.62833416,0.7372302,0.041231792,0.749211,0.57255745,0.7598871,0.15510203,0.77996135,0.49285913,0.78840226,0.2582348,Stable
0.331564,0.34995234,0.46608266,0.54402435,0.50554717,0.19954678,0.7179985,0.6301646,0.73966473,0.038920976,0.754955,0.556667,0.7643184,0.15806246,0.77903455,0.49274015,0.7857208,0.259098,Stable
0.3208344,0.35398048,0.4709582,0.55229974,0.51126623,0.19849953,0.71913594,0.6313492,0.7403137,0.0463491,0.752175,0.5574755,0.7677696,0.14729424,0.78128624,0.4962402,0.7862672,0.2609148,Stable
0.3249234,0.3570447,0.46935016,0.5529804,0.5061262,0.2040342,0.72155714,0.63656765,0.73925316,0.04282577,0.75298977,0.5718769,0.76743364,0.14971198,0.779143,0.49454153,0.78789437,0.26452926,Stable
0.3321346,0.3529244,0.46845075,0.55729717,0.5052365,0.21277487,0.7315233,0.6412569,0.7386744,0.06414829,0.7637335,0.55019814,0.7649106,0.12779878,0.7877741,0.50001407,0.7950999,0.26744083,Stable
0.33206427,0.3528199,0.4684852,0.55736077,0.50539714,0.21266739,0.73158646,0.6412602,0.73858166,0.06413506,0.76374674,0.55005133,0.7648063,0.12753858,0.78774184,0.5000744,0.795011,0.26747316,Stable
0.33561477,0.35678464,0.47408015,0.5604022,0.5055516,0.2127372,0.72920406,0.64231,0.7377767,0.06439007,0.7650191,0.55420333,0.75961673,0.16182882,0.7898482,0.50533235,0.79564804,0.28015432,Stable
0.33803862,0.36751541,0.47314125,0.5621983,0.50078255,0.22547269,0.728481,0.64765847,0.73048675,0.07392542,0.7637769,0.548908,0.77349347,0.034007438,0.79486054,0.5075292,0.7983823,0.2811428,Stable
0.32954377,0.3805139,0.46595556,0.57277757,0.5032276,0.23155585,0.7271902,0.65357834,0.7222125,0.087646924,0.7639421,0.55056524,0.7754952,0.037704185,0.7879593,0.51760936,0.79336953,0.28740102,Stable
0.33182126,0.38926858,0.47073612,0.57455647,0.50620985,0.23340133,0.7319951,0.6576847,0.7236444,0.09033425,0.76297355,0.5534323,0.7641112,0.038104497,0.79071414,0.5172564,0.79595506,0.28568795,Stable
0.3318176,0.38924688,0.47077104,0.5746194,0.50622046,0.23327747,0.7319705,0.65768826,0.72358954,0.09035184,0.7629124,0.5534871,0.76405805,0.03799133,0.790565,0.517261,0.7958519,0.28566834,Stable
0.3322608,0.3954628,0.4647684,0.5791677,0.50015473,0.24151224,0.7302878,0.66877544,0.72125,0.10295733,0.76255906,0.55429375,0.7789686,0.046604495,0.78455704,0.5257958,0.7893247,0.2994289,Stable
0.32588306,0.39556533,0.46651098,0.5831454,0.5053939,0.24837188,0.7314061,0.6706843,0.72017455,0.104298845,0.7655674,0.5528697,0.776132,0.04481168,0.7946409,0.52544004,0.79693925,0.29930174,Stable
0.33223057,0.40576446,0.47433934,0.5865634,0.5112821,0.25056887,0.734602,0.6741807,0.7207324,0.11461544,0.7627641,0.5614274,0.7760396,0.04559333,0.794577,0.5357741,0.79968584,0.30384165,Stable
0.33645022,0.4116916,0.47524926,0.58712125,0.50795853,0.26038167,0.7300061,0.67758584,0.71185625,0.1302135,0.7594954,0.5775124,0.7713415,0.03895247,0.78874445,0.5401141,0.7946541,0.31048578,Stable
0.3365504,0.4114263,0.47505802,0.5871726,0.50802886,0.26046312,0.7298975,0.6777467,0.71151304,0.1305027,0.75925606,0.57758963,0.7712114,0.039016567,0.78872913,0.54030323,0.7945413,0.3105656,Stable
0.34050727,0.41525075,0.47546887,0.5954143,0.51110345,0.26156354,0.7313324,0.68461156,0.71932924,0.120818496,0.75974435,0.5789027,0.76961553,0.044560995,0.79672194,0.5437725,0.8043729,0.30859506,Stable
0.34081098,0.42221245,0.47713432,0.600585,0.51154643,0.26705062,0.73278636,0.68517697,0.727363,0.124506265,0.76437753,0.5921808,0.77665824,0.05913998,0.7927128,0.5468267,0.7985716,0.32432905,Stable
0.34174058,0.4305498,0.4777832,0.607857,0.50908905,0.274669,0.73239994,0.69331086,0.72366637,0.12941048,0.7646322,0.5966433,0.7691418,0.047510423,0.788311,0.5610093,0.7946793,0.33089447,Stable
0.34036952,0.43575856,0.4784715,0.60853803,0.504007,0.27899683,0.7308799,0.6976659,0.7130188,0.14205997,0.7658007,0.5869146,0.7723572,0.046421602,0.78988445,0.5577957,0.7935425,0.32705724,Stable
0.3403238,0.43564874,0.4784128,0.6085013,0.5041649,0.28249216,0.7308948,0.6977093,0.71341014,0.14203316,0.7657379,0.58655906,0.77247137,0.046620365,0.7899716,0.55783486,0.79367137,0.3271106,Stable
0.34274375,0.4412806,0.48102874,0.6151868,0.5041324,0.28839052,0.7277094,0.7031914,0.71570027,0.15060464,0.76502323,0.6098408,0.7674259,0.07798682,0.7850784,0.55938905,0.7911991,0.32895783,Stable
0.3401931,0.44061702,0.4806442,0.6198946,0.50002503,0.28933206,0.7280323,0.71021384,0.713967,0.1504128,0.76356614,0.60403144,0.77335924,0.06376966,0.78259623,0.561433,0.78895044,0.32819152,Stable
0.33670947,0.44451186,0.47680792,0.62669086,0.500306,0.29578304,0.7371385,0.7174887,0.70702493,0.15139157,0.7609029,0.6137247,0.773469,0.06750723,0.7794682,0.571802,0.7861211,0.33509097,Stable
0.33902714,0.44854802,0.4893187,0.63348216,0.5002327,0.3042865,0.7390847,0.72292966,0.69956493,0.16517803,0.7620561,0.5944154,0.77159667,0.06541192,0.7861881,0.575384,0.78898656,0.33629912,Stable
0.3389382,0.44856584,0.48942155,0.63348633,0.50023025,0.30430114,0.73910797,0.72288555,0.69956255,0.16508156,0.7620605,0.5948204,0.7715692,0.06539118,0.78612745,0.57531166,0.78890795,0.33625934,Stable
0.33380353,0.45592922,0.48371577,0.6386153,0.50189716,0.30979225,0.7382543,0.73041075,0.7015314,0.17158502,0.76529384,0.61289495,0.7732165,0.07398647,0.78548235,0.57473254,0.785256,0.34420824,Stable
0.3344681,0.45817667,0.4795162,0.63830507,0.5028416,0.31523624,0.7424313,0.72395694,0.70029205,0.17357956,0.76017904,0.6137708,0.77155066,0.07521223,0.79432666,0.58017147,0.7936985,0.34792024,Stable
0.33400032,0.46896416,0.48548108,0.64019305,0.49937373,0.32034412,0.7359599,0.74049115,0.6957068,0.17803115,0.7626834,0.6205087,0.77246106,0.07577978,0.7909636,0.58319247,0.79314893,0.35087544,Stable
0.32989612,0.4783528,0.4831661,0.6430681,0.4988464,0.32069585,0.74314135,0.747416,0.6963836,0.17639163,0.7634536,0.6266583,0.77087283,0.07881172,0.7898686,0.5873017,0.7917878,0.34972316,Stable
0.3297139,0.47828826,0.4831798,0.64316046,0.49897465,0.3206016,0.7431599,0.74745286,0.6965252,0.17616367,0.76343364,0.6266958,0.7707831,0.07848494,0.78988975,0.58738524,0.79178715,0.3496939,Stable
0.3311742,0.48239487,0.4893965,0.64820635,0.49971744,0.327925,0.74421835,0.74431884,0.694288,0.19318508,0.7663615,0.6111152,0.7691674,0.076096445,0.7906321,0.59009075,0.7928413,0.3512038,Stable
0.32698432,0.4851739,0.48669967,0.650477,0.49768156,0.3353358,0.7458319,0.75403184,0.681949,0.19573633,0.7664763,0.61131,0.7687346,0.07831067,0.79012644,0.58745384,0.79313725,0.35058945,Stable
0.33402747,0.48568177,0.48592204,0.6580522,0.50215864,0.33316332,0.74961615,0.7578556,0.6783928,0.1954802,0.7650239,0.6374534,0.7657591,0.07642677,0.78992194,0.5912275,0.7910229,0.35295862,Stable
0.33602282,0.48533267,0.48684272,0.66251254,0.5029581,0.3409445,0.7532372,0.76186395,0.67647445,0.18953787,0.76576173,0.64171094,0.7658627,0.07607998,0.78780425,0.5927856,0.7886061,0.35507643,Stable
0.33607253,0.48491937,0.48696014,0.6626443,0.5029738,0.341021,0.7533221,0.76191103,0.67632055,0.18956153,0.765713,0.64126563,0.76595306,0.07601217,0.7879101,0.5927729,0.78864574,0.35515913,Stable
0.3344471,0.4924019,0.4886484,0.6659758,0.49455148,0.3458488,0.75279874,0.76416725,0.6709312,0.20353884,0.76363695,0.64265263,0.7673745,0.0781254,0.7831131,0.5948304,0.78056014,0.36470705,Stable
0.33549237,0.5002744,0.48276624,0.6660055,0.4988008,0.3487389,0.75073147,0.7672775,0.67277515,0.19822407,0.7658379,0.6454585,0.76284665,0.0786828,0.7852148,0.6124039,0.7856033,0.38062084,Stable
0.33685133,0.50395674,0.48086512,0.6744553,0.4990116,0.35078806,0.7525008,0.7674365,0.67169565,0.19459979,0.7616558,0.64990383,0.7691948,0.07547173,0.7813641,0.6146097,0.78219616,0.38059336,Stable
0.34020752,0.506562,0.4789544,0.6736826,0.50071836,0.35909086,0.7514616,0.7658164,0.6733672,0.20911199,0.7587187,0.6546853,0.7666755,0.07931863,0.7829273,0.6121897,0.7808927,0.38128158,Stable
0.34025273,0.50658774,0.47896212,0.6736094,0.5007553,0.35904667,0.75134486,0.7658021,0.6733651,0.20916304,0.75864494,0.654879,0.7666328,0.07919549,0.78284776,0.61212134,0.78087205,0.38122115,Stable
0.34031403,0.5097162,0.4837526,0.67767084,0.50313634,0.36184093,0.7515862,0.7747206,0.6693715,0.20969996,0.7649144,0.63155913,0.76186603,0.094918296,0.78379124,0.6223769,0.7846209,0.38496315,Stable
0.33716032,0.5155896,0.48358697,0.68333673,0.5001313,0.36330503,0.7453095,0.7713239,0.6683165,0.21346162,0.75723946,0.6718134,0.7618808,0.09464558,0.7826008,0.6278869,0.7836009,0.3893349,Stable
0.3394451,0.5176912,0.48413026,0.68746126,0.49816382,0.36919746,0.7520353,0.7765821,0.6679323,0.21546543,0.75611085,0.6834547,0.76147676,0.0989607,0.7798836,0.63000166,0.7837171,0.3915645,Stable
0.34245083,0.51948494,0.48264453,0.68454856,0.4994448,0.37097687,0.74439585,0.7792555,0.672127,0.21836308,0.7506608,0.68072045,0.76539123,0.09868613,0.78124404,0.6336813,0.78550667,0.40270764,Stable
0.3424072,0.5196796,0.48261827,0.68452877,0.49935576,0.37111542,0.7442891,0.7790212,0.6720602,0.21840826,0.750622,0.6808386,0.7653675,0.09883091,0.78117764,0.6337961,0.78555727,0.40289986,Stable
0.3474444,0.51989037,0.4845078,0.6934067,0.5006299,0.37467694,0.749256,0.77996397,0.6715028,0.22067618,0.7590842,0.6738543,0.7648188,0.10127337,0.78165436,0.63773066,0.7852795,0.4034068,Stable
0.34567797,0.5214938,0.4847511,0.6940551,0.5023179,0.37667143,0.74409044,0.7797713,0.6714654,0.2265194,0.76120657,0.67178345,0.7616128,0.114743076,0.78678155,0.6412804,0.78999156,0.40796113,Stable
0.3448103,0.5258387,0.48817608,0.6998915,0.502748,0.3755345,0.755317,0.7850206,0.6742913,0.21921586,0.7601572,0.665648,0.7611778,0.11276102,0.7909049,0.644215,0.7931942,0.40749693,Stable
0.34894198,0.5243585,0.4857652,0.70175976,0.50088584,0.37588805,0.75694144,0.7888272,0.67721915,0.21796207,0.7551148,0.6631352,0.76628506,0.10729735,0.78615296,0.640754,0.78800726,0.40572172,Stable
0.3491274,0.5243629,0.48580977,0.7018422,0.50108093,0.37578428,0.7570986,0.7889447,0.67730665,0.21787494,0.75508213,0.6630584,0.7659364,0.106675856,0.7864975,0.64066577,0.78817093,0.40558073,Stable
0.3475017,0.5277473,0.48518348,0.7005137,0.4991643,0.37398386,0.7540989,0.78950727,0.676157,0.21869391,0.75431716,0.6714592,0.7601088,0.114079915,0.7851418,0.6410257,0.78746974,0.40663284,Stable
0.34797952,0.5283671,0.48525435,0.69673693,0.49997827,0.3791787,0.7464628,0.78462565,0.66979694,0.23319477,0.7593576,0.66525877,0.75744045,0.12052627,0.7842686,0.6388211,0.78769183,0.40900666,Stable
0.34747335,0.5283454,0.4851424,0.6956453,0.50020015,0.3787713,0.75231236,0.7880031,0.6718247,0.23210785,0.7627909,0.66025037,0.7555262,0.13090333,0.7841042,0.6370932,0.78801984,0.408736,Stable
0.34774065,0.52982664,0.48351893,0.69676137,0.49975693,0.37941164,0.7531926,0.7889087,0.6683605,0.23630238,0.76311296,0.65665376,0.7533486,0.13216892,0.7851991,0.63717127,0.78797376,0.40883335,Stable
0.34752807,0.52944654,0.48328114,0.6962366,0.49926203,0.37981004,0.75337213,0.7889006,0.6685506,0.23626737,0.76302373,0.6568295,0.7532603,0.13211286,0.7856583,0.63733137,0.7881787,0.40889165,Stable
0.34701514,0.5296477,0.48318943,0.6954953,0.49927503,0.3812605,0.74906504,0.78461874,0.66819257,0.23106033,0.7610853,0.6521342,0.75616735,0.12160142,0.78499573,0.63707477,0.7870021,0.4077208,Stable
0.34676334,0.5267971,0.48444843,0.69512916,0.49785393,0.37939423,0.7473716,0.78409815,0.6698402,0.23455158,0.76080716,0.6576034,0.75822353,0.13204245,0.78554267,0.6387417,0.78821576,0.4060199,Stable
0.3458582,0.52630013,0.48127362,0.6921159,0.49924338,0.3785048,0.7454228,0.7841596,0.6689744,0.23051868,0.76251113,0.6642195,0.7565813,0.122216925,0.78480756,0.6446035,0.7882881,0.41086972,Stable
0.34371465,0.5218876,0.4804176,0.69210696,0.49962434,0.37704727,0.7468221,0.784146,0.6708037,0.21807997,0.7613387,0.692229,0.7573534,0.11887428,0.78427213,0.6445801,0.7888541,0.41160473,Stable
0.3436926,0.5219475,0.48039275,0.6921127,0.49962795,0.37703273,0.74679726,0.78416437,0.670748,0.21821848,0.7615025,0.6922428,0.7575129,0.118957214,0.78428006,0.64459765,0.78888977,0.41153,Stable
0.34353694,0.5214572,0.48126277,0.6934968,0.49910244,0.37692297,0.7477233,0.7834844,0.6720371,0.21756834,0.7594978,0.67739856,0.76033086,0.11820641,0.7837845,0.6431509,0.7891145,0.41014904,Stable
0.34376213,0.52331877,0.4793058,0.6927225,0.49891645,0.37681827,0.7488209,0.7839838,0.6722614,0.21712077,0.7597716,0.6943423,0.7573701,0.12073519,0.78408825,0.64446366,0.7888913,0.40897417,Stable
0.34684238,0.52470744,0.4795946,0.69228476,0.4994312,0.3767807,0.7503797,0.78456724,0.6708852,0.21763387,0.75884026,0.67592466,0.75638855,0.11981021,0.78716624,0.64392984,0.7899066,0.4077916,Stable
0.34688348,0.5249564,0.48389238,0.69455314,0.49787685,0.37860474,0.7533623,0.78961086,0.66516256,0.23085722,0.761359,0.6588498,0.75105566,0.13427724,0.78737915,0.6428392,0.7903215,0.40851614,Stable
0.34681404,0.5249494,0.48392114,0.6946095,0.4979031,0.3786463,0.7500689,0.78466505,0.66511285,0.23088633,0.7613045,0.6585467,0.7509397,0.13430297,0.787161,0.6426513,0.79022944,0.40850788,Stable
0.34536347,0.52796996,0.48165792,0.6952407,0.49896246,0.37951964,0.74992347,0.7856764,0.6681205,0.23323068,0.76196045,0.6584566,0.75588834,0.118054055,0.78616464,0.639136,0.78785443,0.40680695,Stable
0.34886417,0.52749836,0.48430538,0.69220823,0.497392,0.3783518,0.74956393,0.78573775,0.6711854,0.22762996,0.7620246,0.6589538,0.76276207,0.115427166,0.7829946,0.6363107,0.7860944,0.40442657,Stable
0.35489345,0.5283571,0.4868139,0.7006974,0.49869215,0.37742555,0.75250995,0.7858566,0.67321175,0.21946943,0.76209563,0.6569929,0.7618403,0.113825336,0.7799828,0.6323046,0.7813535,0.40212387,Stable
0.3493967,0.52817655,0.48772848,0.70141625,0.49724683,0.37911785,0.75603557,0.7956132,0.6713842,0.21953551,0.7592385,0.65969115,0.76268506,0.11322182,0.77727246,0.6347875,0.77860063,0.40732193,Stable
0.3494198,0.5283176,0.48765802,0.7014477,0.49732953,0.37904036,0.7561106,0.79564524,0.6713667,0.21960741,0.7592472,0.6596217,0.7627064,0.11325606,0.77747315,0.6348268,0.7787146,0.40733886,Stable
0.35483193,0.5294435,0.4875276,0.69752276,0.49555254,0.38192114,0.7471483,0.786765,0.66835606,0.22833763,0.7554277,0.66378933,0.7621495,0.11514917,0.7782476,0.63479203,0.7785346,0.4064808,Stable
0.35792673,0.5342314,0.4901005,0.7026946,0.49352336,0.38264832,0.74899477,0.7850725,0.66611266,0.22993347,0.7610365,0.6588688,0.75649,0.11670947,0.7780158,0.6327032,0.7808659,0.4019084,Stable
0.3570521,0.53488445,0.48377275,0.70009327,0.49338457,0.38527688,0.74414515,0.78505886,0.66336393,0.23787002,0.76187134,0.6636092,0.7570584,0.13242319,0.781238,0.6334705,0.77934957,0.4032926,Stable
0.35655603,0.53698385,0.48564777,0.701283,0.49459112,0.38391563,0.74632925,0.7929472,0.6652733,0.23990153,0.76029867,0.7055909,0.76296324,0.11824724,0.7788719,0.63520026,0.7770424,0.40574545,Stable
0.35653886,0.53702164,0.48570603,0.70126903,0.49457082,0.3839396,0.74637437,0.7929928,0.6652211,0.23990785,0.7604376,0.7053164,0.76292753,0.11826795,0.7789625,0.63499796,0.7770855,0.40559894,Stable
0.35818303,0.5403763,0.48753807,0.7067358,0.4940855,0.38491166,0.7452476,0.7930793,0.6631715,0.24049333,0.76065207,0.7030219,0.76226866,0.117973916,0.7785754,0.6358159,0.77691597,0.407464,Stable
0.35779828,0.5395999,0.48557103,0.70438063,0.49621186,0.38326845,0.74552745,0.7930572,0.66751325,0.23604643,0.7612867,0.6995548,0.76124287,0.11499827,0.77827877,0.63565385,0.7776992,0.4065041,Stable
0.3539215,0.53945667,0.4874015,0.703782,0.49539673,0.38365945,0.74629796,0.7853346,0.66922563,0.2386239,0.76021135,0.65979964,0.7617724,0.11699369,0.778305,0.6321826,0.7782683,0.40580827,Stable
0.35650632,0.5420433,0.48392078,0.70564306,0.49369973,0.38450533,0.756654,0.7945609,0.6707696,0.23768018,0.759714,0.7008734,0.7603075,0.13100451,0.7830922,0.6356777,0.7820233,0.40746856,Stable
0.35654387,0.54206127,0.48400843,0.70559394,0.4936943,0.384579,0.7565236,0.7945124,0.6706865,0.23779732,0.75973696,0.70083547,0.7602682,0.1311015,0.7832854,0.6356535,0.7821331,0.40738988,Stable
0.3566147,0.5408244,0.4834512,0.7021376,0.4966776,0.38233316,0.7468159,0.785151,0.67172545,0.23407125,0.75763977,0.70532787,0.758738,0.13138525,0.7844884,0.64079386,0.78469193,0.40564165,Stable
0.35679588,0.5422766,0.48694605,0.7009226,0.49636015,0.38357717,0.7530714,0.790106,0.67096156,0.23286816,0.7581103,0.7026369,0.7634071,0.13128407,0.784157,0.634586,0.78302085,0.40446872,Stable
0.35727704,0.5423987,0.48990577,0.7033698,0.49441177,0.3829621,0.75594586,0.79686016,0.67206234,0.2370053,0.7598915,0.7033021,0.7641112,0.11724355,0.7851062,0.6432679,0.7835816,0.4087622,Stable
0.3571247,0.5436481,0.48894653,0.705426,0.4966184,0.3844918,0.7589464,0.7963843,0.6738333,0.23284756,0.7514388,0.7264845,0.7612618,0.12054029,0.7884092,0.6459186,0.78692883,0.40981075,Stable
0.35726988,0.5436437,0.48912045,0.70546734,0.49666318,0.3845663,0.7590116,0.7964288,0.6737153,0.23310296,0.75193715,0.72611654,0.76091933,0.12091747,0.7885725,0.64581215,0.78709406,0.40977877,Stable
0.35605818,0.5450512,0.4865808,0.7041801,0.49483317,0.3849426,0.7562277,0.7942313,0.6697153,0.23398665,0.75354457,0.70634484,0.7633405,0.113920346,0.7801763,0.64349926,0.7795639,0.41135263,Stable
0.35748622,0.5448673,0.48758775,0.7024378,0.50089324,0.3806046,0.7516775,0.7932221,0.67340946,0.22847578,0.75735235,0.68391716,0.7710891,0.08808075,0.7780082,0.644838,0.77857447,0.4126842,Stable
0.35594565,0.5417874,0.48630366,0.7022397,0.49685645,0.38092178,0.7529063,0.7877668,0.6672857,0.23272,0.752273,0.702263,0.7655448,0.101093076,0.778572,0.638861,0.7795999,0.4063221,Stable
0.35542953,0.54058343,0.48316777,0.7043017,0.4974218,0.38100645,0.7566745,0.7903852,0.67242503,0.22779505,0.74684954,0.7083185,0.768404,0.09025647,0.7804564,0.6402749,0.77933085,0.4080574,Stable
0.35541677,0.54075915,0.4831477,0.70421904,0.49741912,0.3809979,0.75650036,0.7902353,0.6723583,0.2278869,0.74684083,0.7086653,0.7683785,0.09032658,0.78048515,0.6403379,0.77933806,0.40811163,Stable
0.3560251,0.54093885,0.48725796,0.70209545,0.4975031,0.38074118,0.7573843,0.7878097,0.668574,0.21769783,0.7424347,0.7205169,0.7680286,0.09340207,0.78221357,0.6402288,0.7793685,0.40599406,Stable
0.35385054,0.5450556,0.4837733,0.6993847,0.48817867,0.38301858,0.74192965,0.7819308,0.6615018,0.22530137,0.7388911,0.73966515,0.76799595,0.085160576,0.7789308,0.64279777,0.7788513,0.41070327,Stable
0.35156208,0.5450594,0.48296326,0.69968003,0.49077988,0.382359,0.74530876,0.7813379,0.65869856,0.2254501,0.7389804,0.7356531,0.7572381,0.09337603,0.78238237,0.64270866,0.7804453,0.40832672,Stable
0.35085952,0.54373693,0.49129474,0.69712156,0.4895483,0.3787652,0.7511909,0.78063285,0.66559553,0.21944204,0.74104404,0.74023175,0.77064127,0.07450987,0.7795638,0.6397991,0.77731913,0.4052858,Stable
0.3507403,0.5438352,0.49133813,0.69708776,0.48969477,0.3784606,0.75105286,0.7806715,0.66631556,0.21905634,0.74083734,0.740656,0.7707052,0.07455905,0.77939934,0.6397285,0.77712965,0.4052894,Stable
0.35215026,0.5410342,0.4856685,0.6909332,0.490336,0.3798841,0.7438144,0.7783064,0.65980035,0.21957348,0.7444161,0.73255336,0.76771325,0.07867849,0.7761974,0.64443237,0.77558255,0.4063395,Stable
0.34737167,0.5364286,0.4824606,0.69659626,0.4874493,0.37578505,0.74597216,0.7774922,0.6685808,0.2103989,0.743888,0.7240991,0.7663219,0.08016413,0.7713345,0.636629,0.76438844,0.39251548,Stable
0.35384688,0.5309291,0.48642072,0.69659746,0.48996323,0.37114605,0.7561712,0.7778465,0.66199434,0.20642768,0.7424556,0.7047324,0.7631864,0.090879075,0.775233,0.63510305,0.77334034,0.39213425,Stable
0.35422468,0.5311413,0.49147546,0.6882178,0.49236614,0.3680262,0.75573754,0.77240396,0.668208,0.20999949,0.7427005,0.68661857,0.77000237,0.073710635,0.77721494,0.62899864,0.77273077,0.3884154,Stable
0.35420763,0.5311315,0.49149033,0.68833435,0.49238652,0.36799645,0.75576586,0.7724423,0.66820264,0.2099806,0.74274176,0.68658185,0.7699671,0.07382642,0.7773025,0.6291133,0.77277607,0.3884287,Stable
0.35276732,0.5281464,0.48317522,0.68912816,0.48820335,0.36301273,0.7441463,0.76595545,0.672083,0.2066895,0.7509665,0.68739426,0.7721274,0.07704134,0.78031516,0.6392339,0.77751803,0.3925966,Stable
0.3519952,0.52488756,0.48306853,0.6833651,0.49260896,0.3635043,0.74899685,0.76440686,0.6708817,0.20815858,0.7482988,0.6899213,0.7701687,0.071278706,0.7826892,0.6215664,0.77656996,0.38490948,Stable
0.35048813,0.52268434,0.48875535,0.6782872,0.49403927,0.3617673,0.7526628,0.76437867,0.6762356,0.1950398,0.74790084,0.67461133,0.76891196,0.07310988,0.7803842,0.61704755,0.772632,0.3830696,Stable
0.34827232,0.520574,0.4883263,0.67833424,0.4960098,0.35782707,0.75372314,0.7673588,0.6759062,0.20476434,0.7544216,0.6557592,0.76828086,0.07526563,0.77829814,0.61255157,0.77577585,0.37273356,Stable
0.34818083,0.5206187,0.48839042,0.6782593,0.49608064,0.3577724,0.75387394,0.76722145,0.6760243,0.20438144,0.7542522,0.6559378,0.7683903,0.07516517,0.77848804,0.61258054,0.7758877,0.3727545,Stable
0.35456532,0.5143755,0.48481816,0.6778233,0.4935329,0.35548887,0.7484442,0.7601344,0.6754153,0.19696039,0.7546868,0.6503078,0.76577044,0.07398468,0.78154457,0.6120677,0.7760676,0.380077,Stable
0.35572216,0.50931394,0.48919666,0.6657691,0.49276206,0.3506634,0.75130314,0.7633358,0.6715807,0.19900128,0.7509812,0.65554476,0.76764023,0.06035982,0.78115743,0.5975026,0.7742223,0.36596316,Stable
0.35029614,0.5052245,0.49001536,0.66671795,0.49216852,0.34482655,0.7527602,0.76075304,0.67316794,0.18947566,0.7522854,0.63920236,0.76808846,0.05331976,0.782031,0.59391,0.77570236,0.36131987,Stable
0.34895968,0.4985935,0.4871466,0.65884906,0.4863199,0.3438545,0.74336,0.7439532,0.6749332,0.18982038,0.75663537,0.63638985,0.76664275,0.057148114,0.78065515,0.5882873,0.7724191,0.35953924,Stable
0.3489518,0.49867487,0.48708385,0.6588964,0.48620498,0.34383494,0.7433623,0.7440128,0.674978,0.18960139,0.7564189,0.63669914,0.76671505,0.057188146,0.7805969,0.58832407,0.7723727,0.3595258,Stable
0.35038814,0.4887823,0.49073085,0.6555761,0.49286592,0.34365925,0.7399687,0.741855,0.6780697,0.19053414,0.75609934,0.63008195,0.7682773,0.065536045,0.77653116,0.58195627,0.772109,0.3502884,Stable
0.35422248,0.48336065,0.49012715,0.64300394,0.49281335,0.3360129,0.7388484,0.7389185,0.6798443,0.17357956,0.755231,0.6356605,0.7664146,0.056855276,0.77854985,0.57919806,0.7738461,0.3453945,Stable
0.354843,0.47861135,0.49059698,0.6385815,0.49837136,0.33046043,0.73525715,0.73162854,0.6936464,0.17355059,0.75775075,0.632353,0.7689698,0.066166565,0.781779,0.56969124,0.777902,0.34286577,Stable
0.34960407,0.47593367,0.48866507,0.63565636,0.4982973,0.32126966,0.74654233,0.7228159,0.691031,0.16979872,0.7575382,0.60020924,0.7721187,0.063211545,0.7821634,0.57303196,0.78156304,0.34298238,Stable
0.34958363,0.47592926,0.48861742,0.6357178,0.49833512,0.32135242,0.7464893,0.7228906,0.690871,0.16977261,0.75749695,0.6005168,0.77207124,0.06293232,0.7821726,0.57281023,0.7815246,0.3427652,Stable
0.3578139,0.47024557,0.4880521,0.6258674,0.49563974,0.31924665,0.73037934,0.712886,0.6800605,0.1715589,0.7593287,0.6231422,0.7669368,0.083061025,0.77783716,0.5660496,0.7731848,0.3407373,Stable
0.36063135,0.46523726,0.49173754,0.61968356,0.49938595,0.30557686,0.73069715,0.7029152,0.6951193,0.16115507,0.7505038,0.62312174,0.77154154,0.058782034,0.781856,0.55419797,0.77651733,0.32706705,Stable
0.36013252,0.45888144,0.48634636,0.6170546,0.48706508,0.30542785,0.70538676,0.69411385,0.68816197,0.17167048,0.7502941,0.6508823,0.7721097,0.068906814,0.77549523,0.5483053,0.77223,0.31989306,Stable
0.35877296,0.4548176,0.4888767,0.61350644,0.4937477,0.3032405,0.7149513,0.6888118,0.6965561,0.16923504,0.7446201,0.6579497,0.77322817,0.0737144,0.7740447,0.54876095,0.772751,0.3262117,Stable
0.35875064,0.45480317,0.4886546,0.613195,0.49351496,0.30331236,0.71438545,0.6885946,0.6963665,0.16961217,0.7448661,0.6580149,0.77314305,0.07352817,0.7738342,0.5486282,0.77259624,0.32624668,Stable
0.36038262,0.45579284,0.49294516,0.61016035,0.48729366,0.3034044,0.7100803,0.6891345,0.68292105,0.18219942,0.74743074,0.6474565,0.7703321,0.08705212,0.78072834,0.5469276,0.7799351,0.3246822,Stable
0.35870573,0.45450577,0.49113536,0.60549605,0.48555648,0.30316222,0.70853275,0.68291867,0.6820903,0.18570453,0.74944586,0.6439568,0.7698929,0.082155526,0.7771354,0.5450885,0.7777537,0.3240808,Stable
0.36122558,0.45547995,0.4889272,0.61644346,0.48797756,0.3071201,0.7216755,0.6840567,0.68370146,0.17291896,0.7575947,0.6307056,0.7623395,0.095085174,0.78020185,0.536437,0.77948636,0.3228061,Stable
0.3632604,0.45717502,0.49146697,0.6165004,0.48687208,0.30962536,0.7180847,0.6889149,0.67588323,0.19441581,0.7553567,0.6495745,0.7613522,0.1125074,0.7690999,0.5428277,0.76560855,0.32501394,Stable
0.36369723,0.45749378,0.49158284,0.6165043,0.4868587,0.30964562,0.7193308,0.6891395,0.6760036,0.19434339,0.7552852,0.64858836,0.76249546,0.11106344,0.76942587,0.5427073,0.76677865,0.32437038,Stable
0.36977375,0.46204633,0.4921883,0.6186143,0.48418784,0.31587598,0.7189602,0.6860773,0.67979455,0.1966766,0.7564565,0.636994,0.7686976,0.10033511,0.77024066,0.5478358,0.7651634,0.32611528,Stable
0.37252602,0.4668103,0.49287924,0.62502885,0.48947167,0.32419625,0.71211123,0.69769996,0.6718339,0.2148137,0.75516075,0.6546664,0.76132745,0.11467761,0.7728228,0.55235946,0.7664026,0.32876945,Stable
0.37417766,0.47240806,0.49797243,0.6354287,0.49017364,0.33207422,0.7176783,0.7040129,0.67580795,0.21616396,0.75726354,0.6613178,0.76493347,0.122909985,0.7813594,0.56962556,0.77865815,0.33736977,Stable
0.37669978,0.4714927,0.49969313,0.64265215,0.49182415,0.33788013,0.7406172,0.7140328,0.68741715,0.21329461,0.7524254,0.65687466,0.7731749,0.12841706,0.7818409,0.5741571,0.77905667,0.34364748,Stable
0.37675297,0.47152945,0.4997483,0.6427163,0.49176562,0.3379085,0.7405765,0.71420896,0.6871922,0.21346423,0.75237554,0.6567918,0.7729656,0.1284486,0.78196526,0.57429284,0.7791807,0.34382722,Stable
0.37784302,0.46891737,0.4917638,0.63910866,0.48936683,0.35171247,0.72065395,0.7159903,0.67202806,0.23200998,0.755739,0.65506667,0.7666134,0.14076802,0.7805221,0.5744811,0.7781219,0.355615,Stable
0.3753024,0.45957884,0.496299,0.64966077,0.4900497,0.3535039,0.7441801,0.719241,0.68082666,0.22968863,0.75259346,0.6556945,0.7662828,0.14436048,0.7800903,0.5878793,0.7769662,0.3565702,Stable
0.3724186,0.446285,0.49734187,0.6537602,0.48859617,0.355025,0.7464961,0.7338623,0.6811651,0.2338128,0.7552012,0.6569284,0.76661694,0.14971608,0.7806128,0.59311026,0.7804711,0.3658509,Stable
0.37504697,0.42489398,0.48359153,0.6565994,0.48308635,0.366466,0.7308419,0.736916,0.6707756,0.23848122,0.7576634,0.64082676,0.76628506,0.15857579,0.77852714,0.5979459,0.77857864,0.3879522,Stable
0.37486988,0.42511222,0.48384237,0.65977913,0.48314938,0.3665348,0.7305605,0.7368917,0.6709914,0.2385464,0.75730085,0.6413402,0.7662488,0.15862523,0.7782732,0.5980335,0.77828693,0.38813967,Stable
0.38168114,0.41433987,0.4842742,0.6623715,0.50094557,0.35989738,0.74119514,0.7524768,0.68572366,0.23627824,0.7566761,0.6363256,0.7617117,0.1678888,0.77988476,0.6254773,0.78341603,0.39764485,Stable
0.39217055,0.40497464,0.48361522,0.66750026,0.5019039,0.36495858,0.74286526,0.75450814,0.6955189,0.24398164,0.7580954,0.6577295,0.7649879,0.18108098,0.7836484,0.6264843,0.7876343,0.4007928,Stable
0.40848154,0.40206787,0.48527187,0.6730645,0.5029721,0.37208658,0.7430732,0.76129234,0.69155884,0.26256818,0.76536334,0.6502404,0.75539124,0.20099585,0.78981113,0.62979716,0.7943773,0.40702316,Stable
0.40893555,0.39442044,0.47896528,0.67621434,0.5048084,0.3690163,0.7405035,0.761779,0.6999371,0.2713171,0.76921666,0.6675285,0.7610283,0.21337312,0.78552055,0.629468,0.7914993,0.4090999,Stable
0.40872037,0.39400846,0.47889876,0.67624784,0.50451386,0.36929816,0.7404046,0.7617732,0.6994218,0.2717729,0.7690436,0.66757673,0.761018,0.21342097,0.78533995,0.62947583,0.7913684,0.40897155,Stable
0.40431464,0.387485,0.47827578,0.67363656,0.50389695,0.366539,0.7393218,0.7659611,0.70189995,0.26969752,0.7652156,0.6716845,0.7580349,0.22352503,0.78230804,0.6305404,0.787043,0.40825272,Stable
0.40374756,0.38257235,0.47678682,0.6712751,0.504132,0.36449537,0.73822176,0.7689578,0.7020924,0.27023315,0.76581025,0.6598956,0.7594173,0.21581267,0.77897567,0.62973833,0.78571075,0.40779114,Stable
0.41583323,0.38006637,0.4699232,0.6714603,0.50592005,0.3624527,0.7387852,0.7667855,0.7139915,0.26068532,0.7684638,0.66474116,0.76191634,0.22348997,0.7819056,0.62802863,0.79069674,0.4069621,Stable
0.40089083,0.37312317,0.47125956,0.66674614,0.5150177,0.35378283,0.7365267,0.77154416,0.7187568,0.25709423,0.7670127,0.64026433,0.75950617,0.20956157,0.7813628,0.631305,0.7888216,0.410948,Stable
0.4008385,0.37315905,0.47117516,0.66675365,0.51474535,0.35400116,0.7364103,0.77127314,0.7178519,0.258551,0.7670304,0.6398617,0.75949764,0.20970605,0.78118134,0.63116056,0.78857255,0.4107302,Stable
0.4079872,0.3696316,0.46320444,0.65793955,0.50804615,0.35317624,0.726221,0.75987214,0.70283127,0.27243364,0.7667527,0.65332747,0.76334107,0.21098223,0.7785827,0.62890655,0.7880084,0.41144416,Stable
0.41542727,0.3689886,0.46354342,0.6554532,0.51140475,0.35568893,0.7338993,0.76466787,0.700222,0.27322108,0.76562226,0.6351898,0.7599074,0.21472417,0.7815284,0.63035727,0.79296535,0.40997636,Stable
0.4078498,0.35728678,0.4627053,0.6604814,0.51534444,0.35559937,0.734441,0.7661032,0.70877975,0.26770806,0.76077336,0.6411147,0.7658845,0.20439446,0.77557147,0.6489495,0.79003096,0.42721045,Stable
0.4127565,0.3664864,0.46001196,0.65568244,0.5102297,0.35843807,0.7232938,0.7649393,0.7046449,0.26868543,0.7585768,0.6420837,0.7668077,0.19574806,0.773957,0.64586246,0.790071,0.4265004,Stable
0.4128326,0.36675888,0.46001133,0.655644,0.51043206,0.35829198,0.7236435,0.7650554,0.70496976,0.26841927,0.75857556,0.64181215,0.7668427,0.19554071,0.7742144,0.6459298,0.7903528,0.4264774,Stable
0.41363165,0.36691272,0.45557797,0.6538309,0.5124203,0.36042258,0.7233805,0.7651644,0.7008028,0.27599087,0.764384,0.63335246,0.7572679,0.20413373,0.7735958,0.64938307,0.78805137,0.4310367,Stable
0.4116581,0.362316,0.46116537,0.6590222,0.5134482,0.3578919,0.72494924,0.767825,0.7043824,0.2718542,0.7592752,0.6389843,0.7610771,0.20893762,0.77367914,0.6469171,0.7862166,0.42921966,Stable
0.41338235,0.3637141,0.45497268,0.6634794,0.50941354,0.3592789,0.72674793,0.77042836,0.6945249,0.2881204,0.76455134,0.65734315,0.7512406,0.22271657,0.7747738,0.64828014,0.78654474,0.42643723,Stable
0.42031953,0.36811697,0.45943564,0.66400325,0.50967294,0.36072588,0.73849213,0.78342485,0.6969751,0.28815493,0.7542877,0.6332206,0.75892895,0.21585093,0.77267516,0.64936066,0.7826273,0.43001074,Stable
0.42037684,0.36823726,0.45941526,0.6637777,0.50963295,0.3607872,0.73870087,0.7836143,0.6971087,0.28822473,0.7537651,0.6323267,0.7589251,0.21610215,0.77277106,0.6492567,0.78277725,0.42986986,Stable
0.42050737,0.3674612,0.45708048,0.66275436,0.5096303,0.3611575,0.74378157,0.7830411,0.6972012,0.28304055,0.7633211,0.6320189,0.768397,0.21296096,0.77422065,0.65440416,0.78293455,0.43214452,Stable
0.42520723,0.3697968,0.45507652,0.66204965,0.51212096,0.36288822,0.7413427,0.7832854,0.705068,0.27939028,0.76405615,0.64785147,0.7701467,0.21054427,0.7757751,0.65076923,0.7865316,0.43093723,Stable
0.4202262,0.36782134,0.45750758,0.6642093,0.5100707,0.3657918,0.7280545,0.7775024,0.7022408,0.28925654,0.767709,0.6570539,0.75858474,0.22665207,0.7739975,0.65362704,0.7843845,0.4463168,Stable
0.43150076,0.37797338,0.46424243,0.6691654,0.5130124,0.36551425,0.73992693,0.7849099,0.70225406,0.28816628,0.76504517,0.64927787,0.7558429,0.23334263,0.7792376,0.65341187,0.7870053,0.42868066,Stable
0.43148512,0.37799522,0.4643056,0.6691701,0.5130108,0.36550912,0.7399262,0.78491557,0.7022517,0.2881761,0.7650212,0.64928937,0.7558455,0.23334089,0.77924645,0.65339375,0.7870228,0.42869902,Stable
0.42725444,0.36998996,0.46281812,0.6735207,0.51236564,0.37056196,0.7433808,0.7840297,0.6996893,0.29122102,0.7619617,0.6569099,0.7549845,0.22153841,0.77705497,0.6531643,0.7830007,0.43172193,Stable
0.42375204,0.3735851,0.46007448,0.67242116,0.5097476,0.37685102,0.73738563,0.7809379,0.68722355,0.2965991,0.7633829,0.67496055,0.75588983,0.23072445,0.7758095,0.65009105,0.78276795,0.4279426,Stable
0.42783707,0.3721089,0.4559253,0.6703899,0.5106908,0.37645683,0.7319739,0.78103447,0.68516576,0.30013114,0.7639067,0.66155183,0.75039244,0.22903597,0.7749715,0.6504386,0.7831508,0.42885563,Stable
0.42169636,0.36974686,0.45673227,0.6700768,0.51142246,0.37089467,0.7391054,0.7819399,0.69833183,0.29285806,0.76020765,0.65803856,0.7585821,0.23253356,0.77598226,0.6499224,0.78394306,0.42854548,Stable
0.4216606,0.36969838,0.45673344,0.67017883,0.5114396,0.37085605,0.73885864,0.7820654,0.698447,0.2927795,0.75976706,0.65862304,0.7584901,0.23215204,0.7758471,0.6501845,0.7839123,0.4287237,Stable
0.41998467,0.36938924,0.45521197,0.66918266,0.51265895,0.36888403,0.73221695,0.7821602,0.6963915,0.2938104,0.7612216,0.6646119,0.7623397,0.23198447,0.77314484,0.6533027,0.78202736,0.43387896,Stable
0.41727036,0.36633787,0.4531685,0.66922617,0.5140562,0.36738238,0.72575563,0.782798,0.6999392,0.29272008,0.7622839,0.6739499,0.7681966,0.22157244,0.7724962,0.65396655,0.7818751,0.43572932,Stable
0.41814452,0.36819538,0.45552275,0.6682749,0.5152993,0.3689087,0.72840655,0.7817534,0.7083199,0.2896021,0.764519,0.6771378,0.76504433,0.21383512,0.77717155,0.65287143,0.7875792,0.4305449,Stable
0.41797632,0.36788532,0.45591542,0.6683709,0.51524043,0.36895478,0.72891206,0.7816776,0.7082185,0.289634,0.76446384,0.6770591,0.7650737,0.2135855,0.7772348,0.6528781,0.7876438,0.43073922,Stable
0.41983256,0.37165582,0.45494947,0.6661302,0.5133567,0.37111735,0.7279538,0.7820767,0.70239323,0.29349673,0.7658452,0.67869776,0.75882244,0.22866283,0.7761618,0.65222484,0.7857811,0.4327311,Stable
0.42408332,0.36541992,0.4570979,0.6679561,0.51377016,0.3644571,0.7310421,0.78239703,0.6966872,0.2912223,0.7721247,0.6671843,0.7570397,0.23011789,0.7739804,0.65357643,0.78415036,0.43508655,Stable
0.4275646,0.37730452,0.45265493,0.66829884,0.50969535,0.3713754,0.73009366,0.7802609,0.69978404,0.29030064,0.76198834,0.654059,0.7556293,0.23789737,0.77340096,0.6671638,0.7864369,0.44455433,Stable
0.4194369,0.37930787,0.45998007,0.66717356,0.5147425,0.3770842,0.72569907,0.7790022,0.703177,0.28894258,0.7624605,0.6523893,0.7722725,0.2218917,0.7776093,0.65432286,0.787214,0.44381386,Stable
0.41935116,0.37909696,0.46023458,0.6671679,0.5149255,0.3769327,0.7256911,0.7791941,0.70331043,0.28890228,0.76263875,0.652287,0.7720088,0.22183633,0.7778336,0.65401226,0.78742266,0.44350764,Stable
0.41041726,0.385421,0.45546037,0.6618788,0.51247865,0.3788973,0.7235861,0.7741498,0.70398355,0.2862798,0.75551844,0.6336228,0.770931,0.2165746,0.7724563,0.66918963,0.7837393,0.44943306,Stable
0.3999959,0.39047682,0.45337376,0.65862274,0.51121676,0.37930462,0.72000784,0.7677533,0.70013857,0.2835123,0.7501635,0.6291996,0.77051204,0.2066363,0.76822966,0.65089965,0.7762326,0.43208945,Stable
0.4012658,0.40895557,0.4565065,0.65877116,0.50802475,0.37913215,0.7141428,0.7618066,0.6936027,0.281887,0.7542114,0.64837277,0.75882363,0.2267707,0.76830006,0.64824456,0.7758807,0.4233349,Stable
0.39819583,0.414541,0.4525512,0.656541,0.50979567,0.36731696,0.703607,0.75459313,0.7030868,0.27449697,0.7538682,0.7037482,0.76607436,0.20126727,0.76659673,0.6468643,0.77867866,0.42644748,Stable
0.39826435,0.41473788,0.45234245,0.6564535,0.5097842,0.36719286,0.7037438,0.75464153,0.702955,0.27439794,0.754029,0.7036307,0.76612544,0.20128393,0.7665211,0.6468539,0.7787421,0.42668867,Stable
0.3945036,0.41608924,0.45383602,0.65162206,0.50605595,0.3701906,0.71287584,0.753514,0.70775,0.27381545,0.7582394,0.68225586,0.7663402,0.20879953,0.76588964,0.64589906,0.77551144,0.42426735,Stable
0.39400885,0.42482358,0.46284255,0.6495939,0.5025209,0.36484858,0.7144384,0.75374,0.68564427,0.2756641,0.7657443,0.6608854,0.7573744,0.21508366,0.7699508,0.62831926,0.77791584,0.40903017,Stable
0.398189,0.42519897,0.46786043,0.64984035,0.5028147,0.36105666,0.7185589,0.7456795,0.702494,0.26706213,0.76612324,0.6668688,0.76100683,0.20995699,0.77459955,0.62405014,0.7819319,0.4045502,Stable
0.38627598,0.43212408,0.46823454,0.6525284,0.50595754,0.36148652,0.7188715,0.7396773,0.7058546,0.2575962,0.75923693,0.6660876,0.75889176,0.20451681,0.7750319,0.61232954,0.78075874,0.3986392,Stable
0.38605326,0.43215108,0.46838993,0.65247,0.50608325,0.36179063,0.71882904,0.7395515,0.70568836,0.25768164,0.7592825,0.6663687,0.7591808,0.20429914,0.77494186,0.61243737,0.7806587,0.39886373,Stable
0.3912748,0.43298027,0.46529493,0.6417221,0.50152373,0.35724562,0.71660125,0.7387611,0.7046792,0.26090807,0.76350063,0.65161777,0.7641357,0.20785505,0.77392995,0.6230917,0.7776982,0.40260404,Stable
0.38264036,0.43857726,0.46972704,0.6412753,0.50669426,0.36208424,0.71550965,0.73317254,0.7000775,0.26273477,0.761687,0.6796402,0.75783014,0.21134976,0.7799634,0.5986939,0.7799901,0.38967752,Stable
0.3870927,0.44612378,0.4703039,0.6385088,0.50186944,0.3555604,0.70261717,0.7236122,0.69491696,0.25870395,0.76192415,0.6811761,0.75394195,0.20741484,0.77965105,0.59622127,0.7773013,0.3863423,Stable
0.39742994,0.4446845,0.47053525,0.6366677,0.50132555,0.35726938,0.7136768,0.730538,0.70181453,0.25480917,0.75101316,0.6815924,0.7586324,0.20881304,0.7759182,0.6061247,0.77567816,0.393623,Stable
0.39744914,0.4446535,0.47070855,0.6365909,0.50112724,0.3574298,0.71362555,0.73062336,0.7016289,0.25506386,0.7509577,0.6813315,0.7587904,0.20875037,0.7758368,0.6059435,0.7756107,0.39366168,Stable
0.38480455,0.44916174,0.47533223,0.6384388,0.49951777,0.35940683,0.71238554,0.72683024,0.69601357,0.2645053,0.76118946,0.68198514,0.7573793,0.20798737,0.779524,0.6052956,0.7801818,0.38632393,Stable
0.3824112,0.4540759,0.47754225,0.64153117,0.49632603,0.35849994,0.7247416,0.73249555,0.69836706,0.26072153,0.75291103,0.6770046,0.7586889,0.20739558,0.78002346,0.5922606,0.77748036,0.38304287,Stable
0.37676892,0.4613796,0.47978377,0.64121664,0.4988966,0.36316,0.7215778,0.7193192,0.6935234,0.25750312,0.76244605,0.66885084,0.75647086,0.2020328,0.77669287,0.588387,0.77485013,0.38011205,Stable
0.3752228,0.46532857,0.47875196,0.6410543,0.495589,0.36093843,0.71575445,0.71884227,0.6902323,0.25757855,0.75096655,0.6771695,0.7557661,0.20048574,0.7783443,0.5782523,0.7738496,0.36746427,Stable
0.37519157,0.46545157,0.47875747,0.6410861,0.49558926,0.360869,0.7154429,0.7188735,0.6901709,0.25757024,0.75119495,0.6772101,0.755623,0.20027629,0.7784318,0.5780089,0.7739617,0.3672971,Stable
0.37603968,0.46490782,0.48337024,0.63950515,0.49845648,0.36049825,0.72392887,0.7202791,0.6787325,0.25609058,0.7599568,0.6575668,0.74377173,0.21653837,0.7766873,0.5830849,0.7732997,0.3746158,Stable
0.37597212,0.46788192,0.4795297,0.6392728,0.49381718,0.3588661,0.70228076,0.71115005,0.67172825,0.2591198,0.7524408,0.6861023,0.74196637,0.20265625,0.77806175,0.5783278,0.77140564,0.36757988,Stable
0.37271652,0.46640775,0.48131055,0.638585,0.49033353,0.35648438,0.7168602,0.715752,0.672477,0.2558092,0.761157,0.6571499,0.74181306,0.2013228,0.77726996,0.5852299,0.77171814,0.3654916,Stable
0.37240243,0.4664683,0.4757871,0.632432,0.48546618,0.35688657,0.7061974,0.7118377,0.6697699,0.25617296,0.74556005,0.6716875,0.7383358,0.20771883,0.7735163,0.5858972,0.76933163,0.36952192,Stable
0.37239373,0.4664268,0.4757297,0.63243264,0.48525852,0.35683057,0.7128042,0.7119838,0.67044175,0.25597414,0.7455465,0.6714963,0.7386643,0.20788088,0.77386475,0.58601266,0.76961106,0.36928105,Stable
0.3709759,0.4666389,0.4803437,0.63661706,0.4860601,0.35530174,0.71488136,0.70390576,0.6654761,0.2560553,0.7493157,0.6646209,0.745813,0.20193945,0.7785112,0.5785798,0.77392125,0.36346516,Stable
0.3717501,0.46285006,0.4803388,0.63447714,0.48316333,0.35257876,0.7067587,0.6986084,0.65659976,0.2556435,0.7557843,0.6812695,0.7421803,0.20699173,0.7772261,0.57348764,0.7710132,0.36007273,Stable
0.37007588,0.45846114,0.4771427,0.6324513,0.4871099,0.34654456,0.7056637,0.69656813,0.6738796,0.24905613,0.761328,0.65674907,0.75414395,0.18816221,0.77699184,0.57397,0.76930714,0.35963416,Stable
0.37417763,0.4528051,0.47992378,0.63097066,0.49489826,0.34073645,0.7201983,0.70273924,0.68051374,0.24069992,0.7479838,0.6521684,0.7572032,0.18984741,0.7804112,0.5714948,0.7768363,0.3557437,Stable
0.3742271,0.45317507,0.48011312,0.63101304,0.4948883,0.34058428,0.7215543,0.7030136,0.68070364,0.2406536,0.74779844,0.6518757,0.75741625,0.1900967,0.78062433,0.57153577,0.7769439,0.35582933,Stable
0.3737734,0.44959158,0.4790755,0.6318549,0.49057108,0.33964586,0.71930707,0.7061078,0.67336357,0.23819873,0.7598397,0.66816324,0.760306,0.18812518,0.7776456,0.5744642,0.7732004,0.3565504,Stable
0.37096867,0.44607323,0.47667333,0.62344474,0.48810458,0.338103,0.7110703,0.6915196,0.67524093,0.24505918,0.75991815,0.6839467,0.7515685,0.19900516,0.77811575,0.56826425,0.7707621,0.34626016,Stable
0.37064332,0.4541156,0.4757933,0.6237909,0.48641306,0.33908612,0.68924683,0.6913972,0.67053425,0.24755862,0.75609773,0.6921829,0.75207424,0.19525316,0.772246,0.5721229,0.770837,0.35963565,Stable
0.36046147,0.46180806,0.47343656,0.6259122,0.48316857,0.34422803,0.6696746,0.6916036,0.6738974,0.25155926,0.7575495,0.6969208,0.76167464,0.19807675,0.7690456,0.5765428,0.76823294,0.3590508,Stable
0.36045063,0.4617198,0.47351938,0.62601244,0.4832558,0.34416157,0.67131317,0.69198406,0.6740495,0.25145215,0.75790256,0.69704837,0.761645,0.19797048,0.76932144,0.57643855,0.7681737,0.35901982,Stable
0.36125132,0.4663521,0.47409028,0.6294412,0.48689598,0.35004756,0.6719458,0.68185306,0.6778042,0.25493526,0.75621694,0.68886447,0.75473326,0.21305567,0.7715862,0.57021594,0.76830196,0.35787937,Stable
0.3608243,0.4704054,0.4797967,0.6340819,0.4848053,0.35294873,0.6743786,0.68706125,0.6775347,0.25936958,0.7572679,0.6953404,0.7684176,0.20409471,0.7724606,0.57492566,0.7707702,0.366649,Stable
0.3586195,0.46953413,0.482949,0.6347734,0.48023063,0.35293627,0.67602324,0.6904851,0.6737341,0.25709128,0.7564614,0.6958364,0.74717414,0.21925744,0.7693207,0.5739043,0.7641016,0.36597168,Stable
0.35663486,0.4758395,0.48186597,0.6351125,0.4826643,0.3541282,0.6704914,0.6965461,0.67343974,0.26880327,0.7581477,0.69626445,0.75091434,0.21827579,0.7705164,0.5832523,0.7690992,0.36995134,Stable
0.35668242,0.47579047,0.48196372,0.63507646,0.48149118,0.35234594,0.67014307,0.69656324,0.6741294,0.26937357,0.7581202,0.69613194,0.75092834,0.21828216,0.7708093,0.5771657,0.7691139,0.3699673,Stable
0.35713965,0.4765143,0.4837571,0.637585,0.48057386,0.35614675,0.6849715,0.69852537,0.68377846,0.2700485,0.7565924,0.7067554,0.75621074,0.22792248,0.7676972,0.5825759,0.7684618,0.38094914,Stable
0.35486707,0.47842765,0.48227125,0.6380816,0.47424445,0.36006972,0.6748485,0.6982056,0.6740998,0.2763806,0.7538054,0.7148622,0.76043296,0.220831,0.76921743,0.5820239,0.76677746,0.38032174,Stable
0.34864616,0.48243135,0.48541003,0.6414294,0.47873765,0.3621157,0.6876303,0.7069193,0.67006254,0.27437335,0.7654413,0.712296,0.7635044,0.22196147,0.774259,0.5742224,0.7680346,0.37376818,Stable
0.34925205,0.48163408,0.48175055,0.6429534,0.47716957,0.361879,0.69706464,0.70253754,0.67026985,0.27359438,0.74854887,0.7066022,0.7579741,0.23067445,0.7716808,0.58778,0.766508,0.38421893,Stable
0.3492677,0.48173913,0.4818691,0.64293003,0.47739673,0.36182517,0.69737244,0.70270437,0.67042696,0.27354604,0.74879944,0.7065,0.7581091,0.23078942,0.7717682,0.58799607,0.7666246,0.38450414,Stable
0.34775504,0.47970065,0.47943395,0.6429115,0.47806787,0.3613299,0.6975819,0.70147145,0.66157424,0.27554813,0.76012146,0.7132304,0.7673025,0.21673106,0.7687828,0.5779554,0.76366794,0.36970794,Stable
0.3448605,0.4804061,0.47891426,0.64214593,0.47324526,0.3648749,0.6935942,0.6966566,0.6583839,0.27674127,0.7565992,0.712024,0.76014495,0.22415152,0.7660417,0.57252175,0.76237833,0.3699286,Stable
0.345643,0.48142254,0.47823557,0.6443655,0.47703955,0.36527187,0.69694126,0.691031,0.666146,0.27907318,0.73597276,0.6917851,0.76458347,0.21185146,0.77443093,0.5828737,0.7672567,0.3801542,Stable
0.34586167,0.4820637,0.47945148,0.6569805,0.47760797,0.36762327,0.70077884,0.7206634,0.6744241,0.28137434,0.73046994,0.6992618,0.76600236,0.2190516,0.7819339,0.60526216,0.772292,0.38347897,Stable
0.345999,0.4820395,0.4794984,0.65703046,0.4775606,0.36770424,0.70139515,0.720915,0.6803435,0.2784653,0.7306513,0.6989288,0.7660162,0.21895286,0.7822594,0.6055577,0.77255666,0.38351616,Stable
0.33834386,0.48457706,0.4715136,0.652418,0.47428417,0.36921525,0.6848361,0.69950855,0.6720799,0.28063872,0.73489875,0.71335447,0.76522493,0.21835212,0.7735011,0.5957631,0.76573646,0.382706,Stable
0.34577784,0.48223227,0.476965,0.66198194,0.47465724,0.37641215,0.7379479,0.7164351,0.66427904,0.28108326,0.537827,0.7544455,0.77431643,0.21840703,0.7734543,0.60471416,0.7638883,0.38055,Stable
0.34293044,0.4922746,0.47682923,0.6712247,0.46825966,0.37148735,0.74366355,0.75062966,0.6612491,0.2791565,0.5408864,0.7668967,0.76815885,0.21339802,0.7778219,0.6060786,0.77133584,0.38259074,Stable
0.33643675,0.5010592,0.4737073,0.6601294,0.47114497,0.3772504,0.6514941,0.7529337,0.666581,0.28104421,0.5367836,0.7508678,0.7677245,0.2099167,0.7708812,0.60745025,0.76893973,0.38483506,Stable
0.33642286,0.50113153,0.47370502,0.6599136,0.4710909,0.37717184,0.7122475,0.71776664,0.66634786,0.28098613,0.5368653,0.7505753,0.7676389,0.2098642,0.770733,0.60767376,0.7688749,0.3852111,Stable
0.334817,0.51023626,0.47199702,0.6722507,0.46292827,0.377678,0.64809704,0.7569233,0.6500648,0.27688116,0.7593753,0.81127995,0.77477044,0.20555799,0.7702805,0.61600214,0.76479447,0.38600588,Stable
0.33487344,0.5137845,0.47529623,0.678038,0.46414846,0.3791201,0.6504997,0.7817979,0.65161026,0.27740693,0.5603795,0.7773625,0.7692474,0.19579802,0.7733108,0.6141548,0.7675206,0.3851564,Stable
0.33786565,0.52052426,0.48035058,0.6679582,0.45618314,0.38383505,0.6454488,0.76555437,0.6479571,0.27809182,0.5569546,0.7729568,0.7723083,0.19804999,0.7729966,0.618101,0.7671162,0.38871416,Stable
0.33856905,0.5225904,0.47558922,0.67284966,0.45810097,0.3857114,0.70811856,0.76023287,0.65716827,0.28316423,0.5549669,0.78386635,0.7667708,0.20961075,0.77218646,0.61793745,0.76758206,0.40034088,Stable
0.33856663,0.5226168,0.4756803,0.6728057,0.45803112,0.3857679,0.7080724,0.7600846,0.6569763,0.28320646,0.554899,0.783596,0.7666375,0.20949732,0.77212423,0.61782837,0.76746935,0.40020275,Stable
0.33980057,0.52222645,0.4725021,0.67069113,0.46119016,0.38654673,0.7067575,0.7563941,0.6527301,0.29200903,0.55097115,0.7783247,0.75402164,0.23014739,0.76315284,0.6169783,0.75730073,0.40297675,Stable
0.33963615,0.52066016,0.47469983,0.6606842,0.4646157,0.3861644,0.70426434,0.75209296,0.65165615,0.27589726,0.54914683,0.7550647,0.77040905,0.19109151,0.773443,0.6157669,0.7699424,0.38526973,Stable
0.33711419,0.5211266,0.48087263,0.6624113,0.46502513,0.38389048,0.7420804,0.75191545,0.65543437,0.27630538,0.5626013,0.74260545,0.769405,0.19144778,0.7753483,0.61494035,0.769377,0.38727647,Stable
0.33826905,0.51487875,0.47739643,0.66463876,0.46628892,0.3813778,0.6954236,0.7327201,0.655612,0.26985955,0.5521563,0.74826443,0.7647743,0.18919766,0.7777585,0.6180646,0.76959074,0.38545316,Stable
0.3382632,0.51486045,0.4774103,0.66469014,0.466282,0.38119718,0.6954899,0.7327546,0.6558269,0.26933384,0.55231595,0.7482828,0.7648212,0.1890871,0.7775359,0.6180469,0.76948756,0.3855097,Stable
0.33486697,0.49942014,0.4815018,0.66402435,0.47160506,0.37910748,0.71691936,0.72692883,0.66072124,0.2627656,0.5494207,0.7246767,0.76599693,0.17530733,0.77839273,0.5991227,0.77036047,0.37234065,Stable
0.34164768,0.48028526,0.48397788,0.6629568,0.46945974,0.37529084,0.72878927,0.72583354,0.6674217,0.24677765,0.5554565,0.7285997,0.7642307,0.19647883,0.7762699,0.58708465,0.7682271,0.37116536,Stable
0.33756876,0.47967827,0.47662663,0.64896715,0.47251385,0.36657053,0.6908878,0.7106241,0.6652081,0.25055027,0.52890056,0.72754073,0.71998185,0.21803688,0.7668835,0.5901693,0.7617029,0.36359844,Stable
0.33882308,0.47923705,0.4762604,0.6448481,0.47052854,0.36461872,0.61262023,0.73978394,0.66567254,0.24878214,0.5108481,0.7264366,0.76638615,0.2058163,0.77130604,0.5796929,0.76414347,0.36686763,Stable
0.33869419,0.47921845,0.47555602,0.64713323,0.47055972,0.3645857,0.6126735,0.7396757,0.66561735,0.24877638,0.51119936,0.72650856,0.76640385,0.2058324,0.7713438,0.57970047,0.7641772,0.3669349,Stable
0.3397618,0.47802716,0.4745838,0.6407015,0.47007585,0.35653186,0.6290024,0.72668594,0.6779554,0.24131781,0.49075446,0.7154298,0.73898023,0.22037517,0.7731583,0.58147,0.7659992,0.35890186,Stable
0.34123015,0.4772179,0.47342595,0.6359228,0.4745431,0.36031044,0.6304267,0.72576594,0.6646311,0.25401264,0.48707005,0.7014093,0.73310083,0.23473862,0.7719481,0.580832,0.7630713,0.36005148,Stable
0.33796403,0.47773504,0.47247097,0.6332336,0.47418046,0.35280788,0.6287806,0.72378653,0.67469925,0.25345346,0.48638052,0.69823235,0.73316425,0.22655867,0.7706288,0.58914816,0.76296055,0.36141688,Stable
0.33736283,0.48033914,0.47482705,0.6308314,0.47553465,0.350347,0.62952226,0.7213751,0.6766124,0.26086915,0.48814136,0.7054729,0.7384871,0.23970996,0.77228016,0.57952344,0.7694751,0.36416838,Stable
0.33732542,0.4802999,0.47489828,0.6308363,0.47569293,0.35030138,0.6295459,0.72152805,0.67651236,0.26034486,0.48840803,0.7057117,0.73820466,0.23968121,0.7724051,0.57948196,0.7696285,0.3640861,Stable
0.3350993,0.48075324,0.47341558,0.63334394,0.47462043,0.3524104,0.6843621,0.70696104,0.676815,0.2596235,0.50983214,0.7050838,0.77037656,0.17731902,0.77239954,0.58137345,0.7662098,0.36162597,Stable
0.33563578,0.482399,0.47284812,0.63521117,0.47675794,0.34937036,0.7346381,0.7181286,0.6700722,0.2529929,0.50443476,0.68817514,0.7656221,0.18647522,0.7695717,0.5936959,0.7651076,0.36253116,Stable
0.3346722,0.48120695,0.4732997,0.63960946,0.47291625,0.34997064,0.7325647,0.71517456,0.66593885,0.253282,0.5033734,0.6851461,0.7413842,0.21422005,0.77166927,0.594082,0.76829046,0.36016095,Stable
0.3357886,0.48278743,0.47097838,0.632895,0.4689183,0.3598883,0.69350827,0.7004542,0.661257,0.25975755,0.67068744,0.6854519,0.75845146,0.21003082,0.767826,0.5788047,0.7612416,0.36098486,Stable
0.33577988,0.4828022,0.47123736,0.63267446,0.4687154,0.35989946,0.6934961,0.70029014,0.6607841,0.25998303,0.6423551,0.68630946,0.7582239,0.20999652,0.76776826,0.5782975,0.7610909,0.36071444,Stable
0.3375777,0.47892928,0.47251964,0.64177406,0.46921837,0.3630125,0.69885015,0.7025825,0.6831049,0.2496508,0.74890035,0.7264252,0.75792664,0.2151932,0.7729696,0.58877486,0.7692122,0.3675127,Stable
0.34190196,0.47881207,0.47367448,0.64539635,0.4730836,0.36388946,0.7077288,0.7130755,0.6647715,0.257141,0.71994793,0.67760056,0.76605123,0.19506872,0.7716552,0.5864421,0.7690653,0.36510336,Stable
0.33572897,0.48761058,0.47272226,0.6455348,0.4675436,0.371232,0.705291,0.7097041,0.65476966,0.27140865,0.7550646,0.7019042,0.76472914,0.19032511,0.7702862,0.5867506,0.7681329,0.3690728,Stable
0.33156788,0.5009545,0.47597477,0.6472082,0.47166514,0.36466372,0.7070078,0.7161467,0.66512,0.2591601,0.7592703,0.7252412,0.7606907,0.20198423,0.7732583,0.58412355,0.7676554,0.3621225,Stable
0.33165145,0.50095755,0.47588345,0.64721465,0.4715572,0.36469775,0.70716476,0.7161333,0.6651322,0.25909206,0.75990105,0.72528267,0.7605543,0.20198885,0.7732589,0.58440053,0.76771593,0.36235815,Stable
0.3290254,0.5063318,0.4806742,0.65008366,0.46972138,0.37064728,0.6986667,0.7148204,0.67625684,0.26047093,0.7600366,0.7274028,0.76739144,0.1913571,0.77520365,0.5980476,0.7720046,0.37063023,Stable
0.33012754,0.5118832,0.4812847,0.6519737,0.46892807,0.37417275,0.7060492,0.72290677,0.6708294,0.26723135,0.7543211,0.72435176,0.7740581,0.19373982,0.7783748,0.599126,0.7734933,0.3702018,Stable
0.33353102,0.51242495,0.47643158,0.65271527,0.46431145,0.37609023,0.69697255,0.71509016,0.67538214,0.26774442,0.7536421,0.73300683,0.7667657,0.20393056,0.77298486,0.59964126,0.7722832,0.3800815,Stable
0.33184114,0.514228,0.48235524,0.6548831,0.4718309,0.3743462,0.7175888,0.72899187,0.66668576,0.26266938,0.75416815,0.7164252,0.764538,0.20308563,0.7722987,0.5916713,0.77028096,0.36945564,Stable
0.331833,0.514316,0.482121,0.6547885,0.47180864,0.37445578,0.71747774,0.72899795,0.6667516,0.26285905,0.75441164,0.7167298,0.76444995,0.20324598,0.7722845,0.5916077,0.77031726,0.36957973,Stable
0.33359465,0.5102173,0.4823593,0.6516324,0.47441077,0.36526835,0.70404327,0.7207572,0.6930227,0.24868476,0.76374257,0.7379097,0.74933696,0.21261108,0.7775456,0.59622467,0.76833093,0.36857745,Stable
0.3333046,0.50243306,0.48159286,0.652961,0.4643782,0.36604983,0.7085066,0.7183966,0.6640768,0.25926238,0.76448315,0.720245,0.75805044,0.19886586,0.774836,0.5947012,0.7674942,0.3655464,Stable
0.32998043,0.50348103,0.48376653,0.652408,0.47091255,0.3689279,0.7100376,0.7251581,0.6900321,0.24658382,0.7540339,0.73004985,0.7543727,0.19630456,0.7727656,0.59803045,0.7695684,0.36675757,Stable
0.33349782,0.5015023,0.48594457,0.65275955,0.4728647,0.36697406,0.71951884,0.72678447,0.674395,0.25648907,0.7540555,0.7114365,0.7669046,0.18600576,0.77276444,0.59747314,0.77010024,0.3692261,Stable
0.3334789,0.5015547,0.4858685,0.65276533,0.4728679,0.36668202,0.71942484,0.72718894,0.6746191,0.25642264,0.75390065,0.71122307,0.7668915,0.18594253,0.77271146,0.5976453,0.77006674,0.3692128,Stable
0.336245,0.49471113,0.48442435,0.64807993,0.4751267,0.37251887,0.71733105,0.7193043,0.6645317,0.2615165,0.751121,0.72049093,0.7666447,0.19577071,0.77104247,0.593557,0.77008224,0.38588828,Stable
0.33897328,0.48991138,0.48431525,0.65187037,0.47238964,0.36824644,0.7247647,0.7262353,0.67883795,0.25603014,0.7478887,0.73025584,0.77235055,0.1884487,0.77063674,0.59517705,0.7665977,0.38297057,Stable
0.33869907,0.49003753,0.4827159,0.6536498,0.47190374,0.36930698,0.72016686,0.73215693,0.6757134,0.25679767,0.74917525,0.7145618,0.76527494,0.20563786,0.7744714,0.60030353,0.76981777,0.3823629,Stable
0.338696,0.490264,0.48047912,0.6529059,0.47096992,0.37365842,0.71396464,0.7173718,0.66016537,0.2678919,0.7614703,0.71652246,0.7604391,0.20248704,0.7705656,0.602256,0.7656164,0.3804236,Stable
0.33839935,0.49040258,0.48061484,0.65281916,0.47091886,0.37372684,0.71379304,0.7169089,0.6599622,0.26836103,0.7524724,0.72323525,0.7603414,0.20257466,0.77047414,0.6020576,0.76544297,0.38053712,Stable
0.33836982,0.48942184,0.47864288,0.6513858,0.4741237,0.3724521,0.7071347,0.72289747,0.6725414,0.25434726,0.758548,0.7170731,0.76202977,0.20114931,0.7649479,0.61608887,0.76367605,0.38158593,Stable
0.3398312,0.48935252,0.48170203,0.65055144,0.4724304,0.36845088,0.7096523,0.72285026,0.67099667,0.25189546,0.75440884,0.7214775,0.7671392,0.18440495,0.7722289,0.60316485,0.7666167,0.3705723,Stable
0.33911097,0.49612224,0.48056778,0.6509207,0.47105345,0.37511203,0.70732564,0.723351,0.66654545,0.25580335,0.7596461,0.7212431,0.7662784,0.18471609,0.77212065,0.6061139,0.7647752,0.38237843,Stable
0.33964536,0.49921665,0.47844076,0.6505166,0.4708503,0.37781274,0.7045077,0.7227444,0.66561013,0.2611861,0.7551903,0.73735154,0.76320827,0.20046532,0.7722937,0.60477114,0.7630459,0.38262555,Stable
0.33977506,0.49936318,0.47854316,0.6505834,0.4709061,0.37767804,0.70483196,0.7226841,0.665672,0.2612337,0.7554457,0.73678005,0.7631933,0.20037234,0.7721223,0.6046095,0.76285696,0.38241237,Stable
0.33898848,0.5050057,0.478485,0.64979774,0.47383934,0.3799544,0.6894333,0.7188103,0.6708123,0.25693318,0.75746596,0.73635113,0.76262945,0.20503454,0.7727878,0.6062273,0.76931906,0.3852917,Stable
0.33973956,0.5103162,0.48582777,0.65217817,0.4714961,0.38219738,0.7108261,0.7289734,0.6627822,0.26609802,0.7561364,0.74463964,0.7612748,0.20380041,0.77267075,0.6039525,0.7678186,0.38517246,Stable
0.34403306,0.51199657,0.48609304,0.65269464,0.4710363,0.3833353,0.7008705,0.7260224,0.65695924,0.27188522,0.75986457,0.73130554,0.7615444,0.20451936,0.7749026,0.6038641,0.7673149,0.3870318,Stable
0.34841967,0.5149956,0.48745996,0.65323997,0.46559745,0.3823168,0.7049972,0.7291016,0.660689,0.2690513,0.7514334,0.7218818,0.7602351,0.208927,0.77222604,0.6062866,0.7672813,0.3884461,Stable
0.34823406,0.51503086,0.48752937,0.6531924,0.46558553,0.3822195,0.70513546,0.7287671,0.6606743,0.2691638,0.7516493,0.721732,0.76021147,0.20903772,0.7721724,0.60605955,0.76722425,0.38824996,Stable
0.34689063,0.51375216,0.486687,0.655057,0.4687854,0.3821712,0.7101282,0.7312147,0.65357375,0.27483717,0.7501902,0.720835,0.7631606,0.20428121,0.7747783,0.60692877,0.76876354,0.3898515,Stable
0.34521338,0.5141628,0.48907268,0.65421116,0.46962914,0.38111085,0.70697784,0.7277918,0.6587659,0.27291742,0.75253075,0.726529,0.7612295,0.2040376,0.7741331,0.6024208,0.7675254,0.3851115,Stable
0.34199294,0.5103307,0.48776454,0.6532196,0.47324854,0.38229758,0.70476097,0.72369134,0.6600819,0.27046353,0.7641339,0.71698,0.75643533,0.20854029,0.77284855,0.60014,0.765792,0.38099533,Stable
0.3403101,0.5029222,0.48843598,0.65249455,0.4740152,0.3798449,0.7270054,0.7264612,0.66472113,0.26410934,0.75752205,0.7107781,0.7662039,0.19467226,0.77405137,0.60007644,0.76875913,0.38340676,Stable
0.3402526,0.5029377,0.48846683,0.6525761,0.4739936,0.3797204,0.72704196,0.72650397,0.66479456,0.26403272,0.75747895,0.71059746,0.7661965,0.19464926,0.7741593,0.60006464,0.7687968,0.38327596,Stable
0.3381129,0.499781,0.48617554,0.6537646,0.4701234,0.37442768,0.7135936,0.7139587,0.6605204,0.26731685,0.76037204,0.7211523,0.7661235,0.19301592,0.7754365,0.6025609,0.7694349,0.38376153,Stable
0.33811247,0.4986925,0.48427638,0.65431094,0.4727192,0.37668365,0.71227014,0.7212522,0.6650168,0.26727855,0.7545962,0.71612597,0.76204604,0.1990699,0.77115554,0.5971961,0.76583785,0.38093007,Stable
0.34073848,0.4969347,0.4840965,0.65064275,0.47354314,0.3738894,0.70618427,0.7154161,0.66277957,0.26169008,0.7630155,0.7173904,0.766804,0.19457811,0.7757404,0.6016108,0.7692634,0.38346052,Stable
0.34509456,0.48972857,0.4812687,0.64674836,0.47317645,0.37310988,0.7128973,0.72506404,0.66401315,0.26015937,0.7594173,0.7228557,0.76481616,0.19111127,0.77263093,0.59928674,0.7666871,0.38068712,Stable
0.34513235,0.48968112,0.48131543,0.64684355,0.47321543,0.37322605,0.7134513,0.72573245,0.66410506,0.26015753,0.7572131,0.7168592,0.76484776,0.19122498,0.7725169,0.5991387,0.76663005,0.3806346,Stable
0.34683233,0.48537502,0.47786614,0.6437435,0.4786993,0.3726196,0.70631135,0.71882427,0.67093694,0.25969934,0.75408834,0.72449464,0.7645656,0.18617861,0.76907086,0.5944416,0.7611668,0.37075457,Stable
0.34458095,0.48761094,0.47779235,0.6461189,0.4787694,0.3723224,0.7107352,0.713957,0.6730744,0.2596659,0.75111675,0.70659864,0.7622337,0.19952795,0.7715173,0.5965267,0.76442015,0.37859616,Stable
0.34784615,0.48902988,0.47758028,0.6457273,0.4786268,0.3773479,0.7110097,0.7117753,0.669482,0.269558,0.75302243,0.7172219,0.7593195,0.20888081,0.77398324,0.5958962,0.7644116,0.38347483,Stable
0.34688994,0.4922076,0.48001248,0.6452277,0.4817507,0.3728776,0.7114598,0.7220038,0.674958,0.26287848,0.7608695,0.70988977,0.7609663,0.20961219,0.7764392,0.60142964,0.770769,0.3828828,Stable
0.34686503,0.49221057,0.48004305,0.6452998,0.48166656,0.372807,0.710998,0.7218949,0.6748699,0.2628153,0.7609481,0.70964783,0.76089513,0.2095156,0.77659965,0.6014671,0.7708821,0.3828373,Stable
0.34568903,0.49187824,0.47699475,0.64432794,0.47769138,0.3762121,0.6975908,0.7195093,0.6682272,0.27364188,0.7607912,0.7456865,0.76167053,0.21086328,0.7697245,0.6045489,0.76572394,0.38606733,Stable
0.3443293,0.4985394,0.47752446,0.6446587,0.4779203,0.376203,0.70371234,0.7196405,0.6713439,0.27453154,0.7627675,0.7354025,0.7586967,0.21845351,0.7732649,0.59981465,0.771908,0.38638496,Stable
0.34289655,0.50599444,0.49013633,0.6538509,0.48629498,0.37803608,0.70720166,0.7239996,0.6781792,0.27280623,0.75363725,0.72385997,0.7590511,0.22208029,0.7773906,0.60530776,0.7749578,0.3879859,Stable
0.343296,0.50695723,0.49425817,0.6565865,0.48353422,0.37692386,0.7207326,0.72330016,0.6750094,0.26962143,0.7576487,0.7210523,0.7579362,0.21944445,0.78041863,0.6022843,0.77504796,0.38665983,Stable
0.3431099,0.507043,0.49434885,0.6565808,0.4836373,0.37699157,0.7207246,0.7231826,0.6752788,0.26956844,0.7572469,0.720942,0.7578051,0.21944526,0.7805166,0.6023351,0.77506685,0.38665864,Stable
0.34786198,0.5087675,0.49166274,0.6596969,0.48566562,0.37976918,0.7214383,0.71923816,0.6869917,0.26591524,0.7514353,0.71099174,0.7582072,0.22086912,0.7852926,0.61221325,0.7808239,0.3886193,Stable
0.3435663,0.51354194,0.49104834,0.65567374,0.47855097,0.37631568,0.7151755,0.72273004,0.6744243,0.27445984,0.7625381,0.7088492,0.76132387,0.20906797,0.7826307,0.6165832,0.77671695,0.38604742,Stable
0.3457794,0.5114712,0.49023288,0.6549745,0.48190528,0.37764758,0.715687,0.7205357,0.6742948,0.27547485,0.7539276,0.72454566,0.7640802,0.19660585,0.7751714,0.61593175,0.7724189,0.3910107,Stable
0.34418553,0.50638,0.49376732,0.65630054,0.48222655,0.37122148,0.7193941,0.71784544,0.6699492,0.27273256,0.76040953,0.7084183,0.7620698,0.19882946,0.78158087,0.6030084,0.77455103,0.3841564,Stable
0.34418154,0.5063417,0.49358842,0.65642035,0.48244354,0.37117785,0.71925104,0.7180795,0.6699643,0.27273023,0.7605547,0.70901,0.76196384,0.19865786,0.78150195,0.60317004,0.7744236,0.38413474,Stable
0.3424263,0.49706763,0.48860145,0.65258074,0.48303902,0.37485024,0.71640766,0.7194669,0.66957945,0.2717382,0.75560296,0.7191677,0.7604723,0.20465997,0.776771,0.60379446,0.7699965,0.38691205,Stable
0.34208828,0.49551523,0.480963,0.64597607,0.4768322,0.37166548,0.7019086,0.70110345,0.6683694,0.27503628,0.75150895,0.717746,0.75540817,0.20923315,0.76804066,0.5959673,0.76266617,0.3829949,Stable
0.34145713,0.48913193,0.48036394,0.6421783,0.4781928,0.36978507,0.70891285,0.71851814,0.6637502,0.27740318,0.759241,0.71984994,0.7564062,0.21423262,0.76446474,0.592462,0.7580235,0.38228625,Stable
0.3436045,0.48913008,0.4835448,0.64963806,0.48268875,0.36982274,0.7176752,0.72720027,0.6722972,0.27507207,0.7594554,0.7209057,0.7628491,0.21338247,0.7756437,0.60196936,0.7740847,0.38553214,Stable
0.34332162,0.48926637,0.48397994,0.64984226,0.4828285,0.36994502,0.71765697,0.7271426,0.6722214,0.27516517,0.7594075,0.7215086,0.7629169,0.21322787,0.7759806,0.60236764,0.7743939,0.3858994,Stable
0.34693485,0.49091542,0.48463437,0.65148866,0.48088986,0.37618753,0.7145211,0.7301047,0.66685903,0.28130656,0.76121473,0.72107834,0.7604444,0.22331282,0.7736792,0.6032661,0.77146924,0.39324695,Stable
0.34681183,0.49698555,0.48679674,0.6503128,0.47956967,0.37599856,0.71363485,0.72534025,0.6710472,0.28217846,0.7573258,0.7436898,0.754848,0.23044483,0.77663994,0.5987413,0.7700812,0.38820493,Stable
0.3400652,0.49792346,0.48371553,0.6517812,0.4762815,0.37406084,0.7164396,0.7311435,0.67521137,0.28303087,0.75512207,0.7298082,0.7599975,0.23095292,0.7799208,0.6024351,0.7739791,0.38632536,Stable
0.33919674,0.5001423,0.47943243,0.6550962,0.47440982,0.37317044,0.70933026,0.7258064,0.6754441,0.28061438,0.7543122,0.75420177,0.7595407,0.2270081,0.7744116,0.60542727,0.7713369,0.3898048,Stable
0.33933005,0.500093,0.47940218,0.6551336,0.47445232,0.3730737,0.7092854,0.7256879,0.6754245,0.28067455,0.75417495,0.754183,0.75950277,0.2269551,0.7743051,0.60553944,0.77128994,0.38989443,Stable
0.33838683,0.50311124,0.48349974,0.6544633,0.47289938,0.37839,0.71461487,0.73103917,0.6697496,0.28251138,0.762113,0.75918126,0.76058626,0.23025712,0.7765643,0.59652436,0.7723038,0.38428494,Stable
0.3445509,0.5131849,0.4871925,0.6573462,0.47848773,0.3802628,0.7129614,0.7429156,0.6688055,0.29273528,0.75423837,0.7555039,0.75959,0.22190094,0.7714538,0.6052935,0.7699261,0.40175623,Stable
0.3460965,0.516909,0.4856164,0.6642714,0.47744688,0.3795013,0.71175784,0.75017524,0.6864461,0.28053012,0.74943864,0.774523,0.7647369,0.22072218,0.7750621,0.6201526,0.77295005,0.39377075,Stable
0.34654865,0.52098256,0.4813025,0.6631892,0.4715414,0.38562256,0.7098787,0.7472634,0.6621967,0.29450282,0.7553456,0.7684678,0.7669902,0.22069162,0.7689487,0.61706936,0.7668039,0.40297312,Stable
0.34662414,0.5209367,0.48144782,0.66316116,0.47183448,0.38569635,0.7099549,0.74715173,0.6624727,0.29439515,0.7554812,0.7682617,0.7669646,0.22072075,0.7689899,0.61699605,0.7668264,0.40295538,Stable
0.3425699,0.52336377,0.48350704,0.6655428,0.46879417,0.38687235,0.7223462,0.74706906,0.66719526,0.29646355,0.75205886,0.7340547,0.7692102,0.21932718,0.7736937,0.60506797,0.770967,0.39519832,Stable
0.342014,0.5244377,0.48480827,0.6721632,0.47154066,0.39105257,0.71907663,0.7416289,0.6667645,0.29459405,0.7563313,0.7502154,0.7687575,0.21470205,0.77433157,0.61547184,0.77206224,0.39247012,Stable
0.33936808,0.5246964,0.4865777,0.6714003,0.4711294,0.3930452,0.71530914,0.7401645,0.665906,0.29132712,0.7508933,0.7363202,0.7720368,0.21932659,0.77478695,0.60739046,0.7699751,0.3933103,Stable
0.33892167,0.5259542,0.48799884,0.67368454,0.47378644,0.39433897,0.7282586,0.73812145,0.66232413,0.29429066,0.7478325,0.72738165,0.7673992,0.22062632,0.7762176,0.6016222,0.77096003,0.39131403,Stable
0.3389324,0.525967,0.48802084,0.67375445,0.47379133,0.39428613,0.72807837,0.7381518,0.66246724,0.29423487,0.7477976,0.7267188,0.7675447,0.22069196,0.77619207,0.60148245,0.77088165,0.39127955,Stable
0.34014475,0.52665293,0.48803538,0.67207277,0.47521424,0.394314,0.7196295,0.7495929,0.6589365,0.2967176,0.74707866,0.71700233,0.76580334,0.21972185,0.7768687,0.60681736,0.77021784,0.39466202,Stable
0.340675,0.52641463,0.49311587,0.6760317,0.47032735,0.38875836,0.7360116,0.7498509,0.66808236,0.29525983,0.7353186,0.7158872,0.7673263,0.2184705,0.7755922,0.6053952,0.7679438,0.39112973,Stable
0.33989495,0.5258375,0.48981804,0.67270494,0.47373232,0.39186203,0.7367203,0.7459926,0.66734815,0.2936826,0.73152447,0.71986663,0.7657292,0.21322781,0.77176183,0.603456,0.7662616,0.3927098,Stable
0.33892256,0.5246614,0.48910984,0.669009,0.47305077,0.39491948,0.72463363,0.734449,0.66009146,0.29554948,0.75028956,0.73173827,0.7679521,0.2214247,0.7772404,0.5991142,0.77117795,0.39095706,Stable
0.33900854,0.52460057,0.488929,0.6688981,0.47294363,0.39514208,0.72429967,0.73474586,0.65986043,0.29554212,0.7504353,0.7322776,0.7680413,0.22132722,0.7770276,0.59930027,0.77104795,0.3910919,Stable
0.3393173,0.52348566,0.49027476,0.670107,0.4703624,0.3890177,0.7252003,0.7368633,0.6656039,0.29367843,0.7471638,0.7342173,0.7619138,0.2242564,0.77671576,0.601232,0.7717109,0.38996643,Stable
0.3428802,0.5188884,0.4915853,0.6690831,0.46919602,0.3845478,0.7329075,0.73369545,0.6625662,0.2870338,0.7305553,0.7149501,0.7547591,0.22770512,0.77760565,0.5985044,0.7697627,0.38793188,Stable
0.3409505,0.51586854,0.49140513,0.66496384,0.47056887,0.37838027,0.73923564,0.7319745,0.67404646,0.2809034,0.74799204,0.71428585,0.7570635,0.2268225,0.7776792,0.595849,0.76910925,0.3829884,Stable
0.3403594,0.5146472,0.4917118,0.6601534,0.47478163,0.377845,0.72078395,0.7289512,0.6713871,0.2811377,0.7474045,0.71575344,0.75797886,0.22743426,0.77492917,0.59460974,0.77025294,0.38219923,Stable
0.3402878,0.5146357,0.49166012,0.66007876,0.47475672,0.37778375,0.72091264,0.7288295,0.67146534,0.2810945,0.74769866,0.7158568,0.75819963,0.22682428,0.774879,0.5946132,0.77032745,0.38215387,Stable
0.34069344,0.50633156,0.48771676,0.6589935,0.4734952,0.37609574,0.720186,0.72833633,0.67535913,0.28143698,0.7484154,0.7251476,0.7623941,0.22536531,0.7770788,0.59706676,0.7695364,0.38524753,Stable
0.33775342,0.49770772,0.49061498,0.661685,0.4761436,0.37554392,0.7220685,0.73592705,0.6794653,0.28014365,0.7495389,0.7285218,0.75488496,0.23309264,0.7745888,0.5991699,0.76940864,0.38727993,Stable
0.33890384,0.4973768,0.49233663,0.6599507,0.4800291,0.37411714,0.7272321,0.7333607,0.6870465,0.28137565,0.7509475,0.72401893,0.7548026,0.23595402,0.7825941,0.60202134,0.7773947,0.38739783,Stable
0.3438942,0.5075596,0.48942655,0.65708226,0.4805388,0.37990558,0.72877306,0.72831815,0.6833727,0.291398,0.7500438,0.72403663,0.7617132,0.22587097,0.7781944,0.5917753,0.77219415,0.38897607,Stable
0.34383327,0.50773287,0.4894439,0.6570909,0.4804424,0.37994462,0.7289146,0.7284273,0.68337697,0.29141542,0.74994105,0.724112,0.7616745,0.2260552,0.7779579,0.5920851,0.77208376,0.38914606,Stable
0.3464726,0.51467276,0.4917131,0.6636971,0.4797922,0.37744647,0.7396709,0.73401874,0.6835363,0.2898721,0.7441229,0.70093244,0.7590544,0.22806898,0.7774803,0.5982179,0.77312726,0.39169294,Stable
0.34535202,0.5162552,0.49193424,0.66607404,0.47592136,0.37861198,0.7311205,0.73681915,0.6738589,0.29245064,0.74949145,0.70192635,0.7596311,0.22895294,0.77904904,0.59732944,0.76637906,0.38781774,Stable
0.34081113,0.51838326,0.49244994,0.6688461,0.47506553,0.38328907,0.72907037,0.7348084,0.67028207,0.29026487,0.7524244,0.71189475,0.75090754,0.22801864,0.7772867,0.5994848,0.7646176,0.3891012,Stable
0.34511703,0.51626074,0.49086457,0.66896296,0.47722548,0.38192505,0.7412112,0.7365341,0.6673843,0.2902546,0.7467402,0.708277,0.7547194,0.21962224,0.77833384,0.60029376,0.7709753,0.3870071,Stable
0.34505695,0.5162846,0.49087405,0.668985,0.47715557,0.3818171,0.7415328,0.7364583,0.6674435,0.29001647,0.74671936,0.708164,0.7545351,0.21972005,0.7783274,0.60019463,0.7709293,0.38693583,Stable
0.34291238,0.5173408,0.4917159,0.6722735,0.4761272,0.38142562,0.7315478,0.73195237,0.6776365,0.2772294,0.7476388,0.7223512,0.765517,0.21982923,0.77474844,0.60275984,0.76827776,0.38702402,Stable
0.3402531,0.5160594,0.49341616,0.6726707,0.47349674,0.3796181,0.74241567,0.7223851,0.6741459,0.28167915,0.748249,0.7168624,0.76835,0.2165828,0.78163254,0.5992414,0.77060425,0.37464392,Stable
0.34469068,0.5135902,0.49392194,0.6682841,0.4784827,0.3760224,0.7471358,0.75226086,0.6897394,0.27045888,0.74226636,0.712413,0.7584025,0.22814165,0.7761179,0.59827304,0.7688544,0.37934852,Stable
0.3453673,0.51229036,0.49231216,0.66690695,0.471346,0.37391865,0.73263997,0.7281151,0.66992474,0.27694124,0.7489624,0.7099139,0.7641723,0.2137765,0.7781689,0.5965058,0.7686137,0.36692557,Stable
0.34529793,0.51252246,0.49225247,0.6668929,0.47131342,0.3737974,0.7323536,0.7280141,0.66964334,0.2770069,0.74898165,0.7100057,0.7642736,0.21364187,0.77804244,0.59691083,0.7686693,0.36724794,Stable
0.3394485,0.5113324,0.48936912,0.6626617,0.47690994,0.37684843,0.71511173,0.72161794,0.67154384,0.2717765,0.75028366,0.72725844,0.7605107,0.2202234,0.7751112,0.6013667,0.76651144,0.38002312,Stable
0.3392716,0.5045768,0.49197984,0.6589453,0.47633004,0.37548244,0.7250017,0.72996634,0.6706346,0.27399117,0.75279343,0.7141113,0.75656474,0.21225552,0.77324027,0.5950296,0.7658509,0.37158883,Stable
0.33480275,0.49937472,0.48712084,0.6536033,0.47770506,0.37517732,0.71094316,0.71511334,0.6715436,0.27305147,0.75026697,0.721869,0.75847626,0.21764922,0.773545,0.59608525,0.7634052,0.38364333,Stable
0.33709234,0.5018971,0.48844463,0.65453935,0.47554478,0.37389955,0.7149056,0.72182834,0.6643434,0.27797836,0.7522787,0.7210487,0.7594645,0.22640005,0.77487886,0.5979923,0.76389265,0.38163978,Stable
0.3371045,0.5018115,0.48853454,0.6545909,0.47560918,0.37385067,0.71538824,0.7216525,0.6643779,0.27792966,0.75239605,0.7206336,0.75945926,0.22639686,0.7749679,0.59777343,0.7639123,0.3813361,Stable
0.34146807,0.50726354,0.4878428,0.65695107,0.4721149,0.36952472,0.71479195,0.7332496,0.6681509,0.2797365,0.7501113,0.7267553,0.76350135,0.22045112,0.7778522,0.602348,0.77081275,0.38493794,Stable
0.3415893,0.5131974,0.48629996,0.65957266,0.47149903,0.37434745,0.7156286,0.73405284,0.66166115,0.28894544,0.7528715,0.7310332,0.75737095,0.22583078,0.7737107,0.60534257,0.76833737,0.38515794,Stable
0.34521276,0.5176593,0.49260336,0.66014683,0.4698255,0.37643012,0.7203457,0.73596406,0.6622293,0.28393483,0.74943423,0.73145103,0.76216185,0.21664809,0.77586305,0.6041288,0.7675215,0.38301754,Stable
0.34165442,0.5180989,0.49358964,0.6669891,0.46860963,0.377145,0.7260684,0.7322432,0.66632384,0.2806258,0.748495,0.73326725,0.7643833,0.22056463,0.7780137,0.60190415,0.7674277,0.3813636,Stable
0.3418127,0.5180645,0.49361467,0.66698563,0.46860513,0.37725043,0.72597694,0.7322785,0.66612715,0.2806403,0.7483411,0.7332237,0.7643913,0.22048649,0.7778461,0.6019027,0.7673528,0.38141617,Stable
0.34262645,0.5197059,0.494354,0.67019314,0.4707888,0.38097697,0.7243168,0.73016065,0.6670326,0.28194982,0.7477697,0.7319953,0.7581408,0.22633848,0.77765054,0.6029705,0.7679724,0.3814116,Stable
0.33698612,0.5231005,0.49746224,0.6720561,0.4700614,0.38765305,0.74455047,0.7370516,0.6718509,0.29242352,0.7380985,0.70841974,0.76037025,0.21425603,0.7806336,0.60173696,0.7710587,0.3863059,Stable
0.33903465,0.5281887,0.49735695,0.6795019,0.47252566,0.3871187,0.74629563,0.7499815,0.6610818,0.2952834,0.7118746,0.7257738,0.76312315,0.2109803,0.77247685,0.6233912,0.76646507,0.3958809,Stable
0.34487876,0.52294534,0.4987896,0.6844531,0.47570798,0.38506088,0.7452587,0.7542809,0.6731197,0.29259637,0.706557,0.7170519,0.7529048,0.23151132,0.7771468,0.61181784,0.77015656,0.3909325,Stable
0.3448617,0.52299255,0.4987387,0.68439686,0.4756733,0.38493726,0.7452013,0.7543268,0.6732422,0.29253638,0.70594853,0.7171017,0.75295746,0.23141478,0.7770181,0.6118436,0.77000666,0.39083254,Stable
0.33675832,0.52702594,0.4949816,0.68708366,0.47355875,0.39372355,0.7499989,0.7553464,0.67081296,0.29463837,0.70404863,0.7188384,0.75393504,0.23022899,0.77201456,0.6112829,0.76209855,0.39455098,Stable
0.33612388,0.5285279,0.49736914,0.69027627,0.47499508,0.39633632,0.7497853,0.7643215,0.6760344,0.29299247,0.700331,0.728268,0.76542044,0.2177864,0.7753463,0.6283602,0.76889277,0.39730752,Stable
0.33257958,0.5341624,0.49941564,0.69182205,0.47786784,0.3984635,0.7423808,0.7521373,0.6664965,0.29843825,0.72937226,0.7353601,0.76460236,0.22237132,0.7754669,0.6275165,0.7690892,0.39857835,Stable
0.33738554,0.53085005,0.50388926,0.6863669,0.47511634,0.3929256,0.74260896,0.75187683,0.66422963,0.29483473,0.7255422,0.730164,0.7617309,0.2146979,0.77665544,0.6145992,0.770314,0.39436552,Stable
0.33735693,0.5307213,0.5039555,0.68641126,0.4752091,0.39301622,0.7426361,0.7520611,0.66416276,0.29484046,0.7257106,0.730312,0.7618808,0.2145351,0.7766609,0.6145816,0.77036834,0.39445674,Stable
0.3409871,0.52706283,0.50632143,0.6833272,0.47853705,0.39096683,0.7465495,0.74830294,0.6724619,0.29024732,0.7375138,0.71688,0.76423645,0.21196511,0.7830569,0.6082985,0.77627677,0.38008708,Stable
0.3387898,0.5236833,0.49812183,0.68520844,0.47650895,0.3953095,0.74236405,0.7528702,0.6739268,0.2889244,0.7344637,0.7075853,0.75678486,0.23176901,0.778691,0.6069529,0.77251315,0.3902539,Stable
0.33869052,0.5261299,0.4955593,0.6870049,0.4766923,0.39480108,0.73744315,0.73489916,0.6639488,0.2879295,0.74177206,0.7171241,0.7670238,0.21175641,0.7756959,0.60979295,0.76927304,0.39110798,Stable
0.33980912,0.51940477,0.49852878,0.6778058,0.47210902,0.38364288,0.73794425,0.716038,0.6659024,0.28003466,0.74577445,0.6968701,0.7575814,0.21852413,0.7740523,0.6050308,0.7634689,0.38783488,Stable
0.33981258,0.51929426,0.4984904,0.67774814,0.47210556,0.38374576,0.737919,0.71599716,0.6657974,0.2800796,0.7457994,0.6967594,0.7575831,0.2185038,0.7740876,0.60493886,0.7634682,0.387869,Stable
0.34011185,0.5140564,0.49534535,0.6635333,0.47679007,0.38098794,0.7362186,0.7138785,0.6626631,0.2743157,0.7505083,0.70126957,0.7660751,0.19748388,0.7771625,0.59769094,0.7673714,0.3717072,Stable
0.33731088,0.49444896,0.49425215,0.65615606,0.4751385,0.37815818,0.7391578,0.7152163,0.66514146,0.27167022,0.75214386,0.70276564,0.75504965,0.20532787,0.77652115,0.58079934,0.7663804,0.3655125,Stable
0.33591026,0.4868234,0.48972404,0.6549695,0.47764134,0.3746831,0.72161424,0.71621466,0.66693974,0.27391702,0.7524454,0.6992378,0.7618777,0.20965974,0.7737887,0.5947379,0.770345,0.3779969,Stable
0.337501,0.48573697,0.48561025,0.6544234,0.47817764,0.37180376,0.71467125,0.7162938,0.6635411,0.2774907,0.7520009,0.7178444,0.75550795,0.2234427,0.7766287,0.60072756,0.77313656,0.3810329,Stable
0.33749327,0.4857434,0.48543796,0.65438086,0.47825587,0.37195107,0.71459854,0.716177,0.6635915,0.27739856,0.7512189,0.71778554,0.75547683,0.22341411,0.77630395,0.60074085,0.77280676,0.38104805,Stable
0.3342323,0.48058558,0.4754387,0.64660347,0.4741164,0.36931205,0.71075094,0.7111962,0.6551103,0.27773595,0.7500367,0.71867836,0.76012194,0.20803666,0.7734553,0.59032035,0.7716006,0.37753612,Stable
0.33459067,0.47962973,0.47659037,0.64203775,0.47199616,0.37120622,0.70186824,0.71221536,0.65289724,0.2807281,0.76509726,0.72183484,0.7508081,0.23193567,0.76836574,0.5899117,0.7626395,0.37763616,Stable
0.32899782,0.47548875,0.47734818,0.6482956,0.47123358,0.36678478,0.707307,0.70577735,0.65313566,0.27965206,0.7634853,0.7071356,0.75565636,0.21427345,0.774723,0.59277713,0.77143687,0.3797656,Stable
0.33007905,0.47801194,0.4728013,0.64091885,0.47491953,0.3673002,0.6931972,0.7164521,0.6574056,0.28170073,0.76461,0.72722936,0.7624065,0.21141592,0.77302617,0.5942855,0.7705915,0.37973553,Stable
0.33009803,0.47793114,0.47292024,0.64093494,0.47495255,0.3673612,0.69344205,0.71656585,0.6574489,0.2815798,0.7646631,0.72728,0.76246357,0.21136782,0.7730237,0.5942369,0.7706591,0.37981197,Stable
0.32880014,0.48254645,0.4753462,0.6540463,0.47494894,0.37307593,0.713686,0.7231579,0.658981,0.2857135,0.7503721,0.7211913,0.75754166,0.22604737,0.77746123,0.5955259,0.7736971,0.38237613,Stable
0.33413157,0.48674554,0.47514385,0.6561874,0.46756804,0.3767321,0.69512177,0.7310852,0.6561885,0.29075232,0.7569615,0.7205805,0.7586166,0.22583626,0.7737526,0.61191714,0.7725498,0.38776025,Stable
0.3319767,0.4994714,0.47391337,0.6663501,0.46488017,0.37695807,0.7020768,0.73116845,0.6568413,0.29094017,0.75208867,0.7421996,0.7664983,0.2100626,0.7757918,0.61518884,0.7734543,0.38549215,Stable
0.33042058,0.50528115,0.47470197,0.6633095,0.47042137,0.37753785,0.7005416,0.73039454,0.6558136,0.28524673,0.74978346,0.7398638,0.7642626,0.2111601,0.77896225,0.6136038,0.7772238,0.38617134,Stable
0.33044952,0.5052551,0.47469813,0.66316855,0.4704907,0.3776432,0.70040786,0.73034227,0.6558509,0.28517628,0.7497635,0.7398399,0.7643489,0.21123624,0.7790334,0.613824,0.7785148,0.38547212,Stable
0.33450395,0.5079785,0.4879663,0.66941047,0.46964097,0.376678,0.72240275,0.72515166,0.66246605,0.27666116,0.7530102,0.72894955,0.7640004,0.21032849,0.785107,0.600992,0.78152007,0.38400263,Stable
0.33632478,0.5068104,0.49234554,0.6714186,0.46998584,0.37656033,0.71916425,0.7291453,0.6585003,0.27973577,0.75185436,0.72685,0.76141095,0.2147501,0.77896035,0.6019399,0.7741102,0.38193172,Stable
0.33233026,0.50782025,0.4942293,0.67273325,0.47006494,0.3806522,0.73031443,0.7258444,0.6595169,0.2798788,0.7515024,0.7195493,0.7646896,0.20773312,0.77762336,0.59933126,0.7741246,0.3833537,Stable
0.3307522,0.5107185,0.49098557,0.67493534,0.46870375,0.38023472,0.7238755,0.7201957,0.65656924,0.28552628,0.7517749,0.70427483,0.7633499,0.21023516,0.77977455,0.6023046,0.77288294,0.38092119,Stable
0.33092356,0.5104471,0.49093425,0.6749159,0.4689082,0.38018453,0.7237646,0.7201687,0.6565877,0.28545058,0.7518872,0.704283,0.76337945,0.21024188,0.779657,0.6021612,0.7727907,0.3809112,Stable
0.32949972,0.51546997,0.48804724,0.6756248,0.4684121,0.38092583,0.71679723,0.71438944,0.655087,0.28548098,0.7492942,0.72253156,0.7662531,0.21160153,0.77329844,0.60345685,0.7705952,0.3858306,Stable
0.33364713,0.5094295,0.4876691,0.6721717,0.47094238,0.3815235,0.713433,0.7151138,0.6550683,0.2851991,0.7495277,0.70676774,0.7619681,0.21011189,0.77635765,0.6001674,0.7696371,0.38390058,Stable
0.3351873,0.5075773,0.48055905,0.6671518,0.4683332,0.38441333,0.7110967,0.7136845,0.6498707,0.29122174,0.7501122,0.706891,0.7638418,0.2078539,0.7700058,0.5959623,0.76554203,0.38101253,Stable
0.33459014,0.50757176,0.4864758,0.66946733,0.46911559,0.38420004,0.7124039,0.7234343,0.6530013,0.29244632,0.74874586,0.7169832,0.7648332,0.21211271,0.77374005,0.6017498,0.7708919,0.38420662,Stable
0.33459365,0.5075997,0.48632073,0.66929185,0.46923143,0.38437277,0.71234536,0.7233869,0.6529145,0.29252645,0.748764,0.7172283,0.7647662,0.21207993,0.7737276,0.60164726,0.7708897,0.38426977,Stable
0.3350669,0.5082234,0.4875296,0.6725595,0.47075284,0.38106748,0.7144755,0.7277789,0.65956855,0.29286546,0.7480873,0.7157644,0.7685133,0.21422337,0.7769126,0.6027887,0.77342665,0.385154,Stable
0.3343932,0.50978595,0.48622996,0.67199075,0.47138882,0.38192362,0.7214606,0.7234808,0.6626336,0.293586,0.75030696,0.7115564,0.7683623,0.2166957,0.7797289,0.6007093,0.7743082,0.38655764,Stable
0.3316775,0.5116178,0.4876779,0.6677398,0.47170776,0.3811031,0.7240584,0.7155068,0.6636638,0.29059392,0.7511735,0.71043277,0.7686024,0.2143034,0.77745336,0.59383565,0.7707128,0.37323076,Stable
0.33310968,0.50773346,0.48752415,0.66855186,0.46759623,0.37885368,0.7189214,0.7160034,0.65978736,0.2832167,0.7502284,0.71337694,0.76454675,0.20820716,0.77534145,0.59634805,0.7667591,0.37669057,Stable
0.33308792,0.50775164,0.4874882,0.6684127,0.46761972,0.37880063,0.71882796,0.7157215,0.6598402,0.28329515,0.75036,0.71355855,0.76456857,0.20819616,0.77533096,0.5962649,0.76672024,0.37663874,Stable
0.33359325,0.4956679,0.48877594,0.6569118,0.47270247,0.37931728,0.7180676,0.713014,0.6608925,0.27549934,0.75503135,0.70302385,0.75914425,0.20754838,0.7718711,0.59128106,0.7693476,0.3715291,Stable
0.3333482,0.48112333,0.48523432,0.65485615,0.47348648,0.3787521,0.7170829,0.7122141,0.6620333,0.2731169,0.755366,0.7026645,0.757585,0.20636639,0.7764837,0.5930719,0.76827973,0.37054574,Stable
0.33692476,0.481963,0.48583782,0.6551112,0.47724444,0.37649915,0.7189182,0.7116851,0.6592309,0.27459073,0.74946535,0.70426023,0.75816894,0.20973772,0.77580166,0.59247833,0.76973176,0.38090253,Stable
0.34113503,0.4811109,0.4799491,0.65573734,0.4763807,0.37348592,0.718779,0.71111983,0.6649628,0.27658427,0.7573714,0.7090199,0.7558679,0.21342324,0.7715423,0.58956754,0.76733387,0.37957627,Stable
0.34117806,0.4811338,0.47995743,0.6555867,0.47638774,0.37353644,0.7184665,0.7110321,0.66499007,0.27658933,0.75727046,0.70920885,0.75588197,0.21341877,0.771489,0.5894673,0.76730865,0.37956685,Stable
0.34050283,0.47900268,0.48342907,0.6536085,0.47954094,0.37350357,0.7250993,0.71290064,0.67158765,0.2745129,0.7539458,0.7035586,0.7508205,0.22460079,0.773625,0.59284925,0.7689216,0.3772194,Stable
0.33830196,0.47351345,0.4894035,0.6548047,0.4808249,0.36470303,0.7241382,0.7053322,0.67505234,0.26328272,0.74253666,0.6770326,0.7529916,0.2225011,0.77831554,0.5906283,0.77182245,0.3780212,Stable
0.3470478,0.47177646,0.49531364,0.6544043,0.48381,0.36827666,0.7377807,0.7091485,0.6720524,0.27593282,0.7492862,0.67572355,0.761692,0.21523723,0.7811966,0.5966142,0.7799344,0.38257998,Stable
0.35008758,0.4758054,0.49946055,0.65380937,0.49158335,0.36475462,0.7323401,0.7028315,0.6866233,0.26706284,0.7514815,0.6602117,0.7602305,0.21544912,0.77727807,0.5970973,0.77339286,0.38280886,Stable
0.35004446,0.47584355,0.49952787,0.65382975,0.49179408,0.36495253,0.73241043,0.7030131,0.6865399,0.26720357,0.7517569,0.6600698,0.7603132,0.21557915,0.7772217,0.5969887,0.77331495,0.3829268,Stable
0.3506825,0.47899908,0.4987204,0.6520628,0.48911327,0.37219414,0.7295728,0.71150494,0.6824602,0.27199972,0.74454176,0.6720046,0.7592992,0.22502765,0.7749281,0.58435786,0.77117586,0.3826878,Stable
0.3590539,0.47881997,0.50117445,0.6572462,0.48785505,0.37026852,0.74624896,0.708852,0.6771014,0.28029287,0.74186605,0.6664153,0.75983965,0.21609442,0.7783134,0.59655714,0.7738244,0.38293272,Stable
0.35227484,0.48593253,0.49710584,0.6626668,0.48945558,0.37466413,0.7399513,0.7212889,0.6768743,0.27978936,0.75253415,0.69121695,0.7613522,0.21803907,0.78193927,0.6150946,0.77796,0.38558966,Stable
0.35238832,0.48567742,0.497034,0.66263163,0.48940462,0.37450773,0.73967165,0.72122544,0.6767652,0.27998888,0.7528131,0.6910185,0.7617537,0.21828213,0.78188956,0.6151239,0.7779264,0.38556367,Stable
0.35220557,0.48463744,0.49970937,0.66363263,0.49448645,0.37981784,0.74520755,0.73470867,0.68198574,0.28050035,0.7512567,0.65776616,0.7568284,0.22267193,0.77886647,0.6135769,0.77597874,0.38649774,Stable
0.35433167,0.48575294,0.50068396,0.65985477,0.49276322,0.38050038,0.74089646,0.71251625,0.68285906,0.2739424,0.73949474,0.66787696,0.7588457,0.2202403,0.7747185,0.5986717,0.7691798,0.38020915,Stable
0.352668,0.48527762,0.50631917,0.6529223,0.49413857,0.37734044,0.7444575,0.70497864,0.6833746,0.26882157,0.74224746,0.65106404,0.75975835,0.21590704,0.777383,0.58314025,0.7700612,0.37544295,Stable
0.35354984,0.48169285,0.50521857,0.65853786,0.49061725,0.38153443,0.74485105,0.72018427,0.6764107,0.2772191,0.7436173,0.66262853,0.75615853,0.22611928,0.774189,0.59327567,0.7683202,0.3813662,Stable
0.35365915,0.48162162,0.5052489,0.6587322,0.49112666,0.38137504,0.74522626,0.7209003,0.6766471,0.2772497,0.7435896,0.6626128,0.7563906,0.22606353,0.77460146,0.5935498,0.76866454,0.3815086,Stable
0.3402776,0.48804733,0.49667546,0.659925,0.49114606,0.37410387,0.7394642,0.7127274,0.67756665,0.2757203,0.74405205,0.6703105,0.7512216,0.22148713,0.7741455,0.59854925,0.769593,0.38238156,Stable
0.34343815,0.48338756,0.49517533,0.6563909,0.49341953,0.37710375,0.73996997,0.7049588,0.6802938,0.27235913,0.74753445,0.68971777,0.757687,0.22453308,0.7783135,0.59258354,0.770723,0.37906653,Stable
0.33645463,0.48060435,0.49978015,0.65531933,0.48820144,0.37147772,0.73517454,0.70264333,0.6744191,0.27663022,0.75098133,0.6599808,0.75801444,0.22489664,0.7755344,0.5780816,0.7683353,0.36644217,Stable
0.3359667,0.48175126,0.4974464,0.6528792,0.4854018,0.36642134,0.7354331,0.6978654,0.6814915,0.26880023,0.74561065,0.6673039,0.76328176,0.21499583,0.78143597,0.58142245,0.7714963,0.36708233,Stable
0.3361001,0.48169744,0.4973912,0.652815,0.48518738,0.36667103,0.7341599,0.6982745,0.6816349,0.2688314,0.7454493,0.66757405,0.76368904,0.21539669,0.7812485,0.5812607,0.7713096,0.36694902,Stable
0.33636457,0.48021537,0.49812394,0.65480566,0.47984213,0.36671206,0.7277571,0.7002582,0.67670035,0.27252963,0.75219214,0.6683111,0.7587277,0.22450623,0.7787231,0.57658243,0.7698966,0.36764273,Stable
0.33111793,0.48373544,0.4998048,0.6534021,0.4817652,0.36464092,0.73255944,0.7036284,0.67387056,0.27246243,0.7568039,0.68351567,0.7698106,0.21682844,0.78181183,0.5806526,0.7739024,0.36752582,Stable
0.33766493,0.48005435,0.49969935,0.6549696,0.4837013,0.36431885,0.73781025,0.69807804,0.6728748,0.27098092,0.7478663,0.67688316,0.76398027,0.21262662,0.7793678,0.5737045,0.7715203,0.36217833,Stable
0.34066892,0.47698236,0.5018867,0.65022486,0.48515552,0.3647061,0.7440157,0.6959437,0.67292726,0.2663945,0.74890274,0.6589295,0.75899744,0.21005815,0.7779138,0.57333004,0.77163166,0.36290163,Stable
0.3408087,0.47675747,0.50191224,0.65017366,0.48510072,0.36476588,0.74424237,0.6959026,0.67289984,0.26638806,0.74886143,0.6589912,0.7589561,0.21004796,0.7779243,0.57332814,0.77169013,0.36286396,Stable
0.34355873,0.4705373,0.48996812,0.64345765,0.48359329,0.35799584,0.7352907,0.69700444,0.6778623,0.26012623,0.7466111,0.66448647,0.75501317,0.21449804,0.77507395,0.5671604,0.76985735,0.35858104,Stable
0.34123474,0.46776628,0.4911521,0.63589436,0.48235142,0.3611071,0.728872,0.68576753,0.67160976,0.25917083,0.75113916,0.6967666,0.7597205,0.20992607,0.77804536,0.5757423,0.7740314,0.3657044,Stable
0.33831567,0.4730583,0.48927766,0.63443685,0.48662966,0.3602143,0.72109556,0.6909977,0.6663054,0.2678695,0.7455834,0.69271266,0.76252025,0.20874898,0.77720857,0.57565546,0.770395,0.36398515,Stable
0.3414033,0.47183514,0.49535763,0.63551396,0.4876643,0.3592648,0.7363555,0.71495616,0.66614777,0.2602729,0.7504934,0.6857757,0.7533808,0.2088809,0.77449644,0.5732515,0.76651037,0.3575161,Stable
0.34132358,0.47170764,0.49530852,0.6355469,0.48741287,0.3592629,0.7361269,0.7150574,0.66613585,0.2602604,0.75050974,0.686485,0.75338334,0.20889202,0.77417344,0.5736835,0.766251,0.3578038,Stable
0.33867902,0.47524115,0.49516124,0.6351167,0.49129078,0.35947675,0.73204637,0.719291,0.67455834,0.25997517,0.7518126,0.68438786,0.7590784,0.21543252,0.7771137,0.58200526,0.7716901,0.3667749,Stable
0.34268853,0.47448084,0.49228108,0.6336419,0.48341998,0.36231548,0.7205016,0.70202506,0.67463565,0.27101737,0.75221175,0.69496036,0.75703734,0.22558677,0.7802644,0.5890713,0.77668285,0.3729528,Stable
0.34437165,0.4772863,0.49260527,0.6379497,0.4850849,0.36442387,0.7157809,0.7119427,0.6672251,0.27591985,0.756881,0.701486,0.75717485,0.22055206,0.77979726,0.59387743,0.7772712,0.37880427,Stable
0.3470075,0.47622985,0.49117598,0.638413,0.48248336,0.3654093,0.7092891,0.71175826,0.67022955,0.28059772,0.76367897,0.7058538,0.7595731,0.22992995,0.7809653,0.5943198,0.7767448,0.37997398,Stable
0.34694117,0.4763392,0.49126035,0.6384218,0.48276085,0.36531162,0.70947075,0.71177673,0.6702919,0.28048646,0.7635945,0.7059456,0.7595539,0.2299221,0.7810728,0.5945312,0.77685857,0.38015103,Stable
0.34540832,0.47883123,0.49247283,0.6410831,0.4811324,0.36830708,0.7232399,0.71653557,0.66552013,0.28426147,0.7581357,0.6997905,0.7571634,0.24783348,0.7836298,0.5964824,0.7797053,0.3825258,Stable
0.34441456,0.48191708,0.49499378,0.64330965,0.48185694,0.3676858,0.71270764,0.7147435,0.67291427,0.27872282,0.7665681,0.7019925,0.762799,0.23091915,0.78471583,0.59547096,0.77976054,0.380767,Stable
0.34466648,0.48240125,0.4925943,0.6450014,0.4794268,0.36481714,0.73266256,0.71763825,0.6719501,0.27895054,0.7540659,0.6815928,0.75442016,0.23508136,0.7850165,0.581445,0.77691096,0.37176204,Stable
0.34398335,0.48351544,0.4910668,0.6432649,0.4855091,0.3667724,0.72404593,0.7140789,0.67605174,0.27543306,0.7510092,0.6885244,0.7635937,0.23108612,0.78399706,0.59377503,0.77934027,0.38280496,Stable
0.34398544,0.48348987,0.491221,0.6431727,0.48555076,0.36681026,0.72435546,0.71385354,0.6759317,0.27558413,0.7510852,0.6875588,0.76360077,0.23110357,0.7838738,0.5936601,0.77926636,0.3829901,Stable
0.34565938,0.48394024,0.49116358,0.6413858,0.48541903,0.3664156,0.725754,0.71806973,0.6751938,0.27730566,0.7542672,0.6832391,0.755001,0.23961625,0.7823175,0.5844911,0.77670527,0.37866342,Stable
0.35254127,0.47949326,0.48881683,0.6399237,0.48256525,0.3614548,0.7269191,0.7193339,0.67551875,0.28050637,0.75310373,0.68887943,0.76027155,0.2465636,0.7830421,0.5995392,0.7786941,0.38345227,Stable
0.35602245,0.47629714,0.48540792,0.6334399,0.48879632,0.36300707,0.71694195,0.7200316,0.6746175,0.28025368,0.7541182,0.7030635,0.7626587,0.23338547,0.7819094,0.5948942,0.77776885,0.38174182,Stable
0.36159799,0.47728133,0.48735875,0.63720775,0.4961053,0.36151725,0.72383106,0.71788776,0.69658124,0.2810924,0.75891304,0.7031989,0.75155395,0.27448225,0.7856412,0.594173,0.78032136,0.38605163,Stable
0.36146516,0.47732633,0.48774457,0.63746655,0.4961393,0.3614535,0.7240216,0.7180996,0.69669956,0.2810886,0.7592847,0.7026436,0.751574,0.2745752,0.7857579,0.5943964,0.7804019,0.38624525,Stable
0.35787022,0.47907215,0.48576397,0.6367338,0.49101955,0.36597618,0.71682805,0.7125726,0.68849003,0.2903843,0.7613515,0.70866776,0.7550756,0.2592089,0.78707284,0.5940475,0.7820255,0.39209038,Stable
0.35002822,0.48085946,0.48302636,0.6398079,0.49132705,0.3626706,0.7084682,0.7103662,0.68789136,0.28837645,0.7532727,0.71554106,0.7499105,0.25840205,0.7793746,0.596208,0.7777326,0.38909575,Stable
0.34946972,0.48284346,0.47890413,0.63918245,0.49168968,0.3696296,0.6983458,0.7044035,0.6780515,0.28926003,0.7613398,0.7181848,0.75693226,0.24876574,0.78145355,0.59841037,0.7803237,0.38662082,Stable
0.34865487,0.4829995,0.47694266,0.6376828,0.49450177,0.3699748,0.6998168,0.6996536,0.67669797,0.288145,0.7621593,0.7174547,0.7533883,0.25155497,0.7791199,0.5926312,0.777136,0.38650388,Stable
0.34865528,0.48297867,0.47691154,0.6377044,0.4946352,0.36999893,0.6998807,0.6993908,0.6765996,0.28813642,0.76220644,0.71743464,0.75326574,0.25155243,0.7792026,0.5927354,0.777158,0.38660443,Stable
0.35423285,0.48403296,0.4818744,0.64246833,0.49045393,0.36651275,0.70223564,0.7168016,0.69979525,0.28452203,0.7587315,0.73018706,0.7537612,0.25756866,0.77712226,0.5976739,0.77758974,0.39120436,Stable
0.35838422,0.48433906,0.48179874,0.64271337,0.49149033,0.36802155,0.70909643,0.7194421,0.68161535,0.2928967,0.75658023,0.72440326,0.7518038,0.2619894,0.7775384,0.5995054,0.7758168,0.40201575,Stable
0.35972285,0.48395056,0.48371595,0.6413194,0.4937038,0.3724482,0.70421946,0.7144208,0.6860906,0.29295662,0.7616211,0.73433965,0.75863975,0.26267278,0.7753818,0.5970826,0.77729297,0.40088186,Stable
0.3604594,0.4837368,0.4817626,0.6408205,0.4908286,0.37282097,0.7020707,0.7189412,0.6859638,0.2946178,0.7541155,0.72254145,0.7543787,0.2736514,0.7749786,0.59570825,0.775202,0.4018029,Stable
0.3605276,0.48373157,0.4817363,0.64075994,0.49087554,0.37301522,0.7016203,0.7184967,0.6860169,0.29464605,0.75419486,0.7226809,0.7547277,0.2734323,0.775048,0.5956446,0.77528495,0.40183508,Stable
0.36011884,0.48534346,0.48064074,0.6419125,0.4924144,0.37318894,0.70490634,0.7148371,0.6913897,0.29273415,0.7579546,0.70931077,0.7560483,0.27333668,0.7751546,0.59557796,0.77471197,0.40292332,Stable
0.3561315,0.48333943,0.47584534,0.64264774,0.49154824,0.37489197,0.7110247,0.71473944,0.679111,0.29741132,0.76352227,0.70528543,0.7514336,0.27492112,0.77667254,0.5970929,0.7735762,0.4057078,Stable
0.35682222,0.48446104,0.47607374,0.64125115,0.4895093,0.37818024,0.6930086,0.7122993,0.6790437,0.29982272,0.76098007,0.7137148,0.7558543,0.2713716,0.7761823,0.59841645,0.77576864,0.40700588,Stable
0.358823,0.48577344,0.47707975,0.6425649,0.48936224,0.37632656,0.7022264,0.7176444,0.67680144,0.3001034,0.7513172,0.7106206,0.757122,0.27236396,0.77807635,0.59500587,0.77534306,0.40532702,Stable
0.35882932,0.48572192,0.47716266,0.64255893,0.48956412,0.3764544,0.7021629,0.71798766,0.676732,0.3001861,0.7516987,0.7112696,0.7570244,0.27241123,0.77808666,0.59538406,0.77541804,0.4055779,Stable
0.35938573,0.48696122,0.47848868,0.6414304,0.4942283,0.37485063,0.6875117,0.7248014,0.68812585,0.30179268,0.7581589,0.7296392,0.7656679,0.26858968,0.7755975,0.6035235,0.7772505,0.40897617,Stable
0.36312267,0.48764715,0.48235363,0.6436399,0.49146837,0.38043484,0.68119496,0.7225753,0.6820323,0.3100247,0.75943494,0.73038566,0.76459324,0.27607208,0.7742347,0.6163964,0.77478737,0.4143433,Stable
0.36588925,0.4898679,0.48080552,0.64609677,0.49426436,0.38119122,0.67840856,0.72736657,0.6810407,0.31783482,0.75940245,0.72335196,0.75849426,0.2906732,0.77199805,0.6157387,0.7731962,0.42001545,Stable
0.36372983,0.49765405,0.4866353,0.6573074,0.4954495,0.3924083,0.68527603,0.74415183,0.6815881,0.31777948,0.75196695,0.728625,0.75302,0.29526722,0.77556396,0.6227844,0.77418935,0.42883584,Stable
0.36367294,0.49767035,0.48661184,0.6572701,0.49550223,0.39239368,0.68562746,0.74411726,0.6816869,0.31768274,0.75225824,0.7283269,0.753543,0.2951126,0.77575874,0.6227983,0.7743411,0.42883378,Stable
0.35846692,0.5087229,0.47993085,0.6607613,0.49164337,0.3979025,0.6790008,0.74681675,0.6817572,0.3242403,0.7596432,0.7586815,0.7647505,0.29130232,0.77273405,0.62702197,0.77432215,0.43269503,Stable
0.35756803,0.51698184,0.478383,0.6656541,0.49729323,0.39611137,0.6786341,0.758435,0.70399857,0.3216204,0.7586601,0.7569406,0.75916547,0.2993363,0.7710642,0.64093244,0.77481484,0.4451005,Stable
0.3550918,0.5226035,0.47901437,0.67087734,0.4901392,0.39982665,0.67760134,0.7553579,0.67872906,0.33225322,0.758235,0.75695777,0.7594595,0.29333654,0.77360743,0.6420549,0.7745048,0.43670315,Stable
0.35803407,0.52500784,0.4832091,0.6746473,0.49002716,0.4034729,0.6922969,0.75848985,0.6735716,0.33022314,0.75823593,0.7526343,0.7580706,0.29368538,0.77392143,0.6432372,0.7742414,0.4361931,Stable
0.3577417,0.5249748,0.48323604,0.674652,0.49007,0.4033826,0.6924495,0.7585099,0.6735394,0.33017084,0.7582068,0.75252485,0.7581012,0.29363772,0.7739005,0.643158,0.77419424,0.43600664,Stable
0.35601553,0.5297104,0.47957203,0.68445754,0.4930172,0.40899977,0.6791903,0.7671218,0.6780913,0.33683592,0.7506056,0.7594074,0.7492199,0.30089462,0.7665159,0.65793514,0.7708315,0.45216227,Stable
0.35420668,0.5348531,0.48374018,0.68770427,0.4932189,0.4126305,0.67793196,0.76897305,0.6755044,0.34105366,0.75324744,0.76039815,0.75205827,0.30672005,0.7711548,0.6564058,0.7733877,0.4523197,Stable
0.35751176,0.53763294,0.48687166,0.6953403,0.4918447,0.41462386,0.69268364,0.78147143,0.67362535,0.34684193,0.7449414,0.7446472,0.74052167,0.31269187,0.767363,0.6579822,0.770971,0.45448148,Stable
0.36034977,0.5442023,0.48683724,0.70254326,0.49287343,0.4184657,0.69650316,0.78718966,0.68147033,0.3451569,0.7446217,0.74603313,0.74193203,0.31802347,0.7697296,0.6723758,0.775841,0.46865785,Stable
0.3602293,0.54426503,0.48685378,0.70250505,0.49305665,0.4183777,0.69646263,0.787152,0.68187344,0.34508497,0.7446,0.7460183,0.74185157,0.3179091,0.7696887,0.672474,0.77584994,0.46873066,Stable
0.3554711,0.5500859,0.4906703,0.70711243,0.49415636,0.4176795,0.7064227,0.7861872,0.678339,0.34716874,0.7515664,0.7571449,0.7484369,0.31344336,0.7788789,0.6613196,0.77994907,0.45681524,Stable
0.35764068,0.5538479,0.48765928,0.71048373,0.49092516,0.41687986,0.70230377,0.78613037,0.67914426,0.34415087,0.7503451,0.74399275,0.75301516,0.30592847,0.7757806,0.67220867,0.77939546,0.46338913,Stable
0.35679418,0.5524091,0.4914014,0.7074801,0.4943876,0.41815338,0.7138666,0.7835576,0.6756954,0.34759462,0.7472114,0.7449128,0.7519958,0.30233747,0.77920955,0.65972173,0.7814565,0.45540535,Stable
0.35473084,0.5488952,0.4900808,0.7059704,0.49821275,0.41708964,0.71753275,0.7925359,0.68476677,0.33725426,0.7500098,0.7466821,0.74985445,0.3109119,0.77563155,0.6685793,0.77871215,0.4637915,Stable
0.3547327,0.54890037,0.49012265,0.7059853,0.4982537,0.41703305,0.7175545,0.7923088,0.6850745,0.33706695,0.7502862,0.7466213,0.75023353,0.3113914,0.77569383,0.6684978,0.7788085,0.46377963,Stable
0.35658795,0.54417825,0.49315688,0.7084631,0.49828988,0.41780007,0.72088546,0.7921509,0.68646616,0.3398698,0.744116,0.74352026,0.74830186,0.31142366,0.7824003,0.66418827,0.78349245,0.46635267,Stable
0.35805327,0.541764,0.4947209,0.7094869,0.49611712,0.41918048,0.7094788,0.7817294,0.67636025,0.35051474,0.7459134,0.7441021,0.7446904,0.3069644,0.77891386,0.66419387,0.7786724,0.4649595,Stable
0.3582657,0.5384581,0.49253768,0.7073559,0.49527,0.41931745,0.7102088,0.7851104,0.6767463,0.3523247,0.74226373,0.74450564,0.7479384,0.30470318,0.78066564,0.66932195,0.78227305,0.47064683,Stable
0.35888857,0.53344375,0.49103647,0.7050158,0.496064,0.414315,0.708629,0.7806079,0.68659353,0.3403967,0.7440381,0.74237764,0.7556579,0.30319506,0.77685446,0.66220057,0.7780565,0.46479103,Stable
0.35891935,0.5334284,0.49103904,0.70502204,0.49599993,0.41432,0.7090435,0.7802264,0.6863631,0.3403948,0.74393314,0.74341965,0.75548744,0.30310953,0.7767049,0.6621095,0.77790177,0.46469992,Stable
0.3544912,0.5333529,0.4880384,0.69655156,0.49837458,0.41629907,0.706339,0.7883084,0.68445176,0.3429223,0.7436525,0.74161214,0.756788,0.29755253,0.77958655,0.6621934,0.7810199,0.46522868,Stable
0.35263643,0.5290413,0.48731613,0.6927402,0.4946025,0.41193888,0.7187816,0.7694361,0.6768061,0.3385294,0.75036097,0.7280711,0.7643725,0.29622114,0.7803673,0.6460489,0.7803194,0.44870636,Stable
0.3526317,0.52673537,0.49040374,0.68961513,0.4941058,0.4045832,0.7138249,0.766855,0.67523384,0.33578753,0.7494449,0.74611306,0.76171076,0.28276697,0.7743813,0.64732885,0.7780027,0.45134097,Stable
0.35428226,0.52725935,0.48789847,0.6896743,0.49480075,0.40604264,0.7164993,0.7643642,0.67511153,0.3327122,0.7451629,0.73334646,0.76156086,0.28636524,0.77661824,0.6418366,0.77800006,0.4449385,Stable
0.35418683,0.5272535,0.48781657,0.6897502,0.49470294,0.4061135,0.7164694,0.76440287,0.6752712,0.33275503,0.7450306,0.7335491,0.76131237,0.28653565,0.7765726,0.6421361,0.77801263,0.44524226,Stable
0.35335165,0.52366596,0.4906981,0.68784213,0.49717057,0.40826616,0.7101211,0.7610892,0.67421716,0.33077514,0.754389,0.72333837,0.75970477,0.28326866,0.7809603,0.6379157,0.78034306,0.4342237,Stable
0.3608801,0.5160874,0.49291146,0.687701,0.49546647,0.40896225,0.7080278,0.7607621,0.67815995,0.33043334,0.751215,0.7214029,0.75608516,0.28665572,0.7858529,0.64213425,0.7854993,0.43468267,Stable
0.36091745,0.51273036,0.49329993,0.68652093,0.4919806,0.4054254,0.70810264,0.75987786,0.67012686,0.33229503,0.7548239,0.72366965,0.7525928,0.28685173,0.78417087,0.6400656,0.7847375,0.4321658,Stable
0.3571844,0.5073155,0.49086344,0.68537396,0.49501753,0.40299267,0.7172613,0.75911736,0.6789734,0.32341373,0.75555766,0.7056648,0.7490244,0.28900468,0.7862565,0.62578696,0.78343534,0.4290765,Stable
0.35710126,0.5073813,0.49079537,0.6853403,0.49490184,0.40300268,0.7171253,0.75911367,0.6788432,0.32339606,0.7556827,0.7054026,0.7490811,0.28897494,0.786356,0.6259912,0.78355163,0.42919314,Stable
0.36110198,0.50504196,0.490535,0.6799166,0.4931613,0.40143025,0.7033496,0.7597608,0.67717975,0.32338494,0.7550398,0.70675004,0.7537066,0.2850173,0.7855967,0.6263715,0.7841255,0.42823154,Stable
0.36105713,0.5011244,0.48845577,0.6809896,0.4919442,0.3993884,0.70740455,0.7559363,0.67405224,0.32104832,0.7526964,0.7053915,0.75349045,0.28207186,0.78216475,0.62290037,0.78148806,0.42701137,Stable
0.3655011,0.4944092,0.4815448,0.6758263,0.49504587,0.39612353,0.71090674,0.7575506,0.67775834,0.32306293,0.7563882,0.69438785,0.7538394,0.278939,0.7816359,0.62631357,0.78112453,0.43052006,Stable
0.36077556,0.49039775,0.4853483,0.67720926,0.4931335,0.39485145,0.72184384,0.7582163,0.67761827,0.32167628,0.7537896,0.6904087,0.7540897,0.28175214,0.7835517,0.62418807,0.78179187,0.42694944,Stable
0.36069772,0.49066693,0.4854276,0.67738366,0.4930448,0.3947891,0.72180486,0.75808406,0.6775641,0.32146576,0.7538483,0.69045085,0.7543892,0.28153986,0.7836404,0.6243274,0.7818887,0.42701286,Stable
0.35968763,0.4875941,0.48814166,0.67674345,0.49239835,0.39056134,0.7211261,0.7572934,0.6783482,0.32197845,0.75484335,0.719938,0.75019085,0.28548175,0.7793354,0.6239662,0.7823138,0.428717,Stable
0.36132395,0.4847004,0.48106778,0.67177933,0.48420423,0.39443597,0.7016062,0.7552876,0.666241,0.33178446,0.7535483,0.7245402,0.75121015,0.28526187,0.7769078,0.6364901,0.7823169,0.43236613,Stable
0.36818975,0.4828936,0.48159274,0.67290914,0.4816891,0.39048553,0.70574117,0.7550873,0.6644294,0.32813165,0.75635594,0.7134731,0.7550789,0.29360065,0.7778214,0.6209897,0.78055686,0.43072045,Stable
0.36012256,0.48606738,0.4798718,0.6751765,0.48017305,0.3914826,0.694378,0.7545254,0.6599835,0.33578655,0.7492143,0.72682256,0.7534227,0.29661834,0.7729713,0.62755597,0.7781993,0.43263698,Stable
0.36013865,0.48603463,0.47990352,0.6752684,0.48022982,0.39156863,0.69446933,0.75458616,0.6599148,0.33586013,0.7491783,0.7265891,0.7537854,0.29644874,0.77303594,0.6277429,0.77831125,0.4329127,Stable
0.36139923,0.48593125,0.4834138,0.68278027,0.47976243,0.3977095,0.68233454,0.7529112,0.6599667,0.3364163,0.7500609,0.7389929,0.7495067,0.2980102,0.76975006,0.6401726,0.77717805,0.43541914,Stable
0.35699117,0.4911618,0.47920534,0.68081516,0.47355032,0.39981174,0.68046445,0.75552225,0.66104317,0.33774304,0.7549598,0.74036354,0.74763,0.30555424,0.7696771,0.6413313,0.77679896,0.43941665,Stable
0.3591182,0.48650867,0.48782527,0.68928003,0.47688386,0.40132356,0.70648044,0.7680823,0.65797186,0.3442807,0.7466976,0.73484915,0.74334204,0.308106,0.77351755,0.6425055,0.7790024,0.4476814,Stable
0.35590774,0.4904148,0.48865828,0.69545126,0.49011466,0.40441272,0.7115555,0.7823734,0.6604285,0.34643734,0.7448739,0.7473247,0.7334594,0.31247845,0.77513355,0.64855254,0.7795721,0.45340002,Stable
0.356057,0.49032485,0.4886156,0.6954906,0.4901378,0.40444764,0.7120735,0.78231615,0.6604269,0.34676003,0.7448087,0.7467562,0.7321297,0.31903094,0.7750296,0.64828223,0.7795818,0.45336065,Stable
0.3609421,0.4920432,0.49122512,0.7002896,0.4913407,0.40876776,0.71111345,0.78338933,0.6655375,0.35100776,0.7546231,0.7339456,0.73724526,0.3184402,0.7771324,0.6472334,0.7795598,0.45697296,Stable
0.36668557,0.49145454,0.49147674,0.7036656,0.49040243,0.4098955,0.70180386,0.7909852,0.6602427,0.3593791,0.74575675,0.7378056,0.7288227,0.32312888,0.77674717,0.66510123,0.7798337,0.4731887,Stable
0.3722355,0.4938415,0.49238294,0.70867825,0.4912928,0.41802403,0.71379083,0.7937595,0.6619336,0.36238584,0.7449269,0.7475118,0.7258117,0.33812067,0.77986073,0.66624534,0.78554213,0.4755832,Stable
0.35803744,0.50259507,0.4888776,0.7093138,0.49326134,0.41324148,0.7147429,0.7959466,0.6687354,0.36048114,0.7600403,0.7422597,0.73799294,0.32187748,0.7791082,0.6691596,0.7800922,0.47202682,Stable
0.35818422,0.50283265,0.48873228,0.7090198,0.49325484,0.41325185,0.7147681,0.79614824,0.668678,0.36028755,0.7599759,0.7421224,0.73727554,0.32178378,0.7792442,0.6692543,0.78021663,0.47216105,Stable
0.36607474,0.5066438,0.4926687,0.71085334,0.49449372,0.41911623,0.7220484,0.8029589,0.6685362,0.36354265,0.75186604,0.7602829,0.73359346,0.3321123,0.78308743,0.6690511,0.78318036,0.4735909,Stable
0.35545188,0.50904,0.493572,0.7166083,0.49967068,0.4162335,0.71307087,0.8062491,0.7007531,0.3567185,0.75595236,0.77706015,0.7286085,0.34645593,0.7805692,0.68149984,0.7845216,0.47838253,Stable
0.3526227,0.5129303,0.49201363,0.7186793,0.50450975,0.42785358,0.7086956,0.8079163,0.7036433,0.36369878,0.7609017,0.7892422,0.7175056,0.35175595,0.7797382,0.683994,0.786514,0.4914902,Stable
0.35627127,0.5120631,0.48906383,0.7227465,0.49644026,0.4239993,0.70634997,0.8036141,0.6799642,0.37274277,0.7555047,0.7794876,0.714467,0.35393915,0.7808101,0.68482655,0.7831353,0.492133,Stable
0.35603738,0.51216733,0.48884928,0.72277087,0.49655434,0.424172,0.70645845,0.8035505,0.6799916,0.3726908,0.75562024,0.7792189,0.71419454,0.35400698,0.7808157,0.6847663,0.7830958,0.49212164,Stable
0.3677139,0.5096911,0.48943645,0.7259864,0.497241,0.42707795,0.7099544,0.8036547,0.69582576,0.3680024,0.75144315,0.78198975,0.72948855,0.35681617,0.77918404,0.68079567,0.7834611,0.48873413,Stable
0.36124986,0.5164679,0.49302936,0.7252788,0.5024514,0.42971274,0.70674795,0.81730866,0.6826087,0.3758467,0.75225353,0.7826888,0.72977734,0.35889637,0.7842876,0.6862514,0.78481454,0.48956546,Stable
0.3608291,0.5149102,0.49024093,0.73157805,0.5037491,0.43387517,0.7014601,0.8233402,0.6831919,0.37788936,0.7572509,0.7788119,0.7296385,0.36091322,0.7801649,0.6958775,0.78288335,0.49349815,Stable
0.36071217,0.5163045,0.4887342,0.72650707,0.5059165,0.43728846,0.7085921,0.82161105,0.6962377,0.37641558,0.7558577,0.8053975,0.73198736,0.35747087,0.77874655,0.68655455,0.78502536,0.49220043,Stable
0.36077452,0.51620346,0.48885843,0.72647136,0.5058354,0.43720004,0.7087263,0.8215922,0.6960823,0.37651777,0.7556683,0.80585766,0.73191464,0.3570161,0.77870536,0.6864226,0.78496593,0.49203718,Stable
0.36437222,0.5135596,0.4878583,0.7297837,0.5079465,0.4355478,0.683372,0.8124854,0.68891656,0.37660813,0.75383633,0.80409735,0.7197826,0.3682563,0.77851856,0.69312805,0.7832021,0.49062082,Stable
0.36809063,0.513622,0.49008662,0.7325951,0.50905144,0.43539858,0.7074093,0.82364744,0.6977773,0.38218588,0.75574344,0.8016169,0.7267586,0.35878974,0.7787063,0.6868674,0.785064,0.49321753,Stable
0.3674495,0.51332223,0.48631048,0.72701114,0.5051521,0.43944705,0.70471215,0.82515454,0.69216156,0.38458213,0.7515813,0.80370986,0.71604943,0.35793552,0.7758601,0.68846655,0.7819272,0.4962797,Stable
0.3682391,0.51342773,0.48218116,0.72619694,0.50703263,0.44136557,0.7004019,0.82168925,0.6912305,0.37968272,0.75123394,0.8007115,0.7096953,0.36308047,0.77264947,0.699257,0.7775147,0.5066513,Stable
0.36745518,0.5135529,0.48232672,0.72615147,0.5070567,0.44125363,0.70039034,0.8213335,0.6923758,0.3789941,0.75143003,0.8008586,0.710202,0.363007,0.7728405,0.6988765,0.77758443,0.500648,Stable
0.3734234,0.5116223,0.4759438,0.72535866,0.50326455,0.44145724,0.67969775,0.8122239,0.679708,0.39012548,0.7524511,0.8057684,0.71633786,0.36155277,0.77182376,0.69587755,0.77600974,0.50116086,Stable
0.36969373,0.5118214,0.4721778,0.73126924,0.49911833,0.44071186,0.6809246,0.81342506,0.6753342,0.39523238,0.75562423,0.80923694,0.71375144,0.3655932,0.76774395,0.6984298,0.77313304,0.50026095,Stable
0.37009776,0.5122911,0.4762269,0.7353851,0.5008817,0.4452132,0.69538534,0.8187732,0.6807665,0.39225483,0.757816,0.8227014,0.7026067,0.37449116,0.774596,0.69356513,0.7812545,0.4974818,Stable
0.3722744,0.5105933,0.4794433,0.7370002,0.49998102,0.44595575,0.6950104,0.8261472,0.69478524,0.38863903,0.75459117,0.81372356,0.71252847,0.37442952,0.7704141,0.6911647,0.7760777,0.5065421,Stable
0.37219387,0.5106416,0.47944734,0.73693013,0.4999532,0.4459933,0.6949209,0.8261637,0.69478035,0.3886248,0.7546071,0.81383586,0.71241987,0.3744194,0.77308464,0.69309485,0.77603215,0.50653285,Stable
0.37460166,0.5159157,0.4785089,0.73358715,0.49886498,0.44891605,0.69026124,0.827065,0.6820681,0.39365035,0.76312244,0.84034526,0.71783817,0.38930172,0.77155674,0.6848006,0.77330196,0.5088626,Stable
0.37284392,0.5175052,0.4813144,0.73930395,0.5009157,0.44738758,0.6966738,0.82666487,0.69961107,0.3905577,0.7580974,0.83056116,0.7241799,0.38450176,0.773738,0.6924267,0.77315515,0.50559235,Stable
0.3689677,0.522117,0.4759053,0.74260044,0.49818534,0.45354617,0.6874541,0.827654,0.69271064,0.39686117,0.7673286,0.8350117,0.7229943,0.3909092,0.7749796,0.6976104,0.7751082,0.50993025,Stable
0.37568456,0.5261793,0.47428593,0.7554722,0.49924612,0.46417186,0.6923393,0.84262437,0.6830313,0.4083187,0.749114,0.8427764,0.72867817,0.38839468,0.7716319,0.70205873,0.7700135,0.5106727,Stable
0.3757331,0.5261171,0.4744231,0.7554469,0.4991152,0.46442646,0.6925498,0.84260476,0.6819443,0.40855688,0.74927235,0.84207284,0.729033,0.38818383,0.77167547,0.7019298,0.77005684,0.51057976,Stable
0.38259238,0.5310609,0.47164005,0.76414603,0.49622196,0.47334415,0.6992039,0.8436851,0.6673433,0.4161347,0.7594453,0.84578747,0.73037237,0.38944066,0.7781994,0.7090184,0.7755307,0.5107868,Stable
0.38075227,0.5325247,0.47390613,0.7661203,0.49413943,0.47442675,0.7049338,0.852952,0.6729114,0.40751106,0.75858754,0.79601973,0.74222106,0.38418585,0.78104603,0.71753824,0.7795012,0.5254677,Stable
0.3754954,0.5386561,0.49012324,0.7758662,0.5000725,0.4782039,0.72208446,0.8674729,0.6624275,0.4181741,0.75977725,0.82182395,0.7401566,0.39285654,0.78048694,0.7141778,0.7744374,0.50809413,Stable
0.3790235,0.5454439,0.48638937,0.7808082,0.49909768,0.477777,0.7429349,0.88652915,0.66740817,0.41860664,0.75679415,0.84692085,0.7302639,0.3990988,0.7786708,0.7290726,0.77424616,0.51404595,Stable
0.37893364,0.5454718,0.48634416,0.7808098,0.49901578,0.47764504,0.7431721,0.88649243,0.66741246,0.41850072,0.75673425,0.846666,0.73004353,0.39960325,0.77853173,0.72900426,0.77404284,0.51388544,Stable
0.37390065,0.54622996,0.4745053,0.782385,0.4985181,0.481827,0.7209014,0.8670608,0.6805484,0.41582793,0.74929523,0.8469275,0.7415023,0.39728618,0.7798144,0.72717184,0.775325,0.5238423,Stable
0.37352628,0.54548,0.47741127,0.77279377,0.4974957,0.479017,0.70867455,0.8691396,0.6791595,0.4174485,0.74870586,0.8488996,0.73952955,0.39794323,0.7789309,0.71389747,0.775653,0.5124518,Stable
0.38000643,0.5441773,0.4748157,0.77182144,0.49833947,0.48486716,0.71170974,0.86910236,0.6700033,0.41995966,0.7534466,0.83509684,0.7334777,0.39463538,0.77928853,0.7158749,0.77815455,0.51742077,Stable
0.38042617,0.5420953,0.48251528,0.76697516,0.5006181,0.47789907,0.71553516,0.8705491,0.67969835,0.41541705,0.74793315,0.8448192,0.73814464,0.3972586,0.78255,0.72942173,0.78033966,0.52652586,Stable
0.380234,0.5422746,0.4826114,0.7669499,0.500247,0.47800565,0.71553105,0.8705072,0.680014,0.41530102,0.7478423,0.8448602,0.73817295,0.3972749,0.7824215,0.7292144,0.78026974,0.5266577,Stable
0.37757164,0.5478386,0.48161918,0.77336806,0.50165504,0.48365688,0.7256512,0.88461226,0.688219,0.42007205,0.746765,0.85487914,0.7308373,0.39674842,0.77789605,0.74731463,0.7773458,0.53597665,Stable
0.37921977,0.553207,0.4810992,0.77391124,0.5034547,0.4858695,0.7175485,0.8778831,0.6821363,0.42949224,0.7493876,0.86270046,0.73210377,0.41190577,0.7796551,0.73648274,0.77718437,0.5366959,Stable
0.38019407,0.5497858,0.48026246,0.77852243,0.50024784,0.48258042,0.7162168,0.87831914,0.68602324,0.41978627,0.75074166,0.8593081,0.7196996,0.40298256,0.7799429,0.73448414,0.77815413,0.53241336,Stable
0.37963516,0.55307585,0.4756639,0.78437936,0.5045184,0.48736748,0.71171904,0.886251,0.68399274,0.4281568,0.7493881,0.8683568,0.72525895,0.40934885,0.7801347,0.7358614,0.7769036,0.5353192,Stable
0.37963837,0.5531355,0.47571,0.784393,0.5045221,0.48740825,0.71185887,0.88620275,0.68366754,0.4282754,0.7492182,0.8682305,0.7254243,0.40895778,0.7801489,0.7358768,0.7769632,0.5353751,Stable
0.37763008,0.55396,0.47371218,0.7861645,0.50579065,0.48594722,0.7179901,0.88702154,0.6893184,0.4313211,0.7476814,0.86475027,0.73987293,0.4081473,0.785572,0.73692554,0.77988267,0.5348014,Stable
0.37772894,0.5571749,0.47723866,0.78364486,0.5015801,0.4898866,0.70323324,0.8844191,0.67676485,0.43386123,0.75348014,0.85711265,0.72098225,0.41778493,0.7830254,0.7553625,0.778861,0.5484174,Stable
0.37719962,0.5622638,0.4744138,0.78987813,0.5014945,0.49303553,0.7007682,0.88794655,0.68295133,0.43930554,0.76244897,0.87287915,0.737543,0.42011043,0.7859661,0.74331725,0.78048676,0.5475067,Stable
0.37885535,0.56377906,0.47239608,0.7914388,0.50023675,0.49539346,0.70101184,0.892471,0.68142027,0.43748674,0.75849813,0.8753475,0.7345971,0.42454332,0.7837202,0.74034107,0.7797283,0.537554,Stable
0.37880427,0.56383216,0.472454,0.7914054,0.50015825,0.4953185,0.7007916,0.89261234,0.68115515,0.4375077,0.7583336,0.8753311,0.73473656,0.4244057,0.783714,0.7402228,0.77974117,0.5374215,Stable
0.37846178,0.5606391,0.4748957,0.79077804,0.50064826,0.4893554,0.70480335,0.8947415,0.67773193,0.4348547,0.75504637,0.8713264,0.72598994,0.42089713,0.7832843,0.7411314,0.77753395,0.5365013,Stable
0.3822025,0.557925,0.47662652,0.79140157,0.5004359,0.49482858,0.7079093,0.9045605,0.6785195,0.437031,0.7602544,0.8835766,0.7231411,0.42426407,0.78112984,0.73993814,0.7749406,0.5349384,Stable
0.38274956,0.5578741,0.47878146,0.7935442,0.5017812,0.49576503,0.70816743,0.8924579,0.67770284,0.4375224,0.7512292,0.86998343,0.7276115,0.4283604,0.7832295,0.73582476,0.7778956,0.5336077,Stable
0.37857434,0.5608647,0.47849804,0.7965853,0.50070596,0.49752504,0.7084665,0.89126027,0.6722336,0.44189113,0.7557494,0.86959505,0.7381499,0.42209727,0.7870959,0.7241032,0.7811564,0.53006905,Stable
0.37869355,0.56074405,0.47860178,0.79665196,0.5006896,0.4976818,0.70884603,0.8912732,0.67234075,0.44187853,0.75563425,0.86974096,0.7380831,0.42209542,0.7872269,0.7241323,0.7812604,0.53015584,Stable
0.37919244,0.5614203,0.4748751,0.79673237,0.500409,0.49736068,0.70991457,0.892166,0.6690407,0.443073,0.76134694,0.87656707,0.73875284,0.42001182,0.7881405,0.7393524,0.78156435,0.5360249,Stable
0.37989175,0.560678,0.47449082,0.7941525,0.501511,0.49487418,0.71034735,0.88778114,0.6648253,0.44226143,0.7590258,0.87134993,0.7329998,0.42313617,0.7877729,0.7261674,0.7812647,0.5313443,Stable
0.38996005,0.56007904,0.48291844,0.7968144,0.50269705,0.5015383,0.7205817,0.9067023,0.68212694,0.44157892,0.7555973,0.8645382,0.73903745,0.4295754,0.78557456,0.74049234,0.77805567,0.53891414,Stable
0.37632346,0.5674813,0.47569066,0.79624844,0.49914393,0.49823627,0.7048825,0.9027676,0.68678343,0.43786168,0.7538637,0.87267256,0.7346012,0.4275859,0.78261364,0.735794,0.77579224,0.5406819,Stable
0.375686,0.56790745,0.47552285,0.79601586,0.499063,0.49793166,0.7048001,0.90253377,0.6866174,0.4378649,0.75403094,0.872627,0.7346405,0.42778075,0.7827331,0.73535675,0.7758757,0.54036844,Stable
0.37746614,0.5691517,0.47467217,0.79448503,0.5019356,0.49694297,0.7025064,0.8892061,0.6886915,0.43681237,0.76052916,0.8497426,0.725573,0.43208107,0.7786014,0.72636414,0.7733042,0.5372938,Stable
0.38170832,0.56974304,0.48811,0.80467415,0.5034264,0.4998749,0.7153412,0.9018725,0.6823927,0.43942785,0.7547668,0.8668759,0.72732055,0.43225643,0.7853171,0.7308273,0.77787423,0.5405083,Stable
0.38195893,0.57129854,0.48203087,0.80004334,0.5024997,0.5037291,0.7200148,0.90937626,0.68216085,0.4392764,0.7567045,0.8473985,0.73049545,0.4241616,0.7940921,0.7457286,0.7836988,0.546786,Stable
0.38141268,0.5724669,0.48990816,0.804919,0.5051494,0.5115503,0.72255397,0.90954435,0.6671934,0.44397494,0.75767916,0.8588401,0.73445547,0.42481625,0.7902846,0.7467903,0.7801826,0.5444764,Stable
0.38120577,0.57236075,0.4899176,0.80497897,0.5051128,0.5116423,0.7224568,0.90953773,0.6668407,0.4440659,0.75786614,0.8589296,0.7340548,0.42515004,0.79021114,0.7470398,0.78083175,0.5521426,Stable
0.37911516,0.57657963,0.48760784,0.80132854,0.50573045,0.504532,0.724772,0.909683,0.7039227,0.43103048,0.7573807,0.84864664,0.74103016,0.42292804,0.7927246,0.75918996,0.786406,0.5567953,Stable
0.38138795,0.5754721,0.48756668,0.8011517,0.5019734,0.49971887,0.7330157,0.90442204,0.6903585,0.42906663,0.7559401,0.84898347,0.73457766,0.41579074,0.7830507,0.7286118,0.7757439,0.5296763,Stable
0.37961346,0.5715661,0.4871469,0.7975427,0.4993362,0.5048822,0.71444774,0.8940934,0.67149985,0.43673402,0.7548244,0.859966,0.71875185,0.4249081,0.78315365,0.7270691,0.7744466,0.53538287,Stable
0.37984753,0.5711083,0.48877734,0.79353344,0.5002975,0.49994528,0.71728224,0.8897337,0.6652818,0.4358928,0.7575022,0.8680062,0.7297494,0.41869044,0.781536,0.72208,0.7737949,0.53280604,Stable
0.37987167,0.57102215,0.4887404,0.79359317,0.50037295,0.50002617,0.71721196,0.8897769,0.6654058,0.43582028,0.75770134,0.86802405,0.7298105,0.41867608,0.7818631,0.72224396,0.77401173,0.53280437,Stable
0.3810789,0.5690784,0.48556745,0.78759426,0.49971884,0.5009825,0.712989,0.8856083,0.67100227,0.43758368,0.7554883,0.8683717,0.7314648,0.41639298,0.78226054,0.71963537,0.77510226,0.5336194,Stable
0.3701365,0.5731603,0.4815163,0.77675384,0.49792045,0.495952,0.70829296,0.87990373,0.6620466,0.43689272,0.7560069,0.8733101,0.71959615,0.42072254,0.7768533,0.7214739,0.76794666,0.53614956,Stable
0.3703264,0.573055,0.47975367,0.78356826,0.49690717,0.496974,0.7040206,0.87052417,0.65697193,0.43805978,0.755046,0.8696133,0.7220563,0.4243939,0.77465075,0.7199454,0.7652509,0.53228015,Stable
0.3757211,0.56974924,0.4771989,0.78713983,0.49501824,0.4940227,0.70999783,0.88167226,0.66494626,0.43514118,0.75497484,0.87112516,0.72083986,0.422065,0.77307415,0.72453856,0.7633381,0.5347041,Stable
0.37571046,0.569765,0.47714362,0.78715795,0.4950292,0.4940208,0.71018577,0.8816066,0.66485834,0.43518648,0.754877,0.8710307,0.7211141,0.42176628,0.7729789,0.72433615,0.76595676,0.5349996,Stable
0.37082562,0.5709083,0.47358435,0.78588647,0.498971,0.49352562,0.7118243,0.8867788,0.68204993,0.42066115,0.7565179,0.83522075,0.71972394,0.41810012,0.77411383,0.7259569,0.76739186,0.5375123,Stable
0.36705446,0.57099783,0.47547683,0.7871374,0.49659282,0.4950121,0.7054578,0.87857246,0.6688368,0.42288205,0.76228905,0.86610764,0.7174542,0.4174485,0.772221,0.73419,0.76182914,0.5390222,Stable
0.37033865,0.566709,0.4766235,0.78910387,0.49649927,0.4888043,0.7170133,0.8855845,0.6711189,0.42467937,0.76043034,0.8667497,0.720299,0.40985987,0.78152394,0.73443645,0.772807,0.5319369,Stable
0.36957023,0.5623743,0.47692594,0.79074585,0.49384627,0.48656672,0.7161924,0.86888164,0.6689021,0.42261872,0.7541046,0.8638138,0.71825767,0.40897346,0.7788662,0.7315382,0.77008075,0.527812,Stable
0.36921126,0.56239766,0.4766879,0.7905862,0.4936913,0.48654747,0.716187,0.86897224,0.66884875,0.42237252,0.75366163,0.8635384,0.7186122,0.40908083,0.7784896,0.7313762,0.7669067,0.52741563,Stable
0.3594137,0.561573,0.4774887,0.7925896,0.4928162,0.4860347,0.7184489,0.8714792,0.66307294,0.42115778,0.7510621,0.86179006,0.71911013,0.4092682,0.7766948,0.7294837,0.7673265,0.51573396,Stable
0.35378563,0.57584256,0.48330152,0.7992551,0.49425694,0.48088527,0.7188827,0.88288224,0.68290067,0.41306132,0.75758266,0.85836166,0.7159592,0.40780318,0.77561134,0.73227423,0.7690886,0.5195558,Stable
0.35060653,0.581957,0.4730497,0.7918567,0.4915706,0.48482797,0.7051551,0.8779723,0.6747889,0.41611347,0.7546303,0.8558707,0.7184341,0.41166794,0.77390575,0.73073936,0.76655716,0.5212282,Stable
0.35633987,0.575825,0.4746364,0.7909547,0.48860916,0.48215503,0.7126352,0.87012017,0.669273,0.41585764,0.7505314,0.857124,0.7189281,0.4091723,0.7776526,0.73064005,0.77213097,0.5212419,Stable
0.35647914,0.57578135,0.47467846,0.7910018,0.48860106,0.48217767,0.712687,0.8700805,0.66937304,0.41588503,0.7504946,0.8571262,0.7189202,0.40916198,0.77772784,0.73069584,0.77222323,0.521318,Stable
0.349505,0.5714833,0.47700998,0.7897408,0.48666412,0.47924602,0.718789,0.8709237,0.6758672,0.41284308,0.7498972,0.84615135,0.7297718,0.397899,0.778718,0.7191112,0.7743077,0.51542294,Stable
0.35421777,0.56943524,0.48216516,0.78819394,0.4890266,0.478913,0.71383107,0.875381,0.6675665,0.416354,0.7468659,0.8473644,0.7183444,0.40432608,0.7739987,0.71965325,0.76975584,0.5173719,Stable
0.3622546,0.564765,0.48519593,0.78380907,0.49017248,0.4757532,0.72134614,0.87350714,0.6632447,0.41635793,0.7533698,0.8602822,0.7324712,0.40062702,0.7739583,0.72129864,0.7682266,0.518757,Stable
0.36461672,0.5624744,0.47916576,0.78195214,0.49061403,0.47763485,0.716561,0.87540793,0.6685533,0.41106218,0.7552353,0.81142396,0.7183994,0.40056634,0.7731366,0.7213645,0.7681091,0.5198282,Stable
0.36435032,0.56307346,0.47866583,0.78145695,0.4907078,0.47767752,0.7165458,0.87599635,0.6689656,0.41101867,0.75502175,0.81108,0.71852696,0.4001076,0.7734809,0.72110045,0.7683685,0.5196695,Stable
0.3569801,0.5631858,0.4739799,0.77475184,0.4924632,0.47518083,0.70747757,0.8744528,0.66741455,0.40827522,0.75181305,0.8384881,0.7232002,0.40293986,0.77101684,0.7211146,0.767512,0.52151525,Stable
0.36269817,0.55688155,0.47244164,0.7748107,0.4956449,0.47398776,0.7107669,0.8725344,0.677597,0.4069053,0.74916434,0.85361254,0.7358563,0.3955838,0.77443576,0.72160256,0.76900566,0.51709545,Stable
0.35899982,0.55821264,0.47267914,0.77339286,0.5010205,0.47016224,0.7121861,0.8742113,0.6767801,0.40177304,0.74945676,0.8535789,0.732408,0.39735466,0.77717894,0.7228495,0.7706635,0.51864576,Stable
0.37214386,0.5563179,0.47601867,0.76730764,0.4999653,0.46352398,0.71628755,0.8647429,0.6821665,0.40137967,0.7530476,0.836571,0.7301682,0.39591026,0.7677616,0.70397514,0.7603306,0.50372165,Stable
0.37223336,0.55589396,0.47611052,0.7672965,0.50006235,0.4635696,0.7165805,0.86478436,0.68242216,0.4012818,0.75305176,0.83659023,0.73018235,0.39587182,0.767732,0.7040507,0.7602682,0.5037178,Stable
0.3697852,0.5523778,0.47981355,0.7639033,0.49971497,0.4606549,0.7145893,0.8534612,0.68162787,0.39844054,0.75791633,0.80563855,0.72761166,0.39235243,0.771713,0.69965065,0.76853764,0.50258857,Stable
0.36869976,0.5489142,0.47834966,0.75762117,0.50601953,0.45658493,0.71517223,0.8579535,0.67652965,0.39264807,0.7617845,0.7750386,0.7318405,0.38075802,0.7717905,0.7047355,0.76721513,0.51420027,Stable
0.36341545,0.54814655,0.4759817,0.7464981,0.50387585,0.45229456,0.7127206,0.84558344,0.66812706,0.39503905,0.7626378,0.773141,0.71848536,0.3793623,0.7727876,0.69248265,0.76680243,0.5025183,Stable
0.37229657,0.537748,0.47638997,0.7448342,0.50566924,0.45697471,0.7096267,0.8463154,0.6824175,0.3887173,0.76205754,0.7739391,0.71839446,0.37421656,0.7749302,0.7063954,0.7684166,0.5164949,Stable
0.3727277,0.53789526,0.476286,0.7448785,0.5057304,0.45709428,0.709548,0.8464994,0.68240327,0.38875556,0.7621441,0.77389145,0.71843565,0.37416577,0.7749735,0.7062639,0.76846516,0.5165323,Stable
0.37357602,0.5337837,0.47580063,0.7366749,0.50630164,0.45028695,0.7125332,0.8427388,0.6707003,0.39060757,0.75823414,0.7595124,0.71315455,0.3728573,0.7673589,0.7000078,0.75943035,0.5007248,Stable
0.36786088,0.53240037,0.48176894,0.72939277,0.49959314,0.44952774,0.7011959,0.8188247,0.67191404,0.3916266,0.7558404,0.7933893,0.71634686,0.3690086,0.76865506,0.6664418,0.7617395,0.48095962,Stable
0.36519158,0.5331843,0.48006698,0.72932565,0.50104535,0.44580218,0.70470876,0.83170414,0.6731362,0.39097798,0.7610189,0.7521714,0.7134255,0.373087,0.77095544,0.6874067,0.7655775,0.49862453,Stable
0.36798447,0.52845895,0.47973034,0.7284986,0.49995932,0.44550705,0.692614,0.816071,0.67513055,0.39331552,0.75412774,0.7870192,0.71641684,0.37088725,0.7694975,0.67353165,0.7649448,0.48169887,Stable
0.36804935,0.5283784,0.47974345,0.728511,0.50005627,0.44571838,0.69285953,0.81565064,0.67518204,0.39325404,0.7543642,0.78654265,0.71642077,0.370813,0.7697561,0.67353714,0.7650528,0.48179102,Stable
0.36195183,0.5284015,0.48071307,0.72775126,0.5025686,0.44067332,0.69798505,0.8177657,0.6687914,0.38933763,0.7590849,0.77827215,0.7167705,0.3708712,0.7735212,0.6870302,0.7662132,0.48644838,Stable
0.3650087,0.5259023,0.4776374,0.72565764,0.50141054,0.43491253,0.7068585,0.8262364,0.67372787,0.38427955,0.7595439,0.7752031,0.7132211,0.36450583,0.77273625,0.6836881,0.76482356,0.47888643,Stable
0.36474165,0.5250077,0.48464042,0.72299474,0.5039747,0.43461692,0.7151332,0.8082256,0.68257445,0.37509352,0.7581551,0.7538447,0.7208685,0.3580116,0.77443016,0.66817534,0.7648768,0.47063002,Stable
0.3604457,0.52107865,0.48714203,0.71966094,0.5034783,0.4304092,0.7192955,0.8020419,0.67985314,0.3701281,0.75388145,0.75413936,0.7274164,0.3504864,0.7723733,0.6500399,0.7627487,0.45875806,Stable
0.36046633,0.52101296,0.487186,0.7197164,0.5033996,0.43037757,0.7197535,0.8014709,0.6797706,0.37002063,0.7533176,0.7532817,0.72747487,0.35064286,0.7724016,0.64976585,0.76267254,0.45851493,Stable
0.36262733,0.5203999,0.487761,0.7193825,0.5049409,0.42601287,0.72270095,0.80242985,0.6847811,0.35874268,0.7442913,0.7514075,0.72784615,0.35401833,0.77345085,0.6628605,0.76408076,0.46443626,Stable
0.36351556,0.517718,0.49168545,0.71807325,0.49733657,0.4266746,0.7231199,0.8041889,0.66859645,0.3682856,0.7550609,0.7483298,0.7228312,0.34706384,0.775157,0.6530223,0.76572835,0.46090114,Stable
0.3549254,0.5174438,0.49200183,0.7145645,0.49867672,0.42499813,0.7219267,0.7912216,0.67135787,0.36366948,0.746878,0.74809474,0.72816217,0.3362714,0.7721813,0.65630126,0.7596921,0.45927638,Stable
0.35601124,0.5143505,0.49284393,0.7106236,0.49870932,0.42353016,0.73950195,0.80446047,0.68429124,0.35283968,0.75972575,0.7480763,0.7259985,0.32631737,0.77841014,0.65422547,0.7712158,0.45815855,Stable
0.3560235,0.51443756,0.492862,0.7106783,0.49872836,0.4234838,0.73958915,0.80443734,0.68443763,0.35285783,0.75978845,0.7482175,0.7261247,0.3263251,0.77846897,0.654325,0.77119005,0.45820105,Stable
0.35718495,0.5175571,0.49362904,0.7052343,0.49561363,0.41764292,0.72000545,0.7871705,0.67611283,0.35678422,0.7567653,0.75277793,0.726015,0.3332758,0.7705278,0.6527781,0.7645235,0.45614287,Stable
0.3585912,0.51641715,0.492742,0.70286727,0.49626756,0.41642293,0.7158481,0.78500557,0.68770546,0.34648204,0.7542679,0.74493027,0.72858965,0.32335505,0.7735206,0.64229286,0.76509905,0.4425312,Stable
0.35845217,0.5141078,0.4946059,0.7006497,0.49958882,0.41062126,0.71290064,0.78219974,0.68791604,0.34180778,0.75179815,0.73317504,0.72696817,0.325254,0.7696504,0.6414765,0.75847185,0.4381971,Stable
0.35979432,0.50968343,0.49251068,0.70408607,0.49701366,0.40983567,0.7120007,0.77899444,0.68344635,0.34638596,0.74647164,0.74182963,0.7339704,0.32183462,0.7664003,0.643323,0.756391,0.4371181,Stable
0.35980183,0.50963515,0.49266648,0.7041193,0.4971412,0.40984592,0.71206224,0.77917624,0.6835127,0.34626207,0.74660224,0.74178946,0.73395896,0.32184112,0.766274,0.6433335,0.75628674,0.4370522,Stable
0.36140534,0.50607234,0.4936255,0.69807327,0.5015988,0.40868872,0.7392223,0.7914006,0.6775927,0.3380898,0.7489082,0.70923984,0.7321813,0.31588835,0.7698838,0.6390683,0.7607107,0.43603787,Stable
0.36685985,0.49947488,0.4900956,0.69704914,0.50093067,0.4079617,0.7233405,0.76732635,0.67111254,0.33450815,0.75360405,0.69034815,0.73130953,0.31536484,0.76973337,0.63913333,0.75972784,0.4323805,Stable
0.36276603,0.49785647,0.4844025,0.6907222,0.49976844,0.40959668,0.7177612,0.768173,0.6818695,0.33334428,0.74269265,0.6654403,0.7305502,0.30758807,0.768191,0.6287825,0.7590284,0.43411133,Stable
0.365566,0.49674225,0.48976,0.69132656,0.5004788,0.40714118,0.7271055,0.7748093,0.6780499,0.3324715,0.7517694,0.69011617,0.73502517,0.30244645,0.76993555,0.64090073,0.76019764,0.43702763,Stable
0.365605,0.4967578,0.48973763,0.6912774,0.50048375,0.40718457,0.73554254,0.7816069,0.67795575,0.33244464,0.75181663,0.6901645,0.73503536,0.3023977,0.76994675,0.6407047,0.7601619,0.43695182,Stable
0.37040004,0.49659836,0.4888067,0.68703353,0.5018848,0.39861757,0.7283792,0.7696042,0.6823648,0.32819656,0.7412995,0.712193,0.7304261,0.30431658,0.7645869,0.6248834,0.7572669,0.43062013,Stable
0.37509832,0.4919387,0.487104,0.6880996,0.5016327,0.3994479,0.72692984,0.7686836,0.68759024,0.33673298,0.7406115,0.69220346,0.73550224,0.31244385,0.7706431,0.6294316,0.7619438,0.4357731,Stable
0.36964577,0.49292216,0.4858588,0.68222827,0.500362,0.39960778,0.7327136,0.7643218,0.6893554,0.3258611,0.7531178,0.69553006,0.74080956,0.2987592,0.7710556,0.6224064,0.7640299,0.4335572,Stable
0.37063766,0.49072775,0.4906721,0.6861464,0.49922097,0.39405558,0.723439,0.7647142,0.68300194,0.3217699,0.7480497,0.6925254,0.73261464,0.29725444,0.76868427,0.61662716,0.76101655,0.42808783,Stable
0.3706205,0.4907597,0.4908267,0.6860671,0.49900112,0.39414307,0.7237603,0.7645809,0.6828921,0.32171625,0.74783534,0.6922755,0.73272324,0.29716584,0.76912683,0.61610764,0.76138127,0.4278611,Stable
0.3697762,0.4886462,0.489155,0.6840908,0.4999954,0.39826426,0.7201793,0.7572906,0.6861912,0.32565588,0.7516183,0.6847992,0.7228596,0.29970843,0.7706233,0.6185274,0.76229066,0.42974478,Stable
0.3755675,0.48707446,0.488297,0.6805915,0.4972987,0.3949777,0.71136284,0.76057446,0.67657363,0.335006,0.7482285,0.6915293,0.7276218,0.31066057,0.7741088,0.62015474,0.7667297,0.42935967,Stable
0.37616736,0.48671693,0.48725015,0.67701256,0.49986547,0.3986103,0.7242655,0.76292384,0.68457365,0.32308936,0.7600188,0.6918065,0.7332565,0.3087589,0.76817673,0.6131364,0.7593247,0.41824314,Stable
0.37518713,0.48666734,0.48562157,0.6689443,0.5044698,0.39737353,0.71979547,0.7478144,0.6785009,0.30996877,0.75338477,0.71106356,0.7307166,0.29223263,0.77254266,0.6159798,0.76328135,0.41987985,Stable
0.37533408,0.48653817,0.48572943,0.6690545,0.50455916,0.3974164,0.72018737,0.74788564,0.67857087,0.31004125,0.75342286,0.7110004,0.7307401,0.29222807,0.77264285,0.6160072,0.7633814,0.41992316,Stable
0.37770772,0.48586053,0.48470122,0.67003644,0.50154114,0.39393184,0.7311373,0.75470465,0.67710966,0.31235114,0.7503935,0.71474814,0.72876775,0.29256272,0.7738805,0.6009915,0.7638914,0.41659674,Stable
0.37628758,0.48681065,0.48462602,0.6713864,0.5068319,0.3999114,0.7157552,0.74990106,0.6841633,0.32098418,0.7535807,0.727481,0.73618406,0.29005775,0.77363294,0.6203642,0.76631486,0.4284227,Stable
0.3760969,0.4861753,0.48763287,0.67161816,0.50615096,0.39884457,0.72971237,0.7552382,0.68391484,0.32261705,0.75968236,0.6920578,0.734461,0.29277384,0.7755635,0.6057756,0.76272833,0.41822347,Stable
0.37155613,0.4857138,0.48505968,0.6627753,0.501089,0.39175338,0.7222647,0.743224,0.6845548,0.31793773,0.7567007,0.69379205,0.7305149,0.2896121,0.76998466,0.59774595,0.7591076,0.41149193,Stable
0.3717484,0.48596072,0.48517737,0.66286945,0.5011493,0.3918023,0.721858,0.74309486,0.6846456,0.31813538,0.7570319,0.6937873,0.73061204,0.28960752,0.7702198,0.5978839,0.7593074,0.41165516,Stable
0.3695713,0.48465258,0.4813677,0.66240823,0.49588084,0.38589555,0.7222087,0.74405575,0.67788553,0.30306357,0.7453336,0.71659374,0.71590877,0.29422677,0.76957744,0.6130116,0.7608882,0.4143563,Stable
0.37258762,0.481891,0.48193455,0.661429,0.5009488,0.38784155,0.71278805,0.7460741,0.69281507,0.30520332,0.7512328,0.72362053,0.7191663,0.2905289,0.7685203,0.6187526,0.76338935,0.4267559,Stable
0.3714649,0.48038572,0.48496968,0.6591718,0.5017285,0.38133144,0.7118129,0.7441179,0.6881029,0.31022567,0.7525126,0.7259316,0.7299763,0.28928667,0.7725462,0.6167391,0.76781815,0.42349523,Stable
0.37393314,0.4823892,0.48603305,0.6582526,0.49767357,0.39329356,0.71456563,0.74129534,0.67705435,0.31391266,0.75644565,0.73081917,0.73630214,0.28444213,0.77886486,0.60621274,0.76918256,0.41905302,Stable
0.37371427,0.48240718,0.48616,0.6581819,0.49763665,0.39324567,0.7151219,0.7413394,0.6772747,0.31409806,0.7562605,0.731419,0.7365807,0.28444576,0.77888787,0.60631734,0.7693247,0.4189806,Stable
0.37537438,0.4830382,0.48510796,0.6632954,0.49921346,0.39203364,0.721002,0.74160063,0.6776373,0.3127085,0.7537698,0.72168815,0.7298767,0.28850335,0.77524114,0.6073108,0.76558113,0.41702485,Stable
0.37420115,0.48458192,0.48242816,0.65917075,0.5016422,0.39142188,0.7105582,0.74124163,0.68863213,0.31530416,0.7509711,0.7189934,0.7277266,0.29557133,0.77176785,0.6206557,0.76615894,0.420127,Stable
0.37396297,0.4829528,0.48254943,0.6566646,0.4964199,0.3925833,0.70962,0.7440199,0.68071145,0.3194126,0.75806874,0.70443237,0.7290722,0.2977698,0.77056354,0.61638004,0.7647531,0.41851315,Stable
0.37397358,0.48296618,0.4823895,0.6566636,0.49641794,0.3925622,0.70936525,0.74384135,0.68074644,0.3195107,0.75801724,0.7046585,0.7290735,0.29768285,0.770662,0.6165099,0.7648988,0.41869485,Stable
0.37333664,0.4857793,0.4793485,0.6601051,0.4975972,0.39484084,0.71752656,0.7422459,0.6753237,0.32875982,0.75451374,0.7034291,0.73374665,0.2964382,0.77192175,0.61847603,0.7649015,0.42849085,Stable
0.37142718,0.49002784,0.48219347,0.66499764,0.49558723,0.39266807,0.7147056,0.7422775,0.6698456,0.32856867,0.7490968,0.72131646,0.7366499,0.29698706,0.77154136,0.62110585,0.7612486,0.42054212,Stable
0.36986864,0.49060035,0.48150843,0.6658487,0.49819717,0.39506882,0.7222795,0.74267423,0.68303883,0.32113785,0.75000566,0.7080958,0.7405509,0.2911204,0.7729932,0.62060213,0.76630175,0.42635638,Stable
0.37153065,0.4920381,0.48212963,0.66484666,0.49666876,0.39393473,0.71211815,0.74198496,0.6747033,0.3085001,0.7487644,0.7226629,0.74353564,0.28678018,0.7728634,0.62381035,0.76623815,0.42626882,Stable
0.3714691,0.49204797,0.4820833,0.664803,0.4966548,0.39389038,0.71200407,0.7419504,0.67450494,0.3083851,0.74876446,0.7226752,0.74311227,0.2865237,0.7729282,0.6236972,0.7663641,0.42617306,Stable
0.37037775,0.49121422,0.4850162,0.6657313,0.49630183,0.3935868,0.7172375,0.742836,0.68554914,0.3174353,0.7518016,0.7211795,0.7433554,0.28052315,0.7730161,0.621085,0.76643085,0.4258086,Stable
0.37274146,0.49092972,0.48739278,0.6694772,0.49871254,0.3957371,0.71954906,0.74344194,0.6711918,0.32490313,0.7601025,0.70049417,0.73204774,0.28759947,0.77515876,0.6219936,0.76494783,0.42887855,Stable
0.3699832,0.4915154,0.48826283,0.66993046,0.49534,0.3943729,0.72108644,0.7506393,0.6786003,0.32331622,0.74834555,0.71597546,0.74141496,0.28862447,0.77163744,0.62129784,0.7645395,0.42661723,Stable
0.36680585,0.49322367,0.48819312,0.6727189,0.4916588,0.3907685,0.7226316,0.7504587,0.6863109,0.3224694,0.74825233,0.70556587,0.73219174,0.2931201,0.7691425,0.61289024,0.75931966,0.41592178,Stable
0.366868,0.49298024,0.48804924,0.6728069,0.49167845,0.3907261,0.72249424,0.75071,0.6864278,0.32221287,0.7482389,0.70591974,0.7320942,0.2930639,0.7688746,0.6130105,0.7592021,0.41597503,Stable
0.37443018,0.4950236,0.48799774,0.66789216,0.49541292,0.39623296,0.7148983,0.7591609,0.6824321,0.3278066,0.75189346,0.7185406,0.7376877,0.29214695,0.7718917,0.6236476,0.76488304,0.42955363,Stable
0.37155795,0.4961738,0.4938217,0.67997444,0.49331486,0.40541476,0.72342825,0.76557344,0.6824523,0.3287436,0.74837875,0.70014143,0.74040097,0.30565402,0.7731792,0.6228696,0.76243377,0.43032086,Stable
0.37152705,0.4960793,0.48902905,0.67393327,0.49229938,0.3983819,0.7208854,0.7571657,0.68215287,0.3326653,0.75287557,0.7163372,0.7378997,0.30855906,0.77559274,0.6244402,0.7634401,0.42398307,Stable
0.37351698,0.49550325,0.4915651,0.6750621,0.49500436,0.4032466,0.72500706,0.75999135,0.67649835,0.32405552,0.7474693,0.71144366,0.71539444,0.30194527,0.77711576,0.61039364,0.76314485,0.42152178,Stable
0.3743139,0.49527058,0.491832,0.67537403,0.49515247,0.40383637,0.7255544,0.75980633,0.6765911,0.3244073,0.74746174,0.7112911,0.7154555,0.30160686,0.77720547,0.6102837,0.76289487,0.4215461,Stable
0.37330124,0.50249285,0.49046642,0.67344415,0.49375927,0.4061949,0.7377813,0.7668068,0.6753788,0.32476163,0.7527618,0.67845464,0.73425454,0.30986837,0.77608716,0.6216751,0.7650329,0.43012,Stable
0.37406516,0.5028924,0.49312586,0.6822429,0.49849486,0.40392968,0.7393698,0.7720591,0.6831686,0.3300979,0.7519103,0.66887176,0.74113035,0.30918887,0.77777165,0.63006675,0.7694305,0.43722194,Stable
0.37020564,0.50641716,0.4931153,0.68381333,0.5018519,0.40285861,0.7308979,0.7696035,0.6884071,0.3307014,0.7511427,0.690601,0.73981786,0.3120823,0.77866936,0.6295474,0.76956934,0.43944412,Stable
0.36991942,0.50353885,0.49291596,0.6877796,0.49862725,0.4013935,0.73764604,0.77537674,0.68508184,0.3317218,0.7502913,0.68836975,0.73662925,0.3131953,0.77704227,0.6277094,0.76683795,0.4326186,Stable
0.36990166,0.50356996,0.49288517,0.68777627,0.49867296,0.40127325,0.73763674,0.77541184,0.685409,0.331662,0.7502222,0.6884586,0.7366757,0.3134125,0.776976,0.6278843,0.76678324,0.43259203,Stable
0.36912295,0.5032753,0.4900709,0.6875689,0.4985417,0.40073058,0.7292696,0.7687434,0.6852826,0.3257162,0.7601148,0.6927399,0.7316556,0.3078352,0.7785872,0.6299951,0.767903,0.43343252,Stable
0.3668279,0.5035605,0.4897039,0.68668836,0.49869964,0.39910233,0.7312771,0.7694387,0.67545813,0.33348465,0.74872077,0.683552,0.736158,0.31356874,0.78150225,0.63125056,0.7732741,0.43704957,Stable
0.36673623,0.5029595,0.4905493,0.68405646,0.49521297,0.39785254,0.73063767,0.77067107,0.6743833,0.3318251,0.7577785,0.6898865,0.73279,0.29354548,0.78153646,0.63145506,0.77470744,0.4352057,Stable
0.36617482,0.5013546,0.4925235,0.68284744,0.5005349,0.39361748,0.7392696,0.77898264,0.6950168,0.3270133,0.7600378,0.69213986,0.72722495,0.29909968,0.7826246,0.6306804,0.777662,0.43512595,Stable
0.36604533,0.5012314,0.4924898,0.6827307,0.5004842,0.39346218,0.7391068,0.7790142,0.69531476,0.3266821,0.76001614,0.692521,0.7268081,0.2994456,0.7824714,0.630621,0.7774427,0.4349738,Stable
0.3680017,0.50208914,0.49099374,0.68493307,0.50612426,0.3906977,0.7352068,0.7706883,0.7067222,0.3201321,0.75037336,0.6972515,0.7200062,0.30495763,0.7796029,0.63547236,0.7770618,0.43370068,Stable
0.3679132,0.50178725,0.49188548,0.6866436,0.50641596,0.3922236,0.7405517,0.779596,0.7285416,0.30402452,0.7492847,0.6987711,0.7314186,0.30052072,0.7784621,0.63663054,0.7747283,0.43516418,Stable
0.36751804,0.50305057,0.48498473,0.6853312,0.5060301,0.39108774,0.7401686,0.7771462,0.72677946,0.29745412,0.75134873,0.6984579,0.73642343,0.2931592,0.7753379,0.62111604,0.7693342,0.42900297,Stable
0.36722112,0.50422245,0.48636255,0.68494385,0.50411975,0.39190623,0.73213255,0.7681066,0.7102989,0.3131871,0.7493547,0.69735444,0.7386054,0.30965787,0.77170676,0.61935055,0.7640085,0.42851004,Stable
0.36733434,0.50418043,0.48633727,0.6848489,0.5041893,0.39197075,0.7322931,0.7679326,0.7105199,0.31301296,0.7495078,0.6970827,0.7386693,0.30971536,0.7717601,0.61935246,0.76408356,0.428564,Stable
0.36321133,0.5054766,0.48996514,0.6828694,0.5042444,0.39292157,0.729294,0.76872224,0.7124959,0.31907272,0.75033903,0.6983441,0.7353055,0.31224835,0.7773527,0.63307697,0.76940984,0.43546924,Stable
0.36700535,0.5069975,0.49061918,0.68443704,0.5021994,0.39243075,0.73816526,0.7708584,0.71022004,0.31477743,0.7499167,0.6998533,0.73373693,0.3013159,0.77972245,0.6335371,0.7743616,0.43805087,Stable
0.364991,0.50711715,0.49079406,0.6853063,0.5002041,0.39160737,0.73960704,0.7667438,0.7030313,0.31824166,0.7494403,0.6985383,0.72820944,0.2945408,0.7776067,0.62389445,0.76878715,0.42322466,Stable
0.36289197,0.507501,0.4846675,0.683699,0.49893996,0.3908409,0.7404189,0.76660764,0.695583,0.3151426,0.75456446,0.71488094,0.74396074,0.29255277,0.7790544,0.622166,0.7714392,0.4221822,Stable
0.36282238,0.507486,0.48460513,0.6836254,0.49891102,0.39087924,0.7404611,0.7666172,0.69575065,0.3150156,0.75464076,0.71466917,0.7440257,0.29241508,0.7790684,0.6218617,0.7714412,0.42192647,Stable
0.36339924,0.5077802,0.49249208,0.68507564,0.50128716,0.39059135,0.7320141,0.76712143,0.7010349,0.3104279,0.75306726,0.6988158,0.741711,0.2957574,0.77573127,0.6120951,0.7658392,0.42054957,Stable
0.3634318,0.5087384,0.49374342,0.68431354,0.5045111,0.39103016,0.74214566,0.76567906,0.7077412,0.3213553,0.7539231,0.7016513,0.73887277,0.3120435,0.7832191,0.63149023,0.7769991,0.4348875,Stable
0.36157274,0.50840074,0.4924038,0.6806606,0.5014335,0.38218853,0.73967695,0.7617056,0.69258136,0.3132133,0.74951196,0.7084738,0.7327324,0.28802216,0.7817285,0.6285138,0.7784208,0.42953134,Stable
0.3613788,0.50925624,0.48514253,0.6708934,0.49538085,0.38415223,0.722994,0.7538871,0.6734818,0.3134523,0.7545604,0.71855706,0.73556864,0.27256605,0.78051066,0.62056583,0.77660936,0.41549444,Stable
0.36139882,0.5092603,0.48521954,0.6709458,0.49536943,0.3842151,0.72288126,0.7538659,0.6732148,0.31351542,0.7546598,0.7186548,0.7357087,0.27254418,0.7805083,0.62048644,0.7765786,0.41540688,Stable
0.36140716,0.5075715,0.48625547,0.6729553,0.49906278,0.3757357,0.72355366,0.7606555,0.67851067,0.31238765,0.7535083,0.71836805,0.73881495,0.27411053,0.7788183,0.62505364,0.7752943,0.4249965,Stable
0.36349547,0.50950146,0.4908577,0.6758635,0.5014402,0.37459314,0.7379269,0.76232815,0.6892935,0.30732337,0.7487427,0.71718955,0.73048586,0.28749236,0.77840614,0.62799,0.7730428,0.42730135,Stable
0.3656814,0.5110632,0.49110946,0.673686,0.49404976,0.37938735,0.7359892,0.75956094,0.67167157,0.31108773,0.7483834,0.70818627,0.7343403,0.27931973,0.77568984,0.6223432,0.77085084,0.41484845,Stable
0.367197,0.50922847,0.48674354,0.6665614,0.48983845,0.38276955,0.723523,0.744017,0.66589224,0.31473592,0.75021136,0.7046392,0.7214088,0.28273237,0.77801037,0.6084974,0.7707403,0.40989727,Stable
0.3672964,0.50919545,0.48668274,0.6666201,0.48985514,0.38274044,0.72351974,0.74380267,0.66625,0.3145026,0.7502398,0.7046358,0.7214868,0.2827887,0.7790468,0.5998122,0.77046597,0.409744,Stable
0.3665917,0.5107199,0.4884686,0.66656303,0.48984998,0.37961644,0.7245537,0.75449526,0.6731021,0.306841,0.745701,0.70504373,0.71273077,0.28296873,0.7769457,0.6214179,0.77132964,0.41568422,Stable
0.3692158,0.5085025,0.4906575,0.66537744,0.492105,0.38074893,0.7198068,0.74403834,0.6735681,0.30066532,0.74952304,0.7003009,0.7117035,0.28413275,0.7737085,0.61733365,0.7673349,0.41394266,Stable
0.36857447,0.50648844,0.4878357,0.66462356,0.49187145,0.37787294,0.7222866,0.7488587,0.67032015,0.30074787,0.74448866,0.7017512,0.7120093,0.27969033,0.77625656,0.62172145,0.7710547,0.41144332,Stable
0.36319038,0.50338066,0.49245724,0.6578827,0.487971,0.37456545,0.7197959,0.74110097,0.67702734,0.2989855,0.7495171,0.7111861,0.7093541,0.28307894,0.77369153,0.60690963,0.7682704,0.40548223,Stable
0.36333007,0.5033168,0.49252975,0.6577506,0.48793635,0.3745255,0.7204219,0.7412827,0.67699265,0.299116,0.7496183,0.70968115,0.7094199,0.28305,0.77371335,0.6065051,0.76818144,0.40531775,Stable
0.3683017,0.49663323,0.4953978,0.6570752,0.48994538,0.37336886,0.72545755,0.7361454,0.6708379,0.29617852,0.75392216,0.70794505,0.725835,0.26857793,0.7762387,0.59476984,0.766871,0.3961792,Stable
0.36973628,0.48844752,0.4898138,0.6508751,0.4913838,0.36864588,0.7200911,0.7290591,0.6671511,0.29075333,0.7500516,0.7031764,0.7140794,0.27303892,0.76991385,0.5887595,0.7621105,0.3906253,Stable
0.36455148,0.48774692,0.49076593,0.6445286,0.4886757,0.36700517,0.7116894,0.7189517,0.6649237,0.2911722,0.7550529,0.7063713,0.51712525,0.28910792,0.7723094,0.58906764,0.76316404,0.38959584,Stable
0.36746854,0.48713017,0.48988843,0.6383071,0.49268216,0.36002466,0.71865094,0.72037977,0.67087215,0.28851402,0.7614839,0.69794524,0.71619624,0.27462313,0.7770581,0.576656,0.7655696,0.38538373,Stable
0.36745963,0.4869932,0.48986256,0.6382637,0.49258065,0.3600677,0.71864694,0.72060597,0.6702993,0.2884066,0.76150316,0.69781417,0.7157663,0.27479553,0.77697486,0.5765649,0.76547617,0.3853347,Stable
0.3699301,0.4837736,0.49189267,0.6382943,0.49685115,0.35472345,0.723509,0.7230042,0.6721437,0.28491002,0.7552309,0.6888412,0.7368104,0.26324975,0.78201056,0.5797102,0.7721877,0.38674194,Stable
0.3697172,0.48677778,0.49418694,0.6358006,0.49618766,0.35387737,0.72026074,0.71309114,0.677542,0.2819047,0.7554526,0.68516374,0.73551667,0.26941133,0.77956367,0.5865096,0.77256453,0.38633808,Stable
0.36895394,0.4871239,0.49269533,0.63725483,0.49681446,0.35023117,0.7064638,0.7065705,0.67353606,0.28898215,0.7575841,0.70212215,0.72860974,0.2687648,0.7725606,0.59473777,0.76760304,0.38895816,Stable
0.36827013,0.48712713,0.48860285,0.6316985,0.49404263,0.35317844,0.70557344,0.70643914,0.6726708,0.29128504,0.75989985,0.69917977,0.73155236,0.2669074,0.77916753,0.5895784,0.77400756,0.38772422,Stable
0.3682694,0.48712903,0.4884041,0.6314133,0.49385375,0.3530812,0.7051479,0.70641553,0.67467713,0.287889,0.7597275,0.69963706,0.73153156,0.26690167,0.7790489,0.58955944,0.77401626,0.38760322,Stable
0.36878213,0.48815104,0.49218082,0.6342576,0.49443418,0.3540978,0.70624584,0.70756,0.6772301,0.28410682,0.7581459,0.70049685,0.73702455,0.26032865,0.77427757,0.5802846,0.765514,0.38582548,Stable
0.37132192,0.49081016,0.49220523,0.63748014,0.4941636,0.35720384,0.71773523,0.7175617,0.6735618,0.28223634,0.75466365,0.68450755,0.725532,0.27040964,0.7742082,0.5888477,0.7656733,0.39028823,Stable
0.3712966,0.49437854,0.49333236,0.640309,0.50447035,0.35781834,0.72439444,0.7202083,0.68208665,0.29016715,0.7606339,0.70171237,0.7243449,0.2672816,0.7797937,0.59601223,0.7726319,0.39443073,Stable
0.37320587,0.50359154,0.4922436,0.64471495,0.4992188,0.35561046,0.72011566,0.7154701,0.6781451,0.2838393,0.75264,0.69208074,0.71264493,0.2660898,0.77344143,0.5948469,0.7658176,0.38982937,Stable
0.3732253,0.5035783,0.4923275,0.6447239,0.49931225,0.3554568,0.72035813,0.7154201,0.6783043,0.28378367,0.75245714,0.6918769,0.7122619,0.26603013,0.77364874,0.59475404,0.76596874,0.3897258,Stable
0.37273416,0.5082332,0.4910915,0.64415836,0.4913697,0.3588502,0.717214,0.71208394,0.6704056,0.28162104,0.7536947,0.68678296,0.7138335,0.2637699,0.773762,0.5834857,0.7613196,0.38666826,Stable
0.37441254,0.50754523,0.49141854,0.64312387,0.49362063,0.35942817,0.72113776,0.71215963,0.6692475,0.28151983,0.7516665,0.6857374,0.7097904,0.2623518,0.77974814,0.5916673,0.7734563,0.38694915,Stable
0.37483513,0.50980234,0.49485824,0.6413536,0.49472106,0.35238755,0.72468054,0.71455735,0.6704358,0.2883781,0.7548169,0.69763863,0.7149683,0.25460243,0.7795359,0.5938268,0.7719795,0.3905825,Stable
0.37395996,0.5103946,0.49357486,0.6389489,0.49285161,0.3547983,0.71929646,0.717131,0.6612125,0.28047165,0.75731987,0.69156885,0.7152974,0.26519912,0.78240436,0.59433085,0.77642405,0.3884576,Stable
0.3739097,0.5103601,0.49362513,0.6389399,0.4927611,0.35486847,0.71941686,0.71721315,0.6608405,0.28047395,0.75728416,0.69157267,0.71774185,0.25549954,0.7823504,0.59430283,0.7762934,0.38832948,Stable
0.3733316,0.5105387,0.48972258,0.6385316,0.49272236,0.35345227,0.7179694,0.71280617,0.67065823,0.27494323,0.75792503,0.70386714,0.7208394,0.2665855,0.77784646,0.58466727,0.76834345,0.38644236,Stable
0.37061435,0.5049926,0.4878543,0.6322188,0.49609178,0.35290974,0.7163407,0.7097046,0.6762253,0.26852116,0.7626833,0.71239585,0.5246755,0.28473967,0.77829254,0.58060944,0.7683314,0.38358232,Stable
0.37112778,0.5036825,0.4923632,0.63335913,0.49656758,0.35623333,0.71825737,0.7181916,0.67108077,0.27665842,0.76282644,0.7044661,0.7219297,0.2587789,0.7838797,0.58553076,0.77725315,0.38838872,Stable
0.37052748,0.4936013,0.4869368,0.6317117,0.4944651,0.34881377,0.71940637,0.71543527,0.66646314,0.27778044,0.7578324,0.70009923,0.71956486,0.2619986,0.7838747,0.5798447,0.7756948,0.37740025,Stable
0.37108475,0.49369153,0.48694253,0.63173705,0.49460024,0.34887755,0.71926796,0.7154833,0.66651976,0.27769706,0.75797355,0.7003099,0.71953297,0.2620016,0.7839736,0.5798421,0.7758422,0.37739727,Stable
0.37061185,0.5061826,0.4894261,0.63720715,0.49305162,0.35043818,0.72103065,0.71590394,0.677734,0.27301913,0.75540847,0.70054984,0.5207173,0.290554,0.7789273,0.5711471,0.76710933,0.3732551,Stable
0.3746285,0.5076261,0.48889297,0.63879055,0.49464747,0.35268435,0.7204837,0.719385,0.68317026,0.27550405,0.76054776,0.70239604,0.7221328,0.2651137,0.78106374,0.57927537,0.7735021,0.38722634,Stable
0.37461683,0.5116837,0.48437163,0.6398265,0.49822044,0.35775766,0.7190794,0.73354954,0.6797476,0.2784801,0.75595045,0.7117293,0.72348225,0.26688093,0.77818155,0.5968479,0.7722528,0.39417192,Stable
0.3739997,0.51817906,0.48358473,0.643583,0.49850994,0.36059654,0.71044683,0.73373115,0.693164,0.27416962,0.7536502,0.7185184,0.71568984,0.27113956,0.78178954,0.6025373,0.7774581,0.40631908,Stable
0.37404752,0.51813424,0.48351252,0.6435303,0.4987496,0.3606577,0.7103874,0.7337096,0.6934513,0.27393183,0.7534907,0.7183808,0.715726,0.2711842,0.78188205,0.60296714,0.77743816,0.40645,Stable
0.37716174,0.52925223,0.4924187,0.64848757,0.4924845,0.35721716,0.7208106,0.7451534,0.68979895,0.2766602,0.75101894,0.70772624,0.717981,0.27088976,0.7849037,0.60091394,0.77850026,0.39821392,Stable
0.3741307,0.52581036,0.49464196,0.6607659,0.4981669,0.36281976,0.7185911,0.7479613,0.6955005,0.2792427,0.75290436,0.71881783,0.71420026,0.27208796,0.778341,0.61824685,0.77536523,0.4092947,Stable
0.37667227,0.5376943,0.49687073,0.6663228,0.503889,0.36193272,0.7255063,0.7583833,0.71972096,0.27503556,0.7570676,0.69646806,0.7248444,0.27509648,0.78308505,0.6238137,0.78031933,0.41527057,Stable
0.37908491,0.54192495,0.49577475,0.66686404,0.49594027,0.36850405,0.7232342,0.76215065,0.70154136,0.28366235,0.7575108,0.6938852,0.72899187,0.28075558,0.7846317,0.62575746,0.78023577,0.41419172,Stable
0.3791322,0.5420093,0.4955221,0.66669726,0.49576616,0.36860618,0.7229437,0.76192856,0.70125663,0.283855,0.75708485,0.6941539,0.7291221,0.2810654,0.7842645,0.6256188,0.7798311,0.41425642,Stable
0.38774866,0.5548683,0.49315834,0.6694755,0.5003444,0.36677158,0.7228867,0.75838256,0.71071863,0.27998692,0.7496683,0.7091856,0.7349744,0.276044,0.787079,0.62819797,0.783342,0.41529664,Stable
0.3804084,0.5556298,0.49384353,0.6697298,0.49971843,0.37241727,0.7261791,0.7598435,0.6840639,0.29528093,0.75824285,0.7099699,0.71861404,0.286176,0.7807703,0.6266535,0.7736198,0.42027768,Stable
0.38452715,0.55976593,0.4922163,0.6736007,0.5066549,0.36911267,0.72402287,0.76167667,0.71307254,0.28828254,0.7538704,0.70889187,0.71910346,0.29053262,0.78052783,0.6289333,0.77929866,0.42161757,Stable
0.38616014,0.5659558,0.4962427,0.6792199,0.5063654,0.3730877,0.73089427,0.76415175,0.71421075,0.29361272,0.7529212,0.70383304,0.72024477,0.29361314,0.78244466,0.6305424,0.77810353,0.42446232,Stable
0.38631696,0.5661098,0.49610382,0.67910767,0.50637984,0.37308204,0.7308568,0.7641252,0.7148179,0.2934827,0.7528894,0.70398307,0.7203975,0.29389662,0.782505,0.6305339,0.778165,0.42451486,Stable
0.38720804,0.5712556,0.49915668,0.67860216,0.5059742,0.37944445,0.7280412,0.7634667,0.68905705,0.30257264,0.7568505,0.69453704,0.7344262,0.29247704,0.78821135,0.62773323,0.784435,0.42415473,Stable
0.38599896,0.57109296,0.5037515,0.6826038,0.5120748,0.37481737,0.7316451,0.76727974,0.72282124,0.28635627,0.7594654,0.7000994,0.7447109,0.29454416,0.79574835,0.63451356,0.79328954,0.42550656,Stable
0.3818842,0.5687669,0.50333226,0.6829175,0.510571,0.37715638,0.7282354,0.76519156,0.7225362,0.29131323,0.752776,0.71909827,0.7255902,0.30086258,0.7910259,0.6455308,0.78895175,0.43321615,Stable
0.38636202,0.5727855,0.50251096,0.68580914,0.50999355,0.38039812,0.72893256,0.7654618,0.7268471,0.2917064,0.7524855,0.72007096,0.72779036,0.29697764,0.79034966,0.644424,0.78701997,0.43391925,Stable
0.38935646,0.5738456,0.5040147,0.68597424,0.50886214,0.3797629,0.72676194,0.766251,0.7190099,0.2898625,0.75273985,0.7196566,0.73361754,0.30137378,0.79034823,0.644099,0.7875761,0.43284914,Stable
0.3892926,0.5753737,0.5012957,0.68621874,0.50659883,0.38157374,0.7243909,0.7640895,0.7145778,0.29148567,0.7519495,0.72443604,0.73239917,0.29519904,0.7837026,0.64248675,0.7821056,0.4326758,Stable
0.38627642,0.5761238,0.49863988,0.6869699,0.50924164,0.3820899,0.71482015,0.76217103,0.72278565,0.29207546,0.75475466,0.7284762,0.72612655,0.30105445,0.7825477,0.6444587,0.780586,0.43569037,Stable
0.38481343,0.57827425,0.49764502,0.6851894,0.5034002,0.38439244,0.7220003,0.7658846,0.7218747,0.28946435,0.7570013,0.7205379,0.73110783,0.30107412,0.7833502,0.6449616,0.78159994,0.43525332,Stable
0.38607794,0.5765722,0.5026325,0.6885123,0.50610423,0.37891036,0.72897875,0.7677132,0.72516,0.29007983,0.7578087,0.7081913,0.7269901,0.30219212,0.782457,0.64294946,0.7802415,0.43521237,Stable
0.3859417,0.5764279,0.5026762,0.6884333,0.5060855,0.37903053,0.728743,0.76776695,0.72424686,0.28978443,0.7581986,0.70824474,0.72739905,0.30127555,0.7827172,0.6427655,0.7804284,0.43506107,Stable
0.38773498,0.5816152,0.49930847,0.68332195,0.50073296,0.38231906,0.7265887,0.76816463,0.7223868,0.29214367,0.7544744,0.71272135,0.72485924,0.30387098,0.7800185,0.64105016,0.7742058,0.4353493,Stable
0.38407204,0.5854798,0.49771833,0.6827209,0.4968308,0.37889022,0.7276212,0.76805866,0.7208723,0.28952253,0.7550312,0.71148515,0.7280482,0.3031659,0.778772,0.64061415,0.777022,0.4271756,Stable
0.38306937,0.5839112,0.49724802,0.6856734,0.49670753,0.38103002,0.7251278,0.7679159,0.7167069,0.28984553,0.75684714,0.718867,0.73296064,0.30165702,0.77887666,0.6425618,0.77745795,0.42765006,Stable
0.38484943,0.58997643,0.49336022,0.68438256,0.49295205,0.38643265,0.71762055,0.7611906,0.69249916,0.29993966,0.7565278,0.72187227,0.73078746,0.3004794,0.77928346,0.6324293,0.7723679,0.42581004,Stable
0.38477308,0.58994687,0.49334902,0.6843826,0.49299586,0.38648796,0.7175266,0.7609619,0.69235015,0.30006635,0.7564622,0.72206134,0.7310562,0.30028573,0.77936834,0.6323895,0.77247345,0.42577964,Stable
0.38644338,0.6050234,0.49417827,0.68207735,0.49304646,0.38317233,0.7211664,0.7617537,0.72226083,0.28526682,0.752825,0.7209515,0.7366282,0.30806625,0.7789078,0.63122517,0.7712915,0.42698115,Stable
0.38422346,0.6024028,0.49722633,0.6850413,0.49332047,0.38312054,0.7175678,0.76562166,0.7090993,0.28659254,0.75496376,0.7210106,0.72888815,0.31375194,0.7766875,0.63328457,0.7697437,0.4232664,Stable
0.38744563,0.5976239,0.50177073,0.6876234,0.49281415,0.38384092,0.71688503,0.76267385,0.71601295,0.2873392,0.74864876,0.7270081,0.7334081,0.30960548,0.77853405,0.63184404,0.771295,0.42234036,Stable
0.38969088,0.6000234,0.50163656,0.68766737,0.49280652,0.3821001,0.71769834,0.76334685,0.7494971,0.27105248,0.75822365,0.7295432,0.7291295,0.3158762,0.77550876,0.6334187,0.77045894,0.43186587,Stable
0.38928574,0.59916127,0.5016618,0.68770456,0.49259374,0.3821416,0.7178441,0.76323175,0.7494396,0.2711548,0.74870276,0.7313339,0.7296721,0.31156301,0.7756666,0.6334299,0.7704841,0.43180436,Stable
0.37629312,0.59795475,0.4999617,0.685503,0.4911426,0.3862723,0.7150289,0.76201916,0.7493247,0.26563433,0.7476815,0.73455477,0.72527635,0.30718592,0.77103513,0.6392458,0.7677456,0.42921972,Stable
0.37298808,0.5898601,0.5012459,0.6892879,0.49408138,0.38566273,0.7223035,0.7644471,0.74594486,0.26629853,0.74985975,0.7253915,0.729236,0.30850467,0.77514404,0.63019973,0.7684619,0.42298788,Stable
0.37367207,0.5796703,0.49362606,0.68837345,0.48761964,0.3871534,0.7311027,0.7714169,0.74545735,0.26738462,0.7514099,0.6914077,0.7331655,0.31154233,0.7720608,0.63499296,0.76750696,0.42938042,Stable
0.37537774,0.5813881,0.49138045,0.68560046,0.48882657,0.3847996,0.7168121,0.7604134,0.73028886,0.27749115,0.7493967,0.7112226,0.7412845,0.31520543,0.7714252,0.63476586,0.7696508,0.42974097,Stable
0.37561226,0.5822309,0.49158967,0.68566674,0.48906446,0.38457966,0.7172288,0.76027656,0.7305183,0.2775324,0.7494151,0.7111511,0.7413949,0.31528845,0.7716505,0.63495815,0.7698554,0.4297645,Stable
0.37180418,0.5665918,0.4988391,0.69040483,0.4936061,0.3862234,0.7212484,0.7633681,0.7443232,0.26782307,0.74992466,0.72921795,0.73925555,0.30920437,0.77547336,0.6288136,0.7692548,0.42121074,Stable
0.37747094,0.57212317,0.5009359,0.6888454,0.4896642,0.38913533,0.7235083,0.75580066,0.71303093,0.28322008,0.74800384,0.7255118,0.7403743,0.30820343,0.7744922,0.62869436,0.76827514,0.42071587,Stable
0.3812595,0.5788287,0.49645743,0.68250626,0.48245233,0.3869555,0.72012705,0.7500443,0.7151832,0.28725818,0.7476496,0.7316915,0.74633545,0.31221852,0.7695798,0.6224557,0.76586187,0.42053115,Stable
0.3786932,0.5811323,0.49651414,0.68084717,0.48376912,0.39075217,0.7176716,0.74991626,0.7103583,0.28525585,0.7493152,0.7263093,0.74254024,0.3174942,0.7747941,0.61874986,0.77025783,0.41869622,Stable
0.37864602,0.5812057,0.4963952,0.68088746,0.48376903,0.39085314,0.7170799,0.75003445,0.7103554,0.2851287,0.74912643,0.727088,0.7425121,0.3173772,0.77472305,0.6186477,0.7701479,0.41861933,Stable
0.37536675,0.5733931,0.4984181,0.68091863,0.48210877,0.39233232,0.71482176,0.7477082,0.6958982,0.29018134,0.7485708,0.73089385,0.74151844,0.3095707,0.7734246,0.6182183,0.7675151,0.41898912,Stable
0.37396193,0.5726506,0.50113,0.6800418,0.4832941,0.39288265,0.71597236,0.74812794,0.6875438,0.30056542,0.74755025,0.7298739,0.75018716,0.2939727,0.7762732,0.6198995,0.76820827,0.41861427,Stable
0.37353343,0.5627991,0.5020625,0.68020093,0.48462424,0.393229,0.7183471,0.74804354,0.67475784,0.30102134,0.74907607,0.7272819,0.7496164,0.28290007,0.78090996,0.61920047,0.77117723,0.4169217,Stable
0.36972925,0.56322557,0.5007241,0.67891496,0.48494542,0.39385152,0.7183585,0.7469963,0.67851853,0.29746848,0.7485458,0.7332522,0.741943,0.29482943,0.78141594,0.61940664,0.77103513,0.4184861,Stable
0.36962408,0.5633999,0.5007478,0.6789784,0.4849541,0.39387223,0.71812916,0.747005,0.6784613,0.2974842,0.7484708,0.7332322,0.74191517,0.2947787,0.7814321,0.61957866,0.7711167,0.41855836,Stable
0.37571698,0.5686065,0.499282,0.67510545,0.4847468,0.39158034,0.7142848,0.7471537,0.6761789,0.2982015,0.7496195,0.7304503,0.7492672,0.2860331,0.7826059,0.62224126,0.77248144,0.4188872,Stable
0.37935734,0.5684686,0.5010076,0.6779057,0.48509353,0.39090654,0.7168209,0.7508814,0.6912687,0.2880265,0.75116813,0.7253581,0.7417699,0.29673317,0.78300416,0.6235347,0.773345,0.4192536,Stable
0.37802446,0.56909955,0.49819684,0.6761624,0.4841387,0.39281315,0.71214235,0.74798506,0.69026417,0.29568428,0.7539518,0.7336875,0.7420032,0.29775488,0.78022754,0.621427,0.7719792,0.41890913,Stable
0.37675557,0.5722166,0.49754974,0.67644286,0.48701772,0.3905502,0.7192022,0.7533951,0.6946008,0.293679,0.7514074,0.7269398,0.74352926,0.29911235,0.780482,0.6192037,0.7724403,0.41820103,Stable
0.37668008,0.5721201,0.49765524,0.6765081,0.48697734,0.39065215,0.7192158,0.75356376,0.6953363,0.29314446,0.7513169,0.7269826,0.7434075,0.299366,0.7803166,0.6191108,0.77241004,0.41819203,Stable
0.37548476,0.5835364,0.49581704,0.6752298,0.48722315,0.39434546,0.71428096,0.7486043,0.7001792,0.2876011,0.74954885,0.7384667,0.74289083,0.2998184,0.7750141,0.61914027,0.76783955,0.4202441,Stable
0.37379417,0.5825615,0.49661553,0.6754717,0.48740718,0.3930626,0.7197087,0.7445879,0.69724417,0.28996474,0.74917555,0.73406667,0.74566483,0.29831767,0.77710915,0.6082537,0.7683134,0.41522384,Stable
0.37536615,0.57648563,0.49443993,0.68114203,0.4833622,0.39383337,0.7167959,0.7473315,0.6757402,0.30852827,0.7505149,0.7393982,0.74667424,0.29808536,0.7739513,0.6136539,0.7658452,0.41976517,Stable
0.3723727,0.5794951,0.4965021,0.6821443,0.48425898,0.39502907,0.7186207,0.7478179,0.6767781,0.30869323,0.75107974,0.7393698,0.74542046,0.29643497,0.77364564,0.61716825,0.76428664,0.42184362,Stable
0.37242612,0.5793005,0.4964133,0.68211997,0.48427498,0.39507353,0.7185015,0.74776906,0.67698324,0.3086286,0.7510363,0.7392231,0.74537987,0.29662412,0.77367777,0.61719435,0.7642753,0.4218596,Stable
0.37415493,0.5847659,0.49576145,0.68132186,0.48535073,0.3960681,0.7160256,0.746741,0.6807058,0.3048013,0.7522695,0.7359657,0.74350035,0.29577464,0.77686703,0.61895347,0.7668547,0.42173856,Stable
0.3713996,0.5887541,0.4946775,0.6795704,0.4861246,0.3967577,0.71019316,0.7478659,0.6751245,0.3100753,0.75317115,0.74382347,0.7443022,0.2969128,0.7774135,0.6208802,0.7681531,0.42166814,Stable
0.3759805,0.5948829,0.49081856,0.67734826,0.4850982,0.3999747,0.6990323,0.74625134,0.6692366,0.3102612,0.75673836,0.7451112,0.7476783,0.29634753,0.77098703,0.6169633,0.7614827,0.42179185,Stable
0.37431666,0.58853614,0.49578512,0.6800344,0.48699564,0.4011883,0.70436114,0.7490449,0.6762346,0.3044261,0.75419974,0.7364008,0.7478942,0.30020338,0.76959777,0.6153832,0.7612606,0.42188781,Stable
0.37454522,0.5878283,0.4958762,0.6800723,0.48709118,0.4014587,0.70454407,0.74900025,0.67582077,0.30479476,0.7542186,0.73589694,0.7481227,0.3000825,0.76952386,0.61523974,0.7611148,0.42200768,Stable
0.37553978,0.59125394,0.5004832,0.68224335,0.49030125,0.39521283,0.7164501,0.7539217,0.6919755,0.29456496,0.75417256,0.72376007,0.7483399,0.3115986,0.7766694,0.6198271,0.77014697,0.42019415,Stable
0.37465805,0.5888665,0.49408004,0.682462,0.4937787,0.3908982,0.723475,0.76715535,0.7196287,0.27939472,0.7506536,0.72574985,0.74834454,0.31216764,0.77462804,0.6247872,0.7694187,0.41908467,Stable
0.3795217,0.5898051,0.49234328,0.6873125,0.4975172,0.38972175,0.7234093,0.7649262,0.72606206,0.27798378,0.7577123,0.72000825,0.74907553,0.32028502,0.7778243,0.627249,0.7767513,0.4218001,Stable
0.38379407,0.5952056,0.49932203,0.68996346,0.49804065,0.38724953,0.7285652,0.77421,0.72307295,0.2793723,0.75357604,0.7337378,0.74813306,0.3140731,0.782701,0.63399357,0.78143716,0.42368802,Stable
0.38397717,0.59567386,0.49942157,0.6898477,0.49804068,0.38709795,0.7286378,0.7743313,0.72333145,0.27910587,0.7536231,0.7336151,0.7482157,0.31406546,0.7827288,0.63399553,0.7814417,0.42365977,Stable
0.3761805,0.59296095,0.49721202,0.6952908,0.49373898,0.39206845,0.7310745,0.77239865,0.70952386,0.28735596,0.7551398,0.73384035,0.7451302,0.3068146,0.77578247,0.62677956,0.7755184,0.42284462,Stable
0.37365562,0.6027017,0.5004426,0.69962734,0.49791405,0.38852686,0.7407973,0.7691211,0.71698546,0.28660402,0.76079583,0.72125316,0.75273466,0.30365926,0.7818047,0.6291485,0.78083366,0.42247543,Stable
0.373584,0.60456073,0.5032269,0.7048404,0.4975433,0.3981758,0.7447628,0.785043,0.7115404,0.28863963,0.7608346,0.7186127,0.75130117,0.304634,0.78068316,0.63887507,0.78099954,0.42572483,Stable
0.37359786,0.6054037,0.5001145,0.7073991,0.4970884,0.3982687,0.7447264,0.78545636,0.724275,0.28594834,0.76231635,0.73306596,0.7527771,0.30858836,0.78395534,0.6407763,0.7841334,0.42553553,Stable
0.3736242,0.6055811,0.50011116,0.7073189,0.49717236,0.39816725,0.744846,0.78538406,0.7248265,0.2858922,0.7623149,0.73282146,0.75276935,0.30884692,0.78398407,0.6405508,0.7841987,0.42539808,Stable
0.37668332,0.60520047,0.49648103,0.7098085,0.49807882,0.40404838,0.74406075,0.7977091,0.7113101,0.29560792,0.76362646,0.75302196,0.75226825,0.30317378,0.7824203,0.64655143,0.7792987,0.42706272,Stable
0.37978563,0.61586577,0.49836344,0.7102637,0.49714822,0.3987177,0.7435014,0.7982036,0.7110385,0.2988472,0.7658005,0.7435708,0.7516687,0.30241254,0.78246063,0.64484715,0.7815964,0.43282253,Stable
0.37867975,0.6174266,0.4966943,0.71505225,0.500463,0.40123937,0.7371733,0.79758495,0.71904653,0.29054773,0.7638831,0.75508153,0.7526425,0.30288804,0.7811469,0.65120983,0.7794255,0.44151688,Stable
0.37861198,0.6137085,0.498744,0.7183764,0.5025376,0.40691268,0.7435097,0.8045573,0.716107,0.29285362,0.75565517,0.7589195,0.750715,0.30340502,0.7836949,0.64974934,0.78236246,0.43367565,Stable
0.37878045,0.6135391,0.49858713,0.7184307,0.5024129,0.40694028,0.7435044,0.804409,0.7157531,0.2930298,0.7555517,0.7589976,0.7506127,0.3033436,0.7834207,0.6496701,0.78220296,0.43369374,Stable
0.3759471,0.6113555,0.4982254,0.71774423,0.503311,0.40210587,0.7410502,0.80884457,0.7399992,0.27803606,0.76258343,0.760798,0.7541373,0.31723148,0.7810206,0.66360843,0.78223646,0.44383988,Stable
0.38077658,0.6220243,0.49964267,0.716053,0.5039731,0.40665954,0.74152493,0.814717,0.7367329,0.2859411,0.7637612,0.7563073,0.7534019,0.30903265,0.78216636,0.6544789,0.7814673,0.4399833,Stable
0.38204908,0.6274661,0.50219375,0.7153194,0.49888533,0.41074353,0.7435731,0.812019,0.6964459,0.30666277,0.7633301,0.75886786,0.75140357,0.30102268,0.7859902,0.64779305,0.78280747,0.4309686,Stable
0.38216156,0.6320931,0.50186837,0.7199137,0.5031525,0.40885743,0.7454498,0.8208544,0.7142615,0.29514354,0.7621684,0.7596345,0.75070274,0.30539465,0.78209084,0.6523696,0.7792635,0.4403369,Stable
0.38289225,0.63247114,0.5018735,0.71972466,0.5035859,0.40876397,0.7459825,0.8212136,0.715919,0.29424456,0.7621717,0.75889003,0.75146437,0.3054889,0.7820076,0.6520058,0.77923816,0.43985578,Stable
0.38390264,0.6288573,0.5003841,0.71975267,0.5058375,0.40792856,0.7444283,0.81734955,0.7114555,0.2915311,0.7596284,0.748752,0.7491443,0.30963328,0.78039896,0.648605,0.78022593,0.44194162,Stable
0.38204807,0.6275172,0.49984735,0.72058463,0.5033101,0.41373128,0.7440142,0.81105995,0.71336025,0.2905569,0.76057595,0.7454528,0.7516348,0.30851212,0.7819779,0.649607,0.7804517,0.44090605,Stable
0.38324857,0.62325144,0.4958851,0.7242631,0.50592667,0.41181156,0.74396414,0.8210737,0.71248686,0.29452786,0.7630626,0.7448947,0.753183,0.3056183,0.7818601,0.6509286,0.7807023,0.44084483,Stable
0.38233182,0.6226404,0.4976821,0.7216599,0.50507987,0.40821415,0.7475687,0.8216178,0.71235985,0.29258716,0.76577127,0.74650544,0.7516334,0.30469927,0.7836473,0.6542251,0.78182304,0.4414723,Stable
0.38286895,0.6228943,0.49789453,0.72156954,0.50505745,0.4082709,0.7476933,0.821556,0.7122588,0.29272085,0.7656914,0.74683326,0.7516331,0.30467737,0.7837505,0.65406334,0.7817997,0.4413595,Stable
0.37968355,0.61542296,0.49335334,0.7247652,0.50443244,0.40838408,0.7426361,0.8203449,0.71086735,0.29292583,0.7663584,0.7615372,0.7519071,0.30271867,0.78212225,0.6540735,0.77962244,0.4411598,Stable
0.37773627,0.6085325,0.49403352,0.72126496,0.50484717,0.40645123,0.7442002,0.8202206,0.71414727,0.2891933,0.7642345,0.763359,0.7508175,0.30446312,0.77852935,0.65468436,0.7779461,0.4415129,Stable
0.3783115,0.60625833,0.4984764,0.7241146,0.5058172,0.40686557,0.7451563,0.81725687,0.7114358,0.29234794,0.76068497,0.7611086,0.75188506,0.30181658,0.7860861,0.65377325,0.78236496,0.43968236,Stable
0.37732548,0.60925496,0.49601257,0.7257217,0.5030069,0.40961128,0.73436964,0.8029711,0.6902804,0.3015285,0.75253004,0.765551,0.74934834,0.28321648,0.7832855,0.6520563,0.77902955,0.441531,Stable
0.37730333,0.60923135,0.4959788,0.7255363,0.50290585,0.4097143,0.7344734,0.8030159,0.69036806,0.301553,0.75247216,0.76559895,0.74934614,0.28323117,0.78321904,0.65197647,0.7790736,0.44166526,Stable
0.37629974,0.6102339,0.49435613,0.7245325,0.5042757,0.4053838,0.74251485,0.8236934,0.6992729,0.2960843,0.753495,0.76069856,0.7547867,0.27935869,0.789346,0.65301645,0.78098506,0.4382722,Stable
0.3721106,0.6135502,0.486382,0.7287824,0.5044371,0.4112991,0.74090075,0.8140348,0.69900644,0.28285855,0.75083655,0.77592397,0.75288886,0.28216952,0.77604264,0.65003735,0.76984847,0.43003353,Stable
0.3761844,0.6141317,0.48496372,0.72889566,0.50846684,0.4154651,0.7426877,0.8258016,0.70237416,0.28038883,0.73978966,0.7729852,0.7474327,0.2843929,0.7756132,0.66368514,0.7736397,0.44762692,Stable
0.38005382,0.6146574,0.48729664,0.7251887,0.5066395,0.41606712,0.74417865,0.82763284,0.6851446,0.293346,0.6636207,0.76904196,0.7510079,0.27269924,0.779212,0.648524,0.7777752,0.44089168,Stable
0.38029206,0.6145539,0.48736155,0.725062,0.50665313,0.4160646,0.74409163,0.8271853,0.6850402,0.2933667,0.663394,0.7688867,0.7509874,0.27273506,0.779233,0.64848065,0.7778451,0.4407717,Stable
0.37495288,0.6207333,0.4871981,0.7241688,0.5051168,0.41872436,0.7429182,0.827273,0.6806173,0.29482377,0.6896066,0.7830124,0.7593713,0.25540257,0.78003526,0.6453533,0.77913874,0.43784794,Stable
0.37733543,0.61960137,0.4827677,0.7322263,0.5054058,0.42060143,0.7342624,0.8274274,0.67359066,0.29972106,0.5051342,0.7857751,0.75355554,0.25682345,0.7724912,0.6650744,0.77301395,0.44646,Stable
0.37460992,0.62051183,0.48397857,0.7366022,0.50487036,0.42087325,0.7537646,0.8589357,0.678954,0.29351142,0.5150966,0.8125965,0.7561082,0.2697111,0.78371596,0.66340804,0.7778903,0.4433437,Stable
0.38022324,0.6248019,0.4907452,0.74433327,0.5054761,0.42339534,0.7565743,0.8601917,0.6886339,0.29753283,0.51661277,0.8262002,0.7599087,0.26156813,0.7791552,0.6603349,0.7834115,0.44359642,Stable
0.3803506,0.6249524,0.49082527,0.74425673,0.50537163,0.42350483,0.75656354,0.8601452,0.6884491,0.2974717,0.5164283,0.82608604,0.75993836,0.261501,0.77915037,0.6601257,0.7834381,0.44335788,Stable
0.3756649,0.62869704,0.47975522,0.74465775,0.50022936,0.43366683,0.65105474,0.8584498,0.67646706,0.3054569,0.52349573,0.8370192,0.76573247,0.23534334,0.7651874,0.67764944,0.76678693,0.45914596,Stable
0.3752837,0.63426465,0.4887507,0.75506634,0.50544095,0.42978784,0.75534624,0.873146,0.6784811,0.29742986,0.5199232,0.8427004,0.763371,0.2350127,0.7703291,0.6670555,0.7739617,0.4559697,Stable
0.37159532,0.63303304,0.48491347,0.76178706,0.50305957,0.43342698,0.7159309,0.88272643,0.6680014,0.31387097,0.52541775,0.8571581,0.7580564,0.23308733,0.76842904,0.6823236,0.76842225,0.4547494,Stable
0.370535,0.6373754,0.478561,0.762464,0.50623316,0.4299901,0.6625034,0.88883775,0.67601895,0.3074078,0.51637185,0.8720858,0.7601213,0.23288542,0.7770966,0.70308745,0.77456653,0.47069272,Stable
0.3707529,0.6375515,0.47886014,0.762213,0.50629073,0.43002614,0.66304845,0.88866735,0.67606914,0.30732194,0.51663995,0.8725406,0.76012695,0.23287699,0.7771763,0.7029513,0.774625,0.47057933,Stable
0.37049872,0.6367941,0.4849741,0.7508911,0.5110586,0.43231887,0.6825652,0.90518063,0.6785421,0.3012638,0.51186347,0.8916914,0.7607671,0.22485012,0.7755951,0.69883347,0.771036,0.46241432,Stable
0.36876243,0.63812476,0.4916019,0.7564466,0.50522214,0.43064398,0.70816433,0.9088878,0.6804334,0.3031176,0.70179814,0.9124445,0.75876635,0.23072186,0.77840394,0.68064564,0.7761259,0.45573413,Stable
0.36652038,0.63972604,0.49409825,0.75329363,0.5058105,0.42827687,0.73847234,0.9034327,0.69005245,0.29529762,0.7124948,0.90650773,0.7580391,0.22488981,0.7736366,0.6671185,0.76933014,0.45275673,Stable
0.3656405,0.6380503,0.49441382,0.75315547,0.50515795,0.43138027,0.744931,0.88393253,0.69051737,0.286383,0.5097743,0.91727996,0.76843905,0.21198802,0.7776086,0.6600968,0.77816105,0.45099217,Stable
0.36571547,0.63810194,0.49404687,0.75308317,0.5051458,0.4313613,0.7448939,0.8840427,0.6899172,0.28675115,0.50974846,0.9171525,0.76921844,0.21115416,0.7776336,0.6604299,0.77827585,0.45119643,Stable
0.36120963,0.6300034,0.4910029,0.749313,0.5004723,0.42620024,0.73179185,0.8423153,0.67959905,0.29306132,0.7586898,0.8188261,0.764358,0.20764124,0.7760129,0.65836644,0.77415276,0.43842316,Stable
0.35769618,0.6272948,0.4962924,0.74183524,0.5011319,0.42244714,0.730303,0.82881737,0.68844026,0.27347967,0.75919044,0.8237619,0.7623763,0.2017756,0.7798532,0.6423462,0.7806945,0.42591462,Stable
0.35225332,0.62226117,0.49885798,0.733281,0.49739355,0.42233133,0.7301748,0.82321066,0.6727849,0.2825516,0.75850666,0.8172412,0.75158185,0.20647693,0.775767,0.65576375,0.7765972,0.43801725,Stable
0.3497128,0.61820436,0.49626336,0.73703665,0.49671704,0.40862644,0.73127854,0.82522535,0.67986625,0.27272886,0.7572186,0.8223862,0.75852585,0.19015384,0.77828693,0.65750533,0.7763125,0.42206824,Stable
0.34963608,0.6187381,0.49646065,0.7369036,0.4965188,0.40874264,0.73123217,0.8250255,0.6793822,0.27325666,0.7572281,0.8218788,0.75839967,0.190323,0.7779753,0.6572757,0.7760293,0.42210087,Stable
0.3515213,0.6087804,0.49364954,0.7217745,0.49291012,0.399204,0.71433616,0.8003198,0.67513555,0.26104477,0.75803155,0.7750585,0.7613806,0.1821442,0.77548397,0.6457104,0.7780653,0.4168538,Stable
0.3563189,0.5988303,0.49702048,0.7218218,0.4952017,0.39771283,0.7131227,0.7922282,0.67977476,0.24641627,0.7543201,0.7480551,0.7506263,0.19280976,0.77415127,0.6467464,0.7759621,0.41667557,Stable
0.35256463,0.5787721,0.4986899,0.710448,0.49478453,0.38708863,0.72978413,0.78209555,0.66974044,0.25246912,0.7559545,0.72934914,0.7711269,0.1414993,0.78349924,0.6301628,0.7833383,0.401649,Stable
0.35029933,0.57082397,0.4932052,0.70416117,0.47771335,0.38674784,0.7277241,0.77664757,0.6685171,0.24630491,0.7557187,0.7250466,0.7621436,0.15072152,0.7712475,0.62784564,0.76924986,0.39735168,Stable
0.35031804,0.57072663,0.49325716,0.70421576,0.4777454,0.38677305,0.72704697,0.7764596,0.66843545,0.24653213,0.7558925,0.7253854,0.76219434,0.15074477,0.7710251,0.6277504,0.76906717,0.3972338,Stable
0.35180908,0.572975,0.4957794,0.7012655,0.48165724,0.37968206,0.72649586,0.76605725,0.6690097,0.23800294,0.7636139,0.6707958,0.7652062,0.13329555,0.7737154,0.62423366,0.7748954,0.3907979,Stable
0.35148418,0.55536604,0.48743784,0.6883924,0.48481792,0.37277004,0.71526873,0.75978625,0.6690712,0.23773043,0.7517153,0.6849541,0.7660639,0.13730529,0.7671938,0.6268842,0.76645935,0.39320922,Stable
0.3524418,0.5576688,0.49533838,0.6820254,0.48291838,0.36718792,0.7265897,0.76115984,0.67047083,0.23165229,0.7574998,0.66739047,0.7643988,0.117666304,0.76895547,0.6163181,0.77170634,0.38925743,Stable
0.35097677,0.5396482,0.4981259,0.6664684,0.49153718,0.35303554,0.7355432,0.7488774,0.6731647,0.21960703,0.75494903,0.6645931,0.77157557,0.08706689,0.7817762,0.5941488,0.77756715,0.3718396,Stable
0.35107368,0.5399753,0.4981391,0.66649246,0.49154228,0.35296243,0.73543376,0.7487434,0.67319506,0.21952364,0.75519884,0.6648029,0.7715732,0.08714061,0.78179383,0.5942805,0.77764225,0.37184522,Stable
0.3509326,0.53642166,0.4986558,0.6615178,0.49527785,0.34860379,0.73196566,0.74117935,0.6753937,0.21532828,0.7568979,0.65228164,0.7743608,0.09168362,0.7822952,0.5936698,0.77972794,0.3734499,Stable
0.34823072,0.5375193,0.50028217,0.65771246,0.49011374,0.34175014,0.73546094,0.7426238,0.67322135,0.21281141,0.7604588,0.6325964,0.7678551,0.11148988,0.78525984,0.58898175,0.7808432,0.36973566,Stable
0.34776053,0.53821987,0.49409172,0.65218484,0.49106175,0.3391063,0.7345661,0.7372743,0.6773857,0.20920545,0.76770616,0.62208354,0.7677717,0.108145416,0.7788756,0.5872264,0.7738609,0.36345172,Stable
0.34732306,0.53497136,0.4956083,0.6567299,0.488219,0.3377294,0.7355902,0.7414719,0.6737689,0.20759076,0.762176,0.63295937,0.7689816,0.110642254,0.7809242,0.5948185,0.7765515,0.37012526,Stable
0.34737286,0.5349957,0.49558064,0.65654665,0.48824966,0.337824,0.73530644,0.7415271,0.67368245,0.20758985,0.7604871,0.6406274,0.7689682,0.110772185,0.7807832,0.59501076,0.7764088,0.37018985,Stable
0.3498903,0.5349823,0.50277555,0.6594857,0.48856246,0.3420578,0.740227,0.7411699,0.6753487,0.21189283,0.76104486,0.6393032,0.7712921,0.119223796,0.7801329,0.5905482,0.7773146,0.36938524,Stable
0.34915805,0.5377423,0.49570832,0.66067094,0.48732528,0.34416053,0.7397446,0.74722475,0.673434,0.21132481,0.7582787,0.6536486,0.7684247,0.11604804,0.7843792,0.592142,0.77736986,0.3685213,Stable
0.34792525,0.53490055,0.49623418,0.6634644,0.48962948,0.3470598,0.7406601,0.74829054,0.67598176,0.21346276,0.7586647,0.64795786,0.7675173,0.11534974,0.7854373,0.59239864,0.77767026,0.3655965,Stable
0.34221113,0.535674,0.49392924,0.667874,0.48725623,0.35368788,0.7402491,0.7552155,0.67689276,0.21275875,0.7522361,0.6743344,0.7652036,0.11983024,0.78566813,0.6023638,0.78056186,0.3692866,Stable
0.34199607,0.53569496,0.49410665,0.6678092,0.4873365,0.353696,0.74042165,0.7552283,0.6770074,0.21269278,0.75197214,0.67462605,0.76530814,0.119733475,0.78567785,0.60231006,0.7806086,0.3693652,Stable
0.34234414,0.5408472,0.49547315,0.67801,0.47692603,0.36346817,0.7395654,0.75980854,0.667925,0.22622184,0.7576221,0.67421806,0.76226246,0.13055776,0.77929103,0.6024614,0.7707472,0.36864743,Stable
0.3485601,0.5487448,0.49044293,0.6856445,0.48455974,0.36085236,0.74675596,0.7624378,0.67912596,0.22891663,0.7535231,0.67106247,0.7654518,0.13504852,0.7840713,0.6151254,0.7793133,0.37235874,Stable
0.34933075,0.5595917,0.49809834,0.69077796,0.48721427,0.3617868,0.74557316,0.760523,0.67858315,0.22921005,0.7490332,0.66805786,0.76810503,0.14561573,0.7816849,0.6225889,0.78105557,0.37442136,Stable
0.35033345,0.56047404,0.49411675,0.6909427,0.4831667,0.3750231,0.7470325,0.762565,0.6772164,0.23202652,0.75153637,0.6657995,0.7468261,0.20325387,0.78201663,0.6211538,0.7779979,0.3861696,Stable
0.3504389,0.56075615,0.49419057,0.6909287,0.48327217,0.37483692,0.7470572,0.76245475,0.6773183,0.23188773,0.7516293,0.6660375,0.7467579,0.20336816,0.7820167,0.6213335,0.7779264,0.38605535,Stable
0.35062155,0.55974114,0.4974737,0.69470876,0.4918133,0.37384626,0.7415983,0.7724662,0.68190897,0.23242801,0.75210166,0.6962246,0.762689,0.15722175,0.78331244,0.63090825,0.7817609,0.39109403,Stable
0.3477816,0.5601719,0.495084,0.70025843,0.49512964,0.37685823,0.74886173,0.7765891,0.68397856,0.23930804,0.75421613,0.6729526,0.7589449,0.15896784,0.781078,0.6294106,0.7779786,0.39169425,Stable
0.34891135,0.56763685,0.49266016,0.70253825,0.48945355,0.3771689,0.7456987,0.78485936,0.6993046,0.23160231,0.7538705,0.6646576,0.7630629,0.16204058,0.77842355,0.64265,0.7794539,0.39588892,Stable
0.3500113,0.5729055,0.4926752,0.704458,0.48965323,0.3825398,0.7483771,0.7830471,0.67506814,0.25075257,0.75408554,0.65633833,0.74867964,0.17910884,0.7836925,0.63995266,0.7836423,0.40520042,Stable
0.35010946,0.573372,0.4925515,0.7043659,0.48965192,0.38244623,0.7483742,0.7829644,0.6750035,0.25048417,0.7541947,0.6561757,0.7485124,0.17943853,0.7835666,0.6400908,0.78360957,0.40508622,Stable
0.3490405,0.57378626,0.48780936,0.7065334,0.49001276,0.3830937,0.7472478,0.7831974,0.6833142,0.24133907,0.751342,0.66094446,0.75402176,0.16828224,0.7839841,0.6301123,0.7841536,0.39743602,Stable
0.34673458,0.5713162,0.48916996,0.70853186,0.48184478,0.38843307,0.74648106,0.78594965,0.6783125,0.25238118,0.7527079,0.65985054,0.76270646,0.16368361,0.7783935,0.63528,0.77801824,0.395663,Stable
0.34630412,0.5723618,0.48939306,0.7132341,0.4873353,0.38930556,0.74694914,0.78600305,0.6731672,0.25585732,0.7508824,0.6653183,0.74643916,0.18851686,0.78091455,0.63834107,0.7775774,0.40395448,Stable
0.35170162,0.57514095,0.49373847,0.7142515,0.49142283,0.3847596,0.75950545,0.7876588,0.6810059,0.24515039,0.7522373,0.67012566,0.74563664,0.19539562,0.78293765,0.6261937,0.7809462,0.3936829,Stable
0.35168263,0.5751371,0.49373877,0.71417654,0.49126434,0.38481936,0.75937194,0.78774667,0.6807484,0.24513221,0.7522916,0.67017317,0.7454223,0.19491158,0.7828158,0.6261928,0.7808825,0.39365655,Stable
0.35244787,0.57509303,0.49866208,0.7169684,0.4886237,0.38369578,0.7588874,0.7855575,0.677091,0.25000942,0.7524795,0.6848221,0.74405545,0.19428301,0.7827383,0.62594825,0.78116655,0.3916715,Stable
0.35323197,0.57734966,0.49369967,0.7152872,0.48326752,0.3905811,0.75856686,0.78230757,0.6703412,0.25403047,0.7558677,0.6788716,0.74122834,0.19400589,0.78106344,0.6231389,0.7814555,0.39337736,Stable
0.35014856,0.57668406,0.5084989,0.7164287,0.48504326,0.39350837,0.76095617,0.7873248,0.6726982,0.25311252,0.75696373,0.66738534,0.7404296,0.19854426,0.78543735,0.6211706,0.7846877,0.3909809,Stable
0.3492875,0.57589436,0.5039093,0.71613026,0.4826269,0.39529368,0.7601673,0.78780925,0.6764616,0.2517157,0.75616264,0.6653042,0.7402198,0.20093086,0.78418964,0.6226701,0.78313863,0.39246517,Stable
0.3493697,0.5756358,0.5038996,0.7161006,0.48264512,0.39524505,0.7600535,0.78798383,0.67652166,0.251728,0.7561905,0.66498804,0.7404973,0.20109391,0.78395003,0.6227832,0.7829528,0.3925557,Stable
0.3500299,0.5786389,0.50890696,0.71799004,0.48463297,0.3944124,0.7591345,0.79252017,0.67135376,0.25625405,0.7609155,0.66822314,0.7399461,0.20081803,0.7874334,0.6282171,0.78591156,0.40558836,Stable
0.35182995,0.57752323,0.51144594,0.71935487,0.48300382,0.3971605,0.75949836,0.78852385,0.6767337,0.25147292,0.7621703,0.64944863,0.73930633,0.20039873,0.7889936,0.625914,0.7859893,0.3947056,Stable
0.35057712,0.57759625,0.51403856,0.7168201,0.4911282,0.38960132,0.763509,0.7854612,0.6852592,0.23768178,0.75612825,0.6409194,0.77399945,0.15014014,0.7882639,0.6352752,0.7865852,0.3944951,Stable
0.35172674,0.57713056,0.50827205,0.7091571,0.48265886,0.39228806,0.75207126,0.78511584,0.6758417,0.24863689,0.75665,0.62872165,0.7655101,0.14898598,0.78372836,0.62796354,0.782519,0.39351493,Stable
0.3517617,0.5771878,0.5082599,0.7091457,0.48273307,0.39231104,0.7521299,0.78507394,0.67579764,0.24858813,0.7566093,0.62868565,0.76547664,0.14895055,0.7837442,0.62794006,0.78243446,0.39340612,Stable
0.35108352,0.57221264,0.5050942,0.70597047,0.4763348,0.38774082,0.75933826,0.78178585,0.68194795,0.2307673,0.7577552,0.64283544,0.76524746,0.13950753,0.78087485,0.6203536,0.7760445,0.38414162,Stable
0.3509344,0.5635953,0.49943706,0.69625294,0.47748515,0.38997108,0.75983447,0.7681545,0.6662449,0.23000103,0.75202006,0.6650995,0.76159495,0.14442173,0.78389424,0.6199105,0.77361697,0.37577248,Stable
0.36004955,0.5545861,0.49030456,0.68543553,0.47647843,0.38081086,0.7534811,0.7606959,0.6719727,0.23111531,0.75265545,0.66213834,0.766725,0.11347827,0.78061426,0.6034689,0.7709906,0.37514073,Stable
0.3556063,0.5503408,0.4910912,0.6812586,0.47841403,0.37710807,0.74700946,0.76032275,0.67301816,0.2135627,0.75649667,0.6535283,0.7657621,0.101808175,0.78250784,0.6002982,0.7690902,0.36886868,Stable
0.35557783,0.5503984,0.49096912,0.68122715,0.4784026,0.37710172,0.7470238,0.76062745,0.6730002,0.21330258,0.7563362,0.65387106,0.7658231,0.10170834,0.7824475,0.60029143,0.76902616,0.36885762,Stable
0.3496107,0.5455377,0.4904928,0.6722362,0.4778334,0.3585394,0.74109215,0.7450348,0.6773354,0.20979658,0.7589082,0.63780797,0.7657868,0.10717173,0.77789235,0.6034223,0.7655244,0.3705324,Stable
0.34990108,0.5347537,0.4924124,0.6696343,0.48110554,0.3488353,0.7418665,0.7370495,0.67256,0.2030664,0.7517046,0.6521181,0.7735216,0.069776654,0.7789016,0.59450114,0.7699754,0.35469407,Stable
0.352032,0.5303576,0.49466795,0.6578796,0.48224968,0.3374381,0.74494714,0.72471535,0.67623067,0.19508108,0.7615198,0.61948186,0.77221334,0.061149597,0.7852664,0.5787333,0.77426946,0.34915286,Stable
0.3524186,0.53038657,0.4950592,0.65824556,0.48234972,0.33724487,0.74521065,0.7247639,0.6762895,0.19502598,0.7618329,0.6194415,0.7723415,0.060918897,0.78565514,0.5787739,0.7745523,0.3491066,Stable
0.3490618,0.5314435,0.49706388,0.6566818,0.47455394,0.33564907,0.7458834,0.72058934,0.6822056,0.18474875,0.7631426,0.6016352,0.7704538,0.05930853,0.7796683,0.5755911,0.7715292,0.3450123,Stable
0.35286462,0.52068114,0.4980905,0.6500739,0.48218584,0.32322538,0.7467928,0.71625346,0.6838937,0.17188919,0.76096344,0.5798696,0.7697996,0.048689812,0.78014797,0.5567813,0.7727282,0.33207607,Stable
0.3601473,0.51802164,0.50434697,0.64160424,0.47799593,0.32142252,0.7525994,0.6997498,0.67770976,0.16978848,0.7533316,0.60203254,0.76419425,0.04343377,0.7848327,0.5481529,0.7722635,0.3304783,Stable
0.35924858,0.50636595,0.5060838,0.6324878,0.4851604,0.30710104,0.7461629,0.6974387,0.6804489,0.15633367,0.75913787,0.5814464,0.76403344,0.045631465,0.77776587,0.5580806,0.77427506,0.31924057,Stable
0.35923934,0.50619996,0.50609505,0.63253546,0.48535544,0.3069783,0.74623126,0.6972797,0.6805252,0.15619907,0.75882924,0.58128005,0.7640915,0.04559417,0.77788174,0.55811596,0.7744751,0.3191587,Stable
0.35896987,0.49462426,0.5029331,0.62656367,0.47629,0.30422202,0.7573103,0.689887,0.6740732,0.15467131,0.75257397,0.5670838,0.7629328,0.04919527,0.77819574,0.53504723,0.7725534,0.31072673,Stable
0.36476487,0.49526668,0.507462,0.6185071,0.4745544,0.29732043,0.75653434,0.6836733,0.67063,0.14692432,0.7476814,0.5615826,0.76220816,0.04802635,0.7849125,0.5187528,0.7776336,0.29702666,Stable
0.36553437,0.49648187,0.5082228,0.60608375,0.4780314,0.2866003,0.7527045,0.6745178,0.67576694,0.1348288,0.75426406,0.56443423,0.7595257,0.049272504,0.780733,0.5167463,0.77663064,0.29364145,Stable
0.3703785,0.48621914,0.50741607,0.5991989,0.4732698,0.28184894,0.75213075,0.66049194,0.66973853,0.13580135,0.76145995,0.5621594,0.7590995,0.04864874,0.7811005,0.51249105,0.7712984,0.29065657,Stable
0.37037814,0.4861318,0.50747615,0.59922135,0.4733475,0.28192285,0.7521924,0.66054857,0.66953814,0.13604459,0.7615509,0.56197727,0.7589647,0.048848584,0.78138393,0.5125441,0.7715296,0.2907465,Stable
0.37036222,0.48053026,0.5117855,0.59677243,0.47755408,0.27574143,0.7597352,0.6534854,0.67102623,0.13474026,0.7547327,0.5601429,0.75625086,0.03765425,0.7815534,0.51223254,0.77874744,0.28957972,Stable
0.3654258,0.4775748,0.51233935,0.5830468,0.47594056,0.26639223,0.75288504,0.6365546,0.6691703,0.12718733,0.7544121,0.53780913,0.7463488,0.042065084,0.7747573,0.4914999,0.7681036,0.27661076,Stable
0.3662368,0.46288466,0.51886,0.57614493,0.47377717,0.25913733,0.75454986,0.63256764,0.67791176,0.09632531,0.755167,0.53451955,0.7515883,0.040938117,0.7787889,0.4884362,0.7740166,0.26701766,Stable
0.36410236,0.45609003,0.510616,0.5663237,0.4741041,0.24187675,0.753443,0.6205349,0.6950028,0.07796493,0.75567645,0.51012224,0.7520026,0.04178069,0.77249473,0.48239717,0.76851976,0.2569608,Stable
0.36420414,0.4560988,0.5108036,0.566489,0.47411656,0.24186873,0.75347364,0.6203139,0.694986,0.07806297,0.7557653,0.5101493,0.75167656,0.04169131,0.77258503,0.48233056,0.76867306,0.2570043,Stable
0.37061876,0.445065,0.51529896,0.55911636,0.47073257,0.23275128,0.7594177,0.61551726,0.68602824,0.061989374,0.7632992,0.5206584,0.75471675,0.14730537,0.77505416,0.47057363,0.76696694,0.24749857,Stable
0.3670395,0.4420545,0.51849246,0.550648,0.47566482,0.22076601,0.7576077,0.6062832,0.69463646,0.053345155,0.7557963,0.51854426,0.74659365,0.17098473,0.77769154,0.46641368,0.7746897,0.23670402,Stable
0.37604293,0.43150914,0.5181031,0.5332247,0.47324884,0.21778256,0.7669176,0.5958329,0.6836313,0.04584725,0.75303787,0.5246227,0.7513989,0.15767533,0.77793306,0.4558739,0.7678443,0.22383147,Stable
0.37587243,0.4159779,0.52369606,0.5379976,0.47950757,0.20662111,0.7632513,0.59554553,0.70311326,0.03777638,0.75175977,0.5212407,0.7396525,0.18226999,0.78131187,0.45421702,0.7780458,0.22241005,Stable
0.37605006,0.4158789,0.5237429,0.53796715,0.47956365,0.20683372,0.76305044,0.59553325,0.70287204,0.038053438,0.7519719,0.52118266,0.7396209,0.18228236,0.7812235,0.45430297,0.7779328,0.22254762,Stable
0.37424752,0.4005173,0.5243987,0.5326274,0.47930834,0.1891661,0.76245683,0.58352447,0.69918007,0.03160701,0.7591037,0.5068879,0.75096667,0.15977359,0.78560895,0.44260225,0.7822103,0.21012098,Stable
0.379609,0.396399,0.52371,0.5250893,0.47209033,0.18787055,0.7579397,0.5747504,0.69680595,0.029373638,0.7591827,0.48173448,0.75049055,0.19746485,0.78364265,0.43242463,0.77146596,0.20046274,Stable
0.37394953,0.3854949,0.5249847,0.51772666,0.4713815,0.18753307,0.7598199,0.56786734,0.70237446,0.027293175,0.75242543,0.4912187,0.7569134,0.14125776,0.78142536,0.42499542,0.77122355,0.19581418,Stable
0.37092286,0.37901422,0.52252024,0.514273,0.472835,0.18566523,0.75617,0.5666725,0.6971693,0.022612475,0.7480897,0.47365814,0.7526432,0.14212637,0.78088164,0.425192,0.7697972,0.1960833,Stable
0.37090716,0.37900215,0.522567,0.5142102,0.47278887,0.18559562,0.75596476,0.5666593,0.6971368,0.022700008,0.7481177,0.47397038,0.7525574,0.14224179,0.7808151,0.4249607,0.7696738,0.19603883,Stable
0.37641832,0.3709068,0.5186248,0.50830424,0.47231722,0.17920762,0.7592114,0.5523975,0.6975557,0.024425637,0.75600564,0.47266147,0.7506695,0.13848795,0.78139246,0.40927312,0.7672999,0.18302011,Stable
0.3619035,0.36395562,0.50826955,0.49534115,0.4622541,0.17806607,0.7412907,0.5397797,0.6785821,0.022373468,0.7484028,0.49780855,0.7420914,0.10786202,0.7756871,0.4036927,0.7627585,0.17966104,Stable
0.36070168,0.3401408,0.49800918,0.48277807,0.45935473,0.15260124,0.740955,0.51355994,0.66477406,0.021028578,0.7599012,0.4513738,0.74600315,0.055881374,0.77738756,0.3837028,0.771891,0.15213922,Stable
0.35813874,0.32135248,0.49898005,0.47233903,0.4642421,0.14113382,0.7545847,0.5174556,0.697713,0.017233185,0.76533145,0.40112588,0.75289834,0.15021294,0.7850301,0.3653592,0.7792783,0.13587065,Stable
0.358131,0.32124016,0.4989656,0.47234505,0.4643595,0.14120212,0.7544918,0.5173559,0.6974887,0.017230231,0.7654078,0.4009872,0.75305665,0.15016115,0.78481734,0.36533523,0.7791513,0.13589972,Stable
0.35242105,0.31892353,0.49439615,0.47924063,0.45958424,0.1472148,0.73435056,0.52512145,0.6506834,0.02261217,0.7671489,0.4469759,0.75670457,0.023909708,0.7794547,0.37503076,0.77407765,0.1467802,Stable
0.34838873,0.3248713,0.4791698,0.48291644,0.4466781,0.1538055,0.6927983,0.52614737,0.6520686,0.028752958,0.75559396,0.48836696,0.7309983,0.050410457,0.77323955,0.40424594,0.7728615,0.1656223,Stable
0.3343559,0.34295127,0.47432303,0.49798965,0.431458,0.17219114,0.7041122,0.5182011,0.61794627,0.026068773,0.7416092,0.4946754,0.7174345,0.027690351,0.77116627,0.4187042,0.76362765,0.16160384,Stable
0.33963948,0.3382665,0.47915864,0.48592123,0.43208802,0.16484408,0.7261137,0.5186257,0.6275733,0.029411815,0.7434916,0.4888936,0.7340238,0.02131958,0.773324,0.40294644,0.76450956,0.16995385,Stable
0.33971164,0.33809018,0.4791953,0.48576424,0.43198174,0.16486779,0.72562146,0.51819944,0.62762266,0.029422268,0.74692243,0.485488,0.734002,0.021363273,0.77320457,0.40285057,0.7643857,0.16994306,Stable
0.33522284,0.33479053,0.48006952,0.47571155,0.44178265,0.1582273,0.70624274,0.509565,0.6484164,0.028873604,0.73329973,0.49437398,0.7519864,0.031164749,0.7769014,0.40542698,0.7734806,0.17164837,Stable
0.3149929,0.32161692,0.47993624,0.47506952,0.43684715,0.14835319,0.67693615,0.506593,0.65412766,0.01974934,0.73964137,0.4875502,0.74295896,0.03186646,0.77725786,0.3992417,0.776852,0.15768954,Stable
0.30683336,0.32254055,0.47483838,0.4735379,0.43611234,0.13627559,0.67316544,0.5075057,0.67323625,0.023985758,0.74547476,0.49115932,0.75501627,0.028841414,0.76748246,0.41522372,0.76490897,0.16050908,Stable
0.31247097,0.3189671,0.47692347,0.47395158,0.44194382,0.12848124,0.7273874,0.5223942,0.68468565,0.023221556,0.7384107,0.49819517,0.7570478,0.030575782,0.7769679,0.401208,0.77464795,0.15481615,Stable
0.3122855,0.3188209,0.47683394,0.47398552,0.44189554,0.12855873,0.72657573,0.522128,0.6844267,0.023124587,0.73845816,0.49859697,0.75705075,0.030430375,0.77684724,0.40127707,0.774557,0.1549685,Stable
0.31405252,0.29789004,0.48161227,0.46594387,0.44544122,0.11256921,0.7304268,0.52398187,0.7068889,0.022081953,0.7409313,0.49836025,0.7493119,0.028243518,0.78799313,0.39023098,0.79487866,0.13921727,Stable
0.3198017,0.28302157,0.47659343,0.45805416,0.4492525,0.10662675,0.7322475,0.5386532,0.6969038,0.023927223,0.7404332,0.51554495,0.76126957,0.0341354,0.7865114,0.38182554,0.7887696,0.13802145,Stable
0.31982133,0.27321225,0.47707915,0.44458196,0.4510303,0.10367091,0.6987705,0.5252465,0.690668,0.022954367,0.7379471,0.5166378,0.76407903,0.02131902,0.78973526,0.36441347,0.79555166,0.13503891,Stable
0.31881058,0.23701267,0.47321945,0.42029965,0.46048206,0.059591245,0.7237372,0.5186298,0.70823574,0.020829726,0.7456064,0.5133704,0.7428662,0.028443929,0.7863637,0.35555667,0.80611944,0.11584824,Stable
0.31890026,0.23702186,0.47312233,0.42040938,0.46046433,0.059644397,0.72366446,0.5186148,0.70849884,0.020814512,0.74571085,0.51361024,0.7428691,0.028436642,0.7866034,0.35564408,0.8062915,0.11594565,Stable
0.3313675,0.2083508,0.4772576,0.3973119,0.46935564,0.038727876,0.70010567,0.4973712,0.7064804,0.01856553,0.7432382,0.4969079,0.76004785,0.024841126,0.79310715,0.3329114,0.81045544,0.0960218,Stable
0.33477566,0.17598692,0.47476798,0.3835137,0.4890594,0.026957765,0.68214935,0.479864,0.6899874,0.020417277,0.74673504,0.48147988,0.77159,0.03717781,0.7846221,0.35202557,0.8169174,0.09659845,Stable
0.35412818,0.15132985,0.463166,0.3813623,0.48853248,0.03054718,0.6725192,0.46842623,0.7219393,0.011991813,0.74823225,0.4812956,0.7678978,0.02863912,0.76950186,0.3901369,0.8092754,0.115336284,Stable
0.36375827,0.24242972,0.47577375,0.45104778,0.49585375,0.10498379,0.6885316,0.54043835,0.7286012,0.026599783,0.7501044,0.5486802,0.76819634,0.030915856,0.78954506,0.41032586,0.79893255,0.1767758,Stable
0.36371583,0.24235845,0.4757794,0.45094892,0.49582845,0.10494189,0.6893577,0.54035175,0.7288944,0.026507458,0.75031245,0.54885,0.7681927,0.03049209,0.7897546,0.41050217,0.79905814,0.17676276,Stable
0.36308372,0.31541485,0.48897684,0.4927243,0.488725,0.17271453,0.7387435,0.58643174,0.7393253,0.06384213,0.7500298,0.5538988,0.7695729,0.038986504,0.7849984,0.46580452,0.7885639,0.23616487,Stable
0.37166083,0.35332185,0.4909397,0.51595163,0.48798335,0.20515761,0.73032564,0.59913695,0.71802014,0.09964736,0.7477071,0.5913726,0.77589583,0.041699834,0.7847957,0.46719742,0.7851345,0.24106267,Stable
0.37471437,0.37687558,0.49663946,0.52718925,0.47787258,0.21611506,0.74112934,0.61057645,0.6945776,0.0987459,0.7509167,0.5907374,0.76920545,0.046879422,0.78815293,0.46282658,0.7850806,0.23038523,Stable
0.37081656,0.39718938,0.5125734,0.5388443,0.4639463,0.23628728,0.75055164,0.60772943,0.6849546,0.094236046,0.7485329,0.59354526,0.76187766,0.046442226,0.77873343,0.45490488,0.7735321,0.22585796,Stable
0.37108275,0.39692026,0.51240003,0.5389567,0.463976,0.23627776,0.7503337,0.6073258,0.68506026,0.094092995,0.74856085,0.5933533,0.76188374,0.04639373,0.7786392,0.4547962,0.7734005,0.22568862,Stable
0.37897536,0.4221507,0.5177952,0.55808747,0.46563262,0.2571605,0.74861383,0.625987,0.6676345,0.12658563,0.7598147,0.57483625,0.7601706,0.0633326,0.7734012,0.4564284,0.7569423,0.24064027,Stable
0.37850744,0.43595392,0.52520883,0.5665045,0.46453977,0.2705793,0.7504753,0.6197215,0.6693959,0.12946099,0.74732727,0.5781454,0.76951146,0.08325168,0.78071254,0.4631958,0.7722539,0.24979787,Stable
0.38456938,0.43009228,0.5296283,0.5660165,0.46682686,0.2684644,0.75311494,0.618315,0.6774155,0.12592039,0.748208,0.5903233,0.7598259,0.09937611,0.7744682,0.45799503,0.7664406,0.24423122,Stable
0.3823796,0.4248037,0.52419305,0.56441665,0.46597597,0.261253,0.75420254,0.6203916,0.67918646,0.12591113,0.75345457,0.59305906,0.76148653,0.097052686,0.7740332,0.45164916,0.76277447,0.2309593,Stable
0.3822362,0.42481357,0.52415115,0.56441593,0.46597037,0.2612688,0.75425756,0.62058043,0.67923117,0.12588209,0.7534396,0.59331316,0.76149046,0.09704202,0.77414936,0.451632,0.7628468,0.2310097,Stable
0.38297188,0.42163143,0.5172348,0.5660215,0.47117895,0.25983906,0.7468935,0.626608,0.6789974,0.12749246,0.75818723,0.60389394,0.7602824,0.10708144,0.77763766,0.4633736,0.7698308,0.252569,Stable
0.3832128,0.4192091,0.5141565,0.5685502,0.47269222,0.2649979,0.7405321,0.647505,0.6768993,0.13409826,0.7607967,0.6238375,0.7600584,0.1137888,0.77901137,0.4804942,0.7757566,0.2703207,Stable
0.38912734,0.4059837,0.51041937,0.5719129,0.48025447,0.26536268,0.7424209,0.6612848,0.6884514,0.14072834,0.76057506,0.6299926,0.76297396,0.12481886,0.780441,0.49410176,0.77884907,0.278474,Stable
0.3963533,0.3981796,0.50693613,0.5699348,0.48690435,0.26166725,0.7427025,0.6600678,0.7046299,0.13540672,0.7530369,0.6360504,0.7681381,0.13949822,0.7790627,0.49380636,0.77947587,0.27740192,Stable
0.39626664,0.39819306,0.5070414,0.5697659,0.48696274,0.2616458,0.74293727,0.65981376,0.7046764,0.13519548,0.753303,0.6353216,0.7682609,0.13944581,0.7792052,0.49360177,0.77954435,0.2773291,Stable
0.39746398,0.39685184,0.505604,0.5695926,0.4841954,0.26829606,0.7409228,0.66584444,0.70279855,0.14955775,0.7536845,0.64077723,0.7676887,0.12978601,0.777197,0.49976295,0.7786452,0.29138902,Stable
0.39095265,0.4055094,0.5069901,0.57763076,0.49027583,0.26764467,0.7446844,0.6701157,0.72586405,0.13989726,0.75570524,0.65141666,0.7755696,0.14570792,0.78175795,0.51220345,0.78457665,0.2938826,Stable
0.38981387,0.40609345,0.5044854,0.5773653,0.48729473,0.2751548,0.74100083,0.6706645,0.7210333,0.14670591,0.7624724,0.6624542,0.7755658,0.15065968,0.7766582,0.51445115,0.7803604,0.3045258,Stable
0.3955339,0.4093139,0.5052101,0.5767188,0.48773628,0.27689105,0.74364966,0.67468995,0.71803546,0.1499616,0.75040454,0.6584859,0.7756569,0.14913349,0.777704,0.51132244,0.7809249,0.29833764,Stable
0.39565718,0.40926585,0.5050627,0.57673144,0.48774445,0.27695343,0.7436713,0.67459595,0.7180867,0.1498961,0.75022745,0.6585999,0.77564394,0.14902027,0.77772397,0.51127374,0.7808658,0.2983232,Stable
0.3895274,0.40914327,0.50723207,0.5790135,0.48691058,0.2772219,0.74875516,0.6786355,0.7244677,0.14634527,0.75025153,0.64493656,0.77766913,0.15338996,0.7796055,0.51313424,0.78230405,0.29887778,Stable
0.39129743,0.41650876,0.50450253,0.5818728,0.4911878,0.28004646,0.74144214,0.67897284,0.7061856,0.17239277,0.76034737,0.6583722,0.77349967,0.15550442,0.77889293,0.5276011,0.7800813,0.3128376,Stable
0.39303622,0.42210388,0.50352097,0.58402145,0.48978382,0.28266847,0.7335702,0.67473245,0.70477957,0.1852415,0.7632928,0.67428935,0.7726135,0.16142347,0.78059244,0.5297705,0.78328204,0.31663296,Stable
0.38752192,0.42689967,0.5027891,0.58448756,0.4926915,0.28991175,0.7354652,0.674829,0.70425004,0.18623003,0.7591386,0.6682482,0.76996195,0.16854605,0.7781104,0.52896845,0.7785902,0.31735545,Minimum Sway
0.38736853,0.42695877,0.50265574,0.5843748,0.49261615,0.28981322,0.7355734,0.6749198,0.7045058,0.1864743,0.7593571,0.6681565,0.7701293,0.16850579,0.7781321,0.5289285,0.7786653,0.31738627,Minimum Sway
0.38886487,0.42690897,0.5058618,0.5852928,0.49225092,0.29242796,0.7270381,0.6695308,0.703452,0.19393186,0.7594379,0.6759393,0.7676605,0.17232214,0.7782093,0.52869993,0.7781886,0.32309827,Minimum Sway
0.39154062,0.42537642,0.50591093,0.58505774,0.49124226,0.29538095,0.7213127,0.6696364,0.6980366,0.20380269,0.7617938,0.6756345,0.7658764,0.17152612,0.77817893,0.53194726,0.7792041,0.32724977,Minimum Sway
0.3933054,0.42566115,0.5084926,0.5887902,0.4921101,0.29413196,0.73027176,0.67323625,0.7043328,0.2001001,0.75797176,0.6667985,0.76597923,0.1819706,0.7800569,0.5304432,0.77858126,0.3274929,Minimum Sway
0.39990193,0.4280579,0.50617415,0.5895233,0.49650407,0.2968288,0.737787,0.67698216,0.70424986,0.20191035,0.7606796,0.668578,0.7597973,0.18368575,0.7789155,0.5317154,0.78010607,0.33199078,Minimum Sway
0.40001053,0.4280486,0.5062858,0.58961457,0.49604714,0.2969145,0.7379278,0.67704624,0.70432293,0.2017797,0.7611031,0.66847134,0.7603082,0.18343717,0.7788581,0.53159446,0.77997684,0.33190367,Minimum Sway
0.39791483,0.42902172,0.5002029,0.58989894,0.494753,0.29967767,0.72074735,0.6709182,0.7000646,0.20781443,0.75969267,0.6808784,0.75608003,0.19004318,0.77822053,0.5355334,0.77807426,0.33395752,Minimum Sway
0.39699203,0.4312536,0.4996843,0.5903877,0.49839383,0.30523962,0.70622635,0.6687734,0.7008456,0.20882514,0.7565137,0.6853111,0.756205,0.18910567,0.77529895,0.53705597,0.7760243,0.33477896,Minimum Sway
0.39826235,0.43216228,0.5060686,0.5948143,0.4983887,0.3012262,0.7397291,0.6895954,0.70831704,0.20224762,0.75399494,0.66955245,0.76418936,0.19802068,0.78349704,0.54989195,0.78362596,0.33756435,Minimum Sway
0.3977568,0.43133104,0.5071422,0.5951948,0.4956197,0.30208012,0.73865885,0.69083405,0.7034962,0.21079162,0.7562296,0.6722871,0.7669836,0.19108939,0.7828661,0.5465863,0.781511,0.33411607,Minimum Sway
0.39823234,0.43121517,0.50711066,0.5951961,0.49549103,0.30209678,0.73859704,0.69074625,0.7035114,0.21065593,0.7561437,0.672155,0.7670421,0.19117132,0.782675,0.54642254,0.781315,0.33407623,Minimum Sway
0.40261453,0.42916232,0.5113684,0.5959938,0.50198317,0.30178383,0.7332002,0.69327587,0.69629335,0.21648142,0.7553437,0.6745374,0.74998474,0.19894966,0.7815474,0.55339783,0.7819783,0.33984002,Minimum Sway
0.39384818,0.43050784,0.5120124,0.5988679,0.49953133,0.30572072,0.73386097,0.69465125,0.69520396,0.2152338,0.7454609,0.67388403,0.75265115,0.19531947,0.77939004,0.5524822,0.7778678,0.34208512,Minimum Sway
0.39492413,0.42452347,0.5142411,0.6046362,0.5028057,0.3076645,0.75037855,0.7091445,0.7050426,0.21353671,0.7483109,0.676532,0.7565237,0.19511983,0.77956176,0.55349,0.77558804,0.3446927,Minimum Sway
0.39487284,0.42279738,0.5132775,0.604468,0.50427604,0.31309396,0.7466849,0.70832795,0.7013742,0.22281885,0.7466272,0.6780546,0.75642776,0.20144735,0.77814054,0.55226815,0.774091,0.34598038,Minimum Sway
0.39475068,0.42267412,0.5133511,0.6046933,0.50440013,0.31310982,0.74690294,0.7084335,0.7015841,0.22258358,0.7465596,0.6780046,0.7566445,0.20182848,0.7781205,0.55241096,0.7740385,0.34608766,Minimum Sway
0.3986624,0.41550595,0.5122184,0.60799223,0.50341785,0.31677938,0.7346016,0.7099638,0.7045046,0.22548366,0.75058293,0.6933371,0.75458634,0.20913772,0.7737447,0.5559547,0.772495,0.34909257,Minimum Sway
0.41021228,0.4144501,0.5151614,0.6111864,0.5059098,0.31796497,0.7477476,0.71308607,0.70945394,0.22911577,0.7523955,0.6809124,0.756837,0.21086454,0.7793221,0.5561162,0.7767853,0.34857532,Minimum Sway
0.4025086,0.41463205,0.514958,0.6096759,0.50315076,0.32242793,0.73722005,0.7135314,0.7130329,0.2319543,0.76374334,0.6987834,0.75850165,0.21330127,0.77786195,0.55689335,0.77736086,0.35196528,Minimum Sway
0.40682393,0.41704834,0.51681614,0.61417365,0.502723,0.32368276,0.74815315,0.71575224,0.71010554,0.24570131,0.75674295,0.69109195,0.75803745,0.22496709,0.7806877,0.5665316,0.779746,0.35937607,Minimum Sway
0.40709347,0.41682625,0.5168927,0.6142197,0.5027667,0.32373673,0.7482495,0.71576256,0.7101266,0.24565922,0.7567762,0.6907649,0.7580918,0.22517413,0.78073764,0.5665798,0.77976024,0.3595105,Minimum Sway
0.40991926,0.41713613,0.5126523,0.6132362,0.50338566,0.32568142,0.7337412,0.7101834,0.7106123,0.24290621,0.7661297,0.6952721,0.7592892,0.2246486,0.77852553,0.5675556,0.77708024,0.36087573,Minimum Sway
0.42059466,0.41626355,0.5096891,0.6146765,0.50591415,0.33068818,0.72136533,0.7010964,0.70413226,0.25040236,0.766066,0.7150714,0.76014674,0.22311287,0.7804703,0.56263316,0.77585113,0.35970554,Minimum Sway
0.39913893,0.42828918,0.5049759,0.6147056,0.5061871,0.33350664,0.7240769,0.7144732,0.7084454,0.24995238,0.7536781,0.7037649,0.7507677,0.24391359,0.7805339,0.56865025,0.77507544,0.36493263,Minimum Sway
0.39090618,0.43917665,0.50569,0.61737984,0.50813115,0.33849105,0.7241422,0.7219388,0.7065798,0.25920218,0.7523701,0.7019896,0.75907224,0.24088287,0.78090644,0.5724597,0.77827215,0.36721826,Minimum Sway
0.3909354,0.43947566,0.5058817,0.61736107,0.5082227,0.338492,0.7238199,0.7221324,0.7065415,0.25920683,0.7521278,0.7021407,0.7587878,0.24103175,0.78108585,0.5725257,0.77846515,0.3670846,Minimum Sway
0.40143645,0.43401247,0.5058645,0.62586164,0.5052948,0.34890336,0.71740526,0.7185466,0.7019633,0.2599164,0.75116014,0.6870116,0.75457686,0.25995046,0.7788695,0.5787828,0.7765245,0.37474412,Minimum Sway
0.39354572,0.43852815,0.5089483,0.6287838,0.5033359,0.34907204,0.7297914,0.7221352,0.7090842,0.26317185,0.75034165,0.70491123,0.7534494,0.2596544,0.7785515,0.5740979,0.7759098,0.378295,Minimum Sway
0.39616808,0.4407316,0.5132433,0.63301855,0.5030863,0.35590476,0.72100204,0.7286582,0.7025716,0.27544895,0.7558519,0.7226624,0.7503315,0.26548597,0.77856773,0.5753557,0.7763216,0.38121054,Minimum Sway
0.40345106,0.4376279,0.50897825,0.6334369,0.50369924,0.3550305,0.72448874,0.730487,0.698298,0.27729344,0.75396985,0.72608006,0.745835,0.27138373,0.77875984,0.5792664,0.77645576,0.38601065,Minimum Sway
0.40349996,0.43767244,0.5089631,0.6334069,0.50361145,0.3550337,0.7243914,0.7304956,0.69828624,0.2773414,0.753739,0.72599125,0.74586046,0.27126688,0.7787556,0.5790824,0.7764744,0.38571072,Minimum Sway
0.3961591,0.44549525,0.5039267,0.634755,0.50516,0.3572579,0.7174458,0.7309913,0.7075132,0.27249426,0.75335217,0.7257201,0.7469399,0.27853382,0.7763525,0.59443116,0.7764103,0.39026666,Minimum Sway
0.39620444,0.44775867,0.50537884,0.6358061,0.504702,0.35891697,0.724139,0.73762584,0.7094432,0.2757398,0.75476897,0.7183036,0.75181735,0.27311134,0.7758579,0.5869874,0.7756798,0.38747495,Minimum Sway
0.39340147,0.44918844,0.50438297,0.63842624,0.5046728,0.3601368,0.7304603,0.7425134,0.70449877,0.28245175,0.7543919,0.72228855,0.7558901,0.2829421,0.77492523,0.5888752,0.7747511,0.39162883,Minimum Sway
0.3975093,0.44849432,0.50857353,0.642862,0.5066017,0.36092144,0.73030156,0.7431469,0.7089123,0.279414,0.7589411,0.73262763,0.7465204,0.2806978,0.7752592,0.5930848,0.7777866,0.40042958,Minimum Sway
0.39760852,0.44843256,0.50854486,0.64280206,0.50672436,0.360957,0.7299794,0.74295586,0.7086853,0.27942944,0.75889194,0.73306024,0.74650514,0.28067812,0.7752885,0.59299123,0.77778286,0.40042025,Minimum Sway
0.39754778,0.45037493,0.5050646,0.6455151,0.5090107,0.36491212,0.72725314,0.7500059,0.71076214,0.28508016,0.7609365,0.73465914,0.74780905,0.27897504,0.7739238,0.59524024,0.77591336,0.40140533,Minimum Sway
0.3956097,0.45413363,0.49875838,0.6482981,0.506459,0.36820757,0.72846067,0.7536733,0.71284425,0.27809304,0.75825065,0.72532696,0.7452415,0.28466183,0.7685962,0.6010423,0.7709018,0.4043646,Minimum Sway
0.3916106,0.45674777,0.5051269,0.6510319,0.51227456,0.36734688,0.73779386,0.76002157,0.70541143,0.2920828,0.7592958,0.73128074,0.7529177,0.2827139,0.7765588,0.60975605,0.7796565,0.40743098,Minimum Sway
0.39646792,0.46094143,0.4986995,0.6486665,0.5110203,0.37044728,0.73127455,0.7575332,0.715687,0.284642,0.7565094,0.7334188,0.75590175,0.28795016,0.7734823,0.6086865,0.7781389,0.41163978,Minimum Sway
0.396398,0.46095031,0.49876404,0.6486414,0.5110061,0.37044343,0.7312623,0.75759876,0.71539515,0.28480497,0.75642127,0.7333703,0.7517437,0.28552327,0.77337015,0.60865057,0.7780223,0.41156942,Minimum Sway
0.40490925,0.46272123,0.49068698,0.65882635,0.50939995,0.37425935,0.72477424,0.75510216,0.71316063,0.29142356,0.7586104,0.7211639,0.7538573,0.2808658,0.7729499,0.6112049,0.7768497,0.41136515,Minimum Sway
0.39684543,0.4698636,0.49946854,0.64981383,0.51096594,0.37764066,0.7259142,0.7567184,0.71368635,0.2918961,0.7625577,0.7456887,0.7513226,0.28465354,0.776725,0.6074133,0.77824485,0.40960038,Minimum Sway
0.3985927,0.4687639,0.50240624,0.6549498,0.5046236,0.37756032,0.7234456,0.7560531,0.6996252,0.30229342,0.75910735,0.7668104,0.75851226,0.27863568,0.77452445,0.60867196,0.7732413,0.40736014,Minimum Sway
0.41216326,0.46656,0.50002086,0.6550313,0.5068913,0.38097334,0.7313118,0.7573558,0.7213291,0.29873988,0.76206577,0.7658529,0.7632469,0.27360117,0.77483433,0.61822903,0.77297974,0.41598997,Minimum Sway
0.41202533,0.4664229,0.5000889,0.6551279,0.50683135,0.3809167,0.731492,0.7573745,0.7213197,0.29873422,0.76187366,0.7658473,0.76330006,0.27401835,0.7747427,0.6181111,0.7728772,0.41578448,Minimum Sway
0.395128,0.47307548,0.49109086,0.65893054,0.50813705,0.38375148,0.7195086,0.76020926,0.7186543,0.30319062,0.76169866,0.7594845,0.7674855,0.26886964,0.77197933,0.6246992,0.77702254,0.42161664,Minimum Sway
0.40792465,0.47376403,0.49700254,0.6562549,0.5107255,0.38438815,0.73154986,0.76009935,0.72195905,0.30187675,0.7629299,0.75680536,0.76735413,0.27128506,0.77246845,0.6225086,0.7769424,0.42097455,Minimum Sway
0.401393,0.47228682,0.49798018,0.65656096,0.5083713,0.38400286,0.7254722,0.75649357,0.7216763,0.29915744,0.75881255,0.7588109,0.76594156,0.27762458,0.7723295,0.62413293,0.77663344,0.42231107,Minimum Sway
0.3976416,0.47793707,0.49611157,0.6586877,0.5052267,0.38381994,0.7184083,0.76337063,0.7173555,0.30690688,0.7569279,0.76142395,0.7661175,0.27583832,0.77276206,0.6259334,0.7752484,0.41976118,Minimum Sway
0.39813966,0.4782389,0.49809942,0.6608286,0.50546336,0.38389271,0.7190813,0.76386416,0.717222,0.30704558,0.7574143,0.76107234,0.7668234,0.27529964,0.7731549,0.62541187,0.7755929,0.4199949,Minimum Sway
0.39531392,0.4806907,0.4939825,0.656391,0.50552547,0.3855254,0.7256632,0.7604568,0.7080649,0.30923688,0.7581134,0.76194763,0.7562909,0.27053595,0.77643865,0.6167711,0.77713406,0.419931,Minimum Sway
0.38885045,0.48229465,0.50115556,0.65975684,0.50559676,0.38549447,0.7231135,0.75865674,0.7095008,0.308263,0.75649667,0.7631004,0.7549576,0.27244172,0.77509564,0.6197901,0.7767412,0.41990075,Minimum Sway
0.39109617,0.48445344,0.5009753,0.65932786,0.50840586,0.38490212,0.7231358,0.75935316,0.7141812,0.30964237,0.75853777,0.7599913,0.7534482,0.281295,0.7753587,0.6191307,0.7775928,0.414797,Minimum Sway
0.39329875,0.4836468,0.50157505,0.6604473,0.5080658,0.38709557,0.72458637,0.7582655,0.70833933,0.3088764,0.7607207,0.7580272,0.753813,0.2743554,0.7760918,0.6196957,0.77911735,0.41556722,Minimum Sway
0.39318117,0.48394725,0.5016947,0.66042256,0.50816655,0.3868887,0.7246017,0.7582761,0.708404,0.30888626,0.76059335,0.7579365,0.75371265,0.2746905,0.77604926,0.6196306,0.77912796,0.41550717,Minimum Sway
0.39754567,0.48367655,0.5017226,0.65787756,0.5102877,0.38945565,0.72658724,0.75181127,0.70672894,0.30532342,0.75579774,0.7529665,0.75204396,0.27705824,0.772248,0.6130644,0.77251136,0.4150564,Minimum Sway
0.395909,0.48430157,0.5033287,0.65621644,0.5098649,0.38877568,0.72663486,0.750595,0.7196653,0.30149615,0.76187575,0.7520206,0.75507015,0.27296588,0.77574027,0.6133806,0.7765453,0.41477728,Minimum Sway
0.3982602,0.48150814,0.49977893,0.6473218,0.50905585,0.39188612,0.7256717,0.73758686,0.70719284,0.31029415,0.75967836,0.75280714,0.7546615,0.3010832,0.7755668,0.6114712,0.7771558,0.41881573,Minimum Sway
0.3993069,0.48283383,0.50290656,0.6484896,0.50299966,0.390674,0.72814786,0.73655653,0.7036333,0.3119726,0.7588839,0.72328305,0.76212895,0.30230546,0.77517605,0.60486245,0.7722508,0.42150652,Minimum Sway
0.39933795,0.4828795,0.5028904,0.6484093,0.50288135,0.3907364,0.7283014,0.7366798,0.7035641,0.31212068,0.758824,0.72343415,0.7622933,0.30206326,0.7752688,0.60492253,0.77236575,0.42157042,Minimum Sway
0.40742856,0.4817707,0.5024047,0.65794957,0.5078296,0.39214456,0.7219,0.753853,0.70724905,0.31458044,0.7553701,0.7587168,0.74587405,0.31126407,0.78233397,0.61917967,0.7838491,0.42856997,Minimum Sway
0.39056337,0.48351714,0.5030822,0.6600771,0.50315917,0.39162552,0.70860404,0.7404191,0.70733154,0.31552798,0.751785,0.7406663,0.7394702,0.3090042,0.7761137,0.6157793,0.772103,0.42552334,Minimum Sway
0.39483654,0.4827654,0.5020703,0.6728396,0.5003511,0.39385545,0.71553993,0.75607216,0.70212865,0.32356304,0.7594733,0.7570263,0.74213445,0.31194293,0.7756816,0.61446583,0.7733051,0.42687696,Minimum Sway
0.39146495,0.4864255,0.5077857,0.6734492,0.5012561,0.3921489,0.73425806,0.7623393,0.7024514,0.32249528,0.75492567,0.7576382,0.7446329,0.31320146,0.77808285,0.6065488,0.77143097,0.41626078,Minimum Sway
0.3914388,0.48643708,0.5078744,0.67354316,0.50143075,0.39215526,0.7343327,0.76240206,0.7026303,0.32252052,0.7550368,0.7576573,0.74471277,0.3133678,0.7781141,0.60686904,0.77149224,0.4164353,Minimum Sway
0.3956163,0.49123204,0.5121662,0.67727053,0.5039584,0.3938443,0.7159065,0.7580526,0.70334923,0.3254756,0.7559919,0.76491344,0.7471256,0.3208462,0.77870935,0.6101301,0.7726469,0.4163606,Minimum Sway
0.39375675,0.49400252,0.50879675,0.68207955,0.49888074,0.39559507,0.72283065,0.7723734,0.7043428,0.3247657,0.75517523,0.7676015,0.75223994,0.3079837,0.7774857,0.61383706,0.77092505,0.4233322,Minimum Sway
0.3939174,0.49513063,0.5068817,0.68809223,0.4985587,0.39561123,0.71705073,0.7782075,0.70119876,0.32544908,0.75981426,0.7546649,0.74722576,0.30864754,0.7804452,0.6194418,0.7765362,0.42793435,Minimum Sway
0.3961637,0.4961081,0.5027803,0.69057345,0.5015919,0.3933546,0.7248532,0.7771275,0.70483875,0.32522166,0.7305628,0.7595558,0.74577916,0.30871838,0.7762109,0.62273175,0.77014613,0.42903373,Minimum Sway
0.39657825,0.4959917,0.5033017,0.69078887,0.5013289,0.3934623,0.72484416,0.776915,0.704807,0.3254353,0.7299998,0.75948113,0.74564016,0.30875912,0.7762468,0.62231827,0.77017087,0.42876446,Minimum Sway
0.40037915,0.50218004,0.50798815,0.69226116,0.50699997,0.3952824,0.727635,0.7794918,0.70507526,0.32939827,0.75173986,0.7642836,0.7451722,0.31636858,0.7771807,0.6345914,0.77440727,0.43188268,Minimum Sway
0.40062714,0.50299424,0.50709105,0.69279516,0.5078645,0.3959356,0.7269597,0.7789399,0.706509,0.3285122,0.75135076,0.7547053,0.75925434,0.31265816,0.7768351,0.63598305,0.7734241,0.43153965,Minimum Sway
0.40020522,0.503507,0.5073849,0.6973573,0.5080497,0.39798385,0.74017924,0.78406405,0.70729446,0.32804143,0.7478771,0.74933434,0.747991,0.31464297,0.7808585,0.63931984,0.77639544,0.43446678,Minimum Sway
0.39933404,0.5033926,0.5069846,0.69878614,0.5121819,0.40058953,0.751644,0.80019474,0.7131398,0.3231092,0.7560744,0.7292123,0.75316167,0.31019032,0.7816245,0.6416225,0.77919495,0.43787533,Stable
0.39922008,0.50336766,0.5069529,0.6988866,0.5122206,0.40061784,0.75102234,0.80033535,0.7131614,0.32316205,0.7561166,0.7289872,0.75321096,0.31019828,0.7816285,0.6418568,0.7792326,0.43798584,Stable
0.39434695,0.5085611,0.5044488,0.6906339,0.512416,0.40088052,0.7461831,0.8019981,0.7077719,0.33082777,0.7375917,0.7475423,0.7498197,0.3046198,0.77844036,0.64516467,0.7722683,0.43445215,Stable
0.39658427,0.50986564,0.50568825,0.69067496,0.5141641,0.40147132,0.726891,0.7808938,0.71302795,0.32039413,0.7424487,0.7436365,0.7535738,0.30943233,0.77554107,0.6413553,0.7699229,0.43531653,Stable
0.39662895,0.50802714,0.5002487,0.6874489,0.5143788,0.40230617,0.7221605,0.77677286,0.71063703,0.32951945,0.74990267,0.7448055,0.7512278,0.32892314,0.77542394,0.6304341,0.77031434,0.43854126,Stable
0.39675897,0.50148284,0.50135934,0.68435895,0.5161429,0.4021146,0.73114455,0.7775581,0.71314,0.32898542,0.7543348,0.743521,0.75560784,0.3112613,0.7801914,0.6321785,0.77467936,0.43618724,Stable
0.39674687,0.50148994,0.50136685,0.684324,0.5161875,0.4022116,0.7310072,0.77755296,0.7129607,0.32911494,0.7544296,0.7437143,0.75551957,0.3114335,0.7797419,0.6409943,0.77465856,0.436357,Stable
0.4024617,0.49911472,0.5024833,0.6848146,0.5171241,0.40742087,0.73149717,0.7779481,0.7085085,0.3318711,0.75105566,0.7459426,0.7586968,0.29589236,0.7768749,0.62791497,0.7721638,0.43427235,Stable
0.40204102,0.5006966,0.50595796,0.6897634,0.51423484,0.4040314,0.73837703,0.78680843,0.7085829,0.32888186,0.7527878,0.7374103,0.7605531,0.3189005,0.77856386,0.64330614,0.77577794,0.44221836,Stable
0.40104783,0.50170743,0.5067274,0.690993,0.5160699,0.40667754,0.74323505,0.78455377,0.7146133,0.32407808,0.75451326,0.73193085,0.7567768,0.30556142,0.779773,0.6418666,0.7763604,0.44235343,Stable
0.40006095,0.5011771,0.50563586,0.69181263,0.5162436,0.39969334,0.74338263,0.8006081,0.708321,0.3295483,0.7532505,0.7452589,0.7538785,0.3180403,0.78411955,0.64513695,0.78402305,0.44383097,Stable
0.4002436,0.50142616,0.5053678,0.6916162,0.51607597,0.39968583,0.7434554,0.80048555,0.7082429,0.32941937,0.7532004,0.7452857,0.7538046,0.3179482,0.7838948,0.64494896,0.7837853,0.44379407,Stable
0.39797872,0.50309,0.50291324,0.6937367,0.51673096,0.39809686,0.7441332,0.80212796,0.71899223,0.32336813,0.75373805,0.7486919,0.7545701,0.3133122,0.78313744,0.64852166,0.7836273,0.44428766,Stable
0.3938641,0.5130733,0.49763542,0.689582,0.51612175,0.39774007,0.73174274,0.77929354,0.71610564,0.3305322,0.7575349,0.7464242,0.752352,0.32192433,0.7784958,0.64582646,0.77618545,0.44343507,Stable
0.39649945,0.51203084,0.50444126,0.6971601,0.5219379,0.40353343,0.746475,0.782071,0.7175168,0.3279904,0.7563209,0.7291193,0.7571208,0.31507337,0.787439,0.6458589,0.78639954,0.45209283,Stable
0.40000325,0.51312673,0.49747223,0.7015624,0.5108576,0.41279265,0.7418443,0.80741787,0.7039207,0.33968696,0.7542596,0.74353975,0.7494832,0.31539673,0.78005123,0.65230775,0.77745795,0.45256612,Stable
0.39985117,0.51287746,0.49754888,0.7015946,0.5109174,0.4126498,0.7419113,0.8071364,0.704013,0.33929583,0.75409245,0.74319494,0.7504753,0.3147387,0.7799033,0.6518969,0.7771682,0.45222503,Stable
0.4042879,0.51482016,0.49846405,0.700611,0.5131176,0.41181892,0.74602455,0.7999023,0.71062016,0.33262908,0.7535722,0.74108946,0.7475385,0.31885993,0.7807772,0.6493517,0.77856326,0.45365757,Stable
0.39612812,0.520116,0.49856454,0.70259464,0.5133903,0.4178351,0.7458781,0.80006707,0.70298404,0.3376213,0.75530803,0.7444908,0.7475871,0.32190415,0.7782344,0.6450204,0.7763978,0.4523892,Stable
0.4013018,0.5171646,0.5013263,0.70333445,0.5155018,0.417709,0.74783015,0.8039595,0.711441,0.33000627,0.75699794,0.7547841,0.74969786,0.32858387,0.7889499,0.6525711,0.7879359,0.45557842,Stable
0.4046615,0.5175549,0.5068654,0.70880723,0.5142294,0.42442653,0.74456304,0.81049514,0.6999723,0.3371904,0.750266,0.7459995,0.750739,0.32910192,0.7848293,0.6639725,0.7864214,0.45616254,Stable
0.40469497,0.5175425,0.5071149,0.70894015,0.514295,0.424349,0.74472,0.8104172,0.70023555,0.3370794,0.7502774,0.74602884,0.7507178,0.32911974,0.7847356,0.66386807,0.7863388,0.45608327,Stable
0.40004513,0.521361,0.5028039,0.7091231,0.5146248,0.41789493,0.7456553,0.8131692,0.7314888,0.3206187,0.7470516,0.74604607,0.75328434,0.31832212,0.78583163,0.6675198,0.7866499,0.45781207,Stable
0.3973682,0.5240575,0.50238335,0.7073743,0.5142734,0.42091978,0.74335736,0.80900425,0.7206933,0.32476515,0.7421352,0.74498427,0.7454178,0.3168606,0.7832274,0.65141267,0.7788516,0.4535662,Stable
0.39525712,0.52358216,0.50687134,0.7110224,0.51477754,0.4181363,0.7451415,0.8132195,0.7172045,0.32677978,0.74068016,0.73956037,0.7559794,0.31044924,0.7937205,0.6533114,0.7907581,0.45025074,Stable
0.39405248,0.5233003,0.5028069,0.7054894,0.51816523,0.4157583,0.7465993,0.8093871,0.7221324,0.32234874,0.74832296,0.7482225,0.7603177,0.30520624,0.79024476,0.65195477,0.78832567,0.45384437,Stable
0.39307803,0.5234357,0.5030176,0.70541906,0.5179588,0.4152497,0.74667144,0.8098199,0.7224401,0.32252616,0.7488823,0.7472946,0.7602388,0.3050829,0.7909884,0.65209574,0.7886287,0.4531768,Stable
0.39332184,0.52320325,0.5031688,0.7045092,0.51558656,0.4176939,0.74353504,0.80697334,0.72096276,0.32111853,0.74714744,0.7613363,0.7667507,0.31120005,0.792278,0.66438675,0.7963928,0.45310247,Stable
0.39298272,0.5239608,0.49831557,0.70258945,0.51584476,0.41582868,0.74327075,0.79990137,0.71470475,0.32838154,0.7483334,0.7449359,0.7609698,0.30909386,0.7859794,0.66720575,0.788968,0.45652685,Stable
0.39245522,0.5252342,0.5023016,0.7036327,0.52042127,0.4123718,0.74365914,0.81215113,0.71432376,0.32419723,0.74950445,0.75837743,0.7495093,0.32425082,0.78588057,0.6674578,0.7890601,0.45621487,Stable
0.39510983,0.5250827,0.50287807,0.7032243,0.5189105,0.41188347,0.7358804,0.7977396,0.7002019,0.3305691,0.7517726,0.7578864,0.75262946,0.32155228,0.7867577,0.6642906,0.7890824,0.45290124,Stable
0.395077,0.52506125,0.50296605,0.7032703,0.5190736,0.41190144,0.7360015,0.7975528,0.70029974,0.33045983,0.7517118,0.7576883,0.75263274,0.32139438,0.78665316,0.6641354,0.7890583,0.4528306,Stable
0.39265096,0.5260589,0.50093484,0.6974529,0.52539104,0.41105473,0.7359947,0.800514,0.722978,0.31946823,0.7520534,0.7579808,0.75145423,0.32527456,0.7848384,0.6687261,0.78863275,0.45465136,Stable
0.3928538,0.5254668,0.5005125,0.6980293,0.52236587,0.41164625,0.73845816,0.7989952,0.72518337,0.3174706,0.75150484,0.7564248,0.76368326,0.31064883,0.7888118,0.6643589,0.7877936,0.4526595,Stable
0.3925929,0.5269209,0.5006642,0.6961936,0.5242264,0.41510808,0.73898005,0.7961477,0.71750104,0.31910595,0.7480127,0.7441554,0.7646801,0.3032197,0.7861775,0.65249145,0.78406304,0.45362923,Stable
0.3921318,0.52641547,0.50289035,0.6963593,0.524305,0.41278726,0.7427258,0.80966127,0.72300017,0.315651,0.74820113,0.7430279,0.7651923,0.31159815,0.78216183,0.66377723,0.78588593,0.45445734,Stable
0.39211804,0.52640855,0.50295436,0.6963405,0.5243182,0.41279632,0.74272436,0.80985844,0.7229705,0.31567833,0.74810374,0.7428569,0.76518625,0.31161404,0.78216743,0.6637492,0.78590626,0.45446333,Stable
0.39156967,0.52615935,0.49758515,0.6946815,0.5222418,0.4151294,0.74040425,0.7997898,0.7278186,0.31384486,0.74755025,0.74338406,0.7622018,0.31569853,0.78415704,0.6609314,0.7835912,0.45395133,Stable
0.3901461,0.5254168,0.498523,0.6906232,0.51934576,0.41427085,0.7374765,0.7851027,0.71916765,0.3190719,0.74868774,0.750134,0.762618,0.3117604,0.78112435,0.64524996,0.7786933,0.44956988,Stable
0.38803732,0.52507436,0.5002871,0.68752754,0.5209837,0.40899718,0.7368702,0.78511834,0.72272146,0.31458429,0.74986666,0.7497293,0.76254505,0.3119415,0.7855134,0.65271544,0.78390324,0.44733757,Stable
0.39354163,0.52586985,0.49214816,0.6864717,0.51910096,0.40722725,0.72313726,0.78475225,0.7157365,0.31924838,0.7484571,0.7473339,0.760978,0.30135542,0.77897966,0.6499649,0.7784843,0.44937927,Stable
0.39315844,0.5259303,0.49205416,0.6864426,0.5192276,0.40720922,0.7314577,0.7852852,0.71572345,0.31926447,0.74849164,0.74760044,0.7610187,0.30136314,0.7790303,0.6498351,0.7770673,0.44996244,Stable
0.3931594,0.52676153,0.49391478,0.68694663,0.5196475,0.40692803,0.7377171,0.78969884,0.7163497,0.3189553,0.75285095,0.74636185,0.75489557,0.3023667,0.78029746,0.6500129,0.778428,0.4418715,Stable
0.39508343,0.52411294,0.49873838,0.68844426,0.522204,0.40751803,0.74126214,0.8024885,0.7205043,0.31570143,0.7523555,0.7410065,0.759421,0.30138764,0.78212893,0.646057,0.7795304,0.4395432,Stable
0.3966964,0.5214253,0.49852633,0.688713,0.51650757,0.40792984,0.7360554,0.7835728,0.70759714,0.3207647,0.7509904,0.74415445,0.7597694,0.29882514,0.78332376,0.6425017,0.78024757,0.43563586,Stable
0.39092717,0.51822925,0.4988023,0.6872758,0.5142581,0.40430185,0.73654765,0.7809063,0.70399225,0.32089373,0.74863803,0.73620194,0.7575409,0.30705872,0.7840874,0.6418997,0.78273904,0.43772584,Stable
0.39348978,0.51898706,0.49873242,0.6870453,0.5144812,0.4043622,0.7363132,0.7807007,0.704015,0.32092023,0.7484938,0.73680735,0.75744647,0.30701447,0.7841024,0.6418684,0.7827277,0.43755203,Stable
0.3873274,0.51650786,0.4976234,0.6862003,0.5157001,0.4016717,0.74244285,0.7840809,0.71068037,0.31530696,0.75186324,0.7449814,0.7596037,0.31172055,0.780262,0.6444013,0.78039384,0.43693635,Stable
0.38620254,0.5161179,0.5003453,0.6853113,0.52089095,0.39984116,0.7447483,0.7853012,0.7215191,0.30711555,0.75157493,0.7434882,0.76331735,0.31002647,0.78081036,0.6450571,0.7798726,0.43624163,Stable
0.38733417,0.5189168,0.49852544,0.6836885,0.5176821,0.39885664,0.74117917,0.7847537,0.72303176,0.2970882,0.74918747,0.74646777,0.7664773,0.302149,0.7792311,0.64574724,0.776529,0.4379233,Stable
0.38958105,0.51871264,0.49853402,0.6844697,0.51578665,0.40181622,0.7408411,0.7837023,0.71706665,0.3132158,0.74772686,0.75737894,0.7655851,0.30141798,0.78278923,0.650262,0.7814829,0.44115484,Stable
0.3895352,0.51859987,0.49857968,0.6843879,0.51540136,0.40187782,0.7410135,0.7837646,0.71650475,0.3134995,0.7476547,0.7575478,0.7655537,0.3008788,0.7826127,0.6499492,0.78131795,0.44105408,Stable
0.38969535,0.51839507,0.5028001,0.68578976,0.51446724,0.40175098,0.7438318,0.7844157,0.7206645,0.3063053,0.74799883,0.75565886,0.765627,0.30038804,0.7813574,0.64864755,0.7804038,0.4405844,Stable
0.38852388,0.51985884,0.4988541,0.68394387,0.5173751,0.40130103,0.73712075,0.784024,0.7184855,0.3081053,0.74699867,0.74906886,0.76678723,0.29797274,0.78181237,0.6511704,0.7814565,0.4405197,Stable
0.387236,0.52039635,0.49355507,0.6827829,0.5148449,0.39963585,0.7346755,0.7809612,0.71732426,0.30679438,0.7466557,0.7501146,0.76737636,0.3069522,0.7808401,0.64899105,0.78151274,0.43939087,Stable
0.38472676,0.51889396,0.49872202,0.6834526,0.5146415,0.4005009,0.7321007,0.78128684,0.7152022,0.3082698,0.7492856,0.72313136,0.7645253,0.31389028,0.7832799,0.6438985,0.7834182,0.43885037,Stable
0.3851456,0.5187074,0.49864456,0.6834301,0.5146213,0.4005209,0.73232293,0.7812705,0.71503234,0.30879784,0.748443,0.7017681,0.7647189,0.31387424,0.7833216,0.6437044,0.78346455,0.43866155,Stable
0.38370836,0.51879305,0.49834666,0.6824635,0.5139086,0.40221405,0.72463816,0.7770414,0.71323705,0.31251204,0.75161785,0.7444066,0.7683612,0.30845892,0.78241754,0.6458841,0.78270257,0.43999338,Stable
0.3825575,0.5173234,0.49729905,0.6825057,0.51712674,0.40095228,0.73477644,0.7795799,0.71786374,0.31029832,0.7548138,0.76125306,0.7699704,0.30562198,0.7856829,0.6480958,0.78485215,0.43705153,Stable
0.38201421,0.5147859,0.49800798,0.6821853,0.51785153,0.39795125,0.7417015,0.7804915,0.71357787,0.3150748,0.75359243,0.7476501,0.7678547,0.3135401,0.7913377,0.65188986,0.79161215,0.4383723,Stable
0.3830673,0.51389426,0.49801907,0.6844415,0.5159531,0.3995366,0.7401395,0.78066224,0.71624726,0.31418574,0.7510179,0.74836224,0.7650111,0.3123183,0.7928802,0.6514733,0.7926713,0.4399589,Stable
0.3830449,0.51379436,0.49804068,0.6844109,0.5160827,0.39956653,0.7399342,0.78065157,0.71651363,0.31410536,0.7509333,0.74842155,0.7650198,0.31234315,0.7928955,0.6514753,0.7927136,0.43996224,Stable
0.38417763,0.51461756,0.49594784,0.6836593,0.5176072,0.40063938,0.7400378,0.7858077,0.71739453,0.31358957,0.7543781,0.7617128,0.7644093,0.31464952,0.78914034,0.65178716,0.7893386,0.4411431,Stable
0.38389194,0.5164174,0.4955084,0.6825463,0.5167506,0.40285176,0.73234767,0.7856299,0.70999694,0.31727847,0.7545358,0.7694886,0.76479,0.3135703,0.787786,0.6527709,0.78769773,0.44133624,Stable
0.3840718,0.5147437,0.49737513,0.68238205,0.51779145,0.39925766,0.7307882,0.7820126,0.71565026,0.31273693,0.7538233,0.75984263,0.76789206,0.30962098,0.7854489,0.6494673,0.7850523,0.43738437,Stable
0.38424814,0.5142555,0.4998959,0.6841118,0.5172947,0.39917034,0.7388286,0.7819648,0.71635884,0.3061843,0.7476678,0.729706,0.7682375,0.3091073,0.7839491,0.6459908,0.78361523,0.43633968,Stable
0.38431844,0.51421225,0.49980927,0.684149,0.5172249,0.39917275,0.7388685,0.78207177,0.7166061,0.30616438,0.7477859,0.7298619,0.7681613,0.30858526,0.7841586,0.64604706,0.7837574,0.43628725,Stable
0.38457727,0.5135761,0.49895543,0.6832675,0.51577055,0.4033186,0.7342533,0.7804692,0.711841,0.3059676,0.7481657,0.74936074,0.7662698,0.3035983,0.7779979,0.64182794,0.7769782,0.4332741,Stable
0.38482654,0.5142778,0.49684164,0.6826974,0.51437515,0.39841077,0.7387508,0.784641,0.7241576,0.30169347,0.74540776,0.7262437,0.76854396,0.30610445,0.781513,0.6433051,0.78023183,0.43430674,Stable
0.38231856,0.5146632,0.49483728,0.6841268,0.5200546,0.3957848,0.726055,0.7698981,0.73052114,0.2927665,0.747506,0.7509397,0.76538074,0.3058883,0.77956784,0.64583766,0.77976483,0.4338699,Stable
0.3860808,0.5100115,0.49351,0.68049836,0.51780117,0.39590096,0.7329909,0.77584183,0.72030985,0.2979243,0.7505026,0.7277226,0.76421183,0.30604133,0.77836096,0.64312756,0.77855533,0.43557507,Stable
0.385985,0.5100441,0.49344262,0.6804732,0.5180371,0.3959385,0.73250765,0.7760699,0.720181,0.29797673,0.750563,0.7277951,0.7641746,0.30623943,0.7784087,0.6433815,0.7786469,0.43576646,Stable
0.38363123,0.5119277,0.4920888,0.67815447,0.51871467,0.3955519,0.73109096,0.77736676,0.71911716,0.2993129,0.75192684,0.73068416,0.762373,0.30444103,0.77983797,0.64233214,0.7790617,0.43328333,Stable
0.3865716,0.50781304,0.49437928,0.6771533,0.5202636,0.39393854,0.73143816,0.772567,0.7198819,0.30260828,0.7507535,0.7313911,0.7621276,0.30440316,0.7804612,0.6423181,0.78045166,0.43335217,Stable
0.38629735,0.50539076,0.49515295,0.67827654,0.52260625,0.39286888,0.72952807,0.77377486,0.71470493,0.30221635,0.75106084,0.7341757,0.7664653,0.30432552,0.78097165,0.64284855,0.7812342,0.43166673,Stable
0.38690543,0.5044299,0.4974012,0.6768119,0.5193305,0.39256567,0.73175704,0.7748448,0.7249193,0.30002156,0.7403091,0.7042229,0.7685729,0.3029817,0.7804483,0.63171995,0.77881026,0.42855543,Stable
0.38685784,0.5044167,0.49732548,0.6767123,0.5192371,0.39270112,0.73192954,0.7750915,0.72486323,0.29997757,0.7402894,0.7037627,0.76829123,0.3027943,0.7802627,0.6315222,0.7785966,0.42856628,Stable
0.38707232,0.50498134,0.49502903,0.6788518,0.521626,0.39392564,0.7282965,0.7712435,0.72916335,0.2941398,0.7366737,0.67618763,0.77114975,0.30563724,0.78004813,0.6467173,0.78133166,0.43466696,Stable
0.38702068,0.5049192,0.49566993,0.6776423,0.524113,0.3945487,0.73001254,0.77158993,0.7306433,0.29362524,0.73801106,0.7079834,0.7756061,0.30414993,0.77929413,0.64600086,0.77972025,0.4341995,Stable
0.38694128,0.50544727,0.49716586,0.67703056,0.5240864,0.39296103,0.73266023,0.77156234,0.72630656,0.29563287,0.73865145,0.6838328,0.76649183,0.3072675,0.7800397,0.64563894,0.7804767,0.43483925,Stable
0.38709003,0.50440437,0.50086987,0.67605174,0.52189535,0.39338344,0.7333447,0.7695672,0.7246482,0.2969265,0.73741907,0.68103194,0.76507175,0.2988028,0.77810854,0.6321097,0.77634597,0.43160626,Stable
0.38719374,0.50446534,0.50089526,0.6760551,0.5218672,0.39342743,0.7334398,0.7695315,0.7246691,0.29690835,0.7374818,0.6808753,0.7651941,0.29887506,0.77812237,0.63216007,0.7763251,0.4315951,Stable
0.38829395,0.5039247,0.5023142,0.678097,0.5214381,0.3926921,0.7385521,0.76620746,0.7239032,0.30210125,0.7408735,0.7032623,0.7640542,0.3011458,0.7804033,0.6429744,0.780079,0.4339418,Stable
0.38770074,0.50367486,0.5018705,0.6778251,0.5221787,0.3923733,0.73423314,0.7662146,0.72646856,0.3005926,0.7436478,0.7299916,0.7691927,0.3019051,0.78221226,0.6454058,0.7832942,0.4348671,Stable
0.39085242,0.4999541,0.5024783,0.67886895,0.5249581,0.3925237,0.7358993,0.7718394,0.7332392,0.29357833,0.7372726,0.7026161,0.76654375,0.29890513,0.78052205,0.6456957,0.7812846,0.43205833,Stable
0.39581704,0.49933213,0.5032547,0.6778612,0.5260488,0.3946914,0.7407373,0.7714641,0.7300346,0.29232168,0.7466449,0.6786598,0.77090764,0.3029728,0.778427,0.64163876,0.7791158,0.4310894,Stable
0.39584053,0.49931228,0.50325274,0.6779675,0.52602375,0.3947166,0.7408167,0.77119005,0.73009336,0.2923538,0.7466966,0.6792096,0.7709528,0.30315337,0.77853084,0.64175475,0.77911466,0.4311987,Stable
0.3955562,0.5026257,0.50273573,0.6795513,0.5296921,0.39342326,0.742624,0.7795818,0.73993254,0.2882567,0.7492697,0.67882216,0.77026534,0.3108657,0.77795327,0.6401561,0.77825785,0.42959425,Stable
0.39538988,0.5070534,0.5048129,0.6801015,0.53017914,0.39081508,0.7443163,0.7811381,0.7393888,0.2911675,0.7503001,0.6784515,0.7770876,0.30822724,0.7841785,0.64282465,0.78539175,0.43333238,Stable
0.39499402,0.5139766,0.5002724,0.6809652,0.52814907,0.39163575,0.7400543,0.78180814,0.7332739,0.29464838,0.7456521,0.68211937,0.7748101,0.3078501,0.78238434,0.644849,0.78344643,0.43590367,Stable
0.39639091,0.51662385,0.49961662,0.68289196,0.52229464,0.3932155,0.74387616,0.7876452,0.726359,0.29463303,0.7462556,0.6746914,0.7744152,0.30799657,0.7866201,0.64641905,0.78825516,0.43811855,Stable
0.39645898,0.5166139,0.49958754,0.6828215,0.5223715,0.39319822,0.7436842,0.7874884,0.72641146,0.29455742,0.7462458,0.6749716,0.77452457,0.30807406,0.7866442,0.64640826,0.7883173,0.4381058,Stable
0.40040976,0.5178728,0.49651182,0.68364346,0.5186204,0.39523503,0.74529314,0.7827972,0.728682,0.2985095,0.7475125,0.7371398,0.7741601,0.30686536,0.78619546,0.646075,0.7863672,0.43738183,Stable
0.3979482,0.5193511,0.49777573,0.68231744,0.51621306,0.39652848,0.74199903,0.78197515,0.72192514,0.2984005,0.74889743,0.71072435,0.7744496,0.31085274,0.78357196,0.64856935,0.784074,0.4419067,Stable
0.39769432,0.52031523,0.49622643,0.68477124,0.51121634,0.39898643,0.7468404,0.7815053,0.7174482,0.30451918,0.74957126,0.7500651,0.77213645,0.3076657,0.78557515,0.6492653,0.7859594,0.4417212,Stable
0.39784262,0.52116257,0.50127053,0.68531513,0.51353085,0.39738223,0.74149674,0.78080857,0.72159004,0.3030953,0.75183195,0.7297923,0.7734517,0.30827543,0.78954995,0.6475827,0.78964204,0.43858433,Stable
0.397922,0.5212117,0.5010977,0.68535364,0.5135252,0.39731824,0.74145293,0.78076637,0.7216486,0.30292788,0.75171685,0.7301955,0.7733946,0.30813602,0.78946966,0.6476575,0.78951395,0.43859804,Stable
0.3959051,0.51824296,0.5002316,0.6845374,0.5155176,0.39817175,0.74532074,0.7828026,0.72468877,0.30159426,0.75415033,0.74927276,0.7697824,0.29792708,0.78615516,0.64920497,0.78615975,0.43916428,Stable
0.3966806,0.5190838,0.5017686,0.68555015,0.5194244,0.3964071,0.74795365,0.7824445,0.7348105,0.29743648,0.7532449,0.73134506,0.77507675,0.30983958,0.7858593,0.6495424,0.7860483,0.44085264,Stable
0.3993729,0.5213246,0.5023146,0.68432707,0.51587987,0.3956083,0.74473417,0.78032154,0.7398734,0.2938829,0.75118536,0.7289269,0.77317834,0.31573927,0.7880587,0.642719,0.7892622,0.4389133,Stable
0.399389,0.5213312,0.5023645,0.68438864,0.515939,0.39564574,0.7446847,0.78072226,0.73979974,0.2937761,0.7509142,0.72880876,0.7731597,0.31566742,0.7880191,0.6427245,0.7891022,0.43901464,Stable
0.39792174,0.51986647,0.50445247,0.6831326,0.51343066,0.39521596,0.7466284,0.7789919,0.73535335,0.29449865,0.75099146,0.72695947,0.7720129,0.31064123,0.78547823,0.63740396,0.78820944,0.4360175,Stable
0.39722812,0.5194246,0.5028626,0.68227166,0.51337427,0.3957758,0.74276346,0.77703637,0.72417676,0.2980609,0.7496416,0.7310841,0.7724023,0.30774182,0.78679335,0.6396199,0.7878947,0.43900216,Stable
0.397858,0.51969105,0.5026008,0.68265456,0.51504946,0.39862776,0.744418,0.7855012,0.71727896,0.30140984,0.75200987,0.6765058,0.77006954,0.30766442,0.7848922,0.64143026,0.7876403,0.4397527,Stable
0.39813563,0.52002996,0.5034367,0.6837952,0.5147314,0.40089065,0.74589074,0.7871016,0.71485424,0.31061584,0.75385946,0.6711333,0.7682198,0.30626255,0.7860989,0.6438712,0.78930116,0.44192606,Stable
0.3981216,0.5200292,0.5034138,0.683804,0.514711,0.40082118,0.7460298,0.7870314,0.71478486,0.31093687,0.7539012,0.6712188,0.7681714,0.30676663,0.7861742,0.64378786,0.78932154,0.44190466,Stable
0.3986228,0.5196083,0.50358146,0.6839995,0.5133927,0.4021921,0.7443621,0.77312565,0.70827675,0.31482017,0.75097436,0.6715097,0.765023,0.29888245,0.7836255,0.6412281,0.7835978,0.44056928,Stable
0.39905912,0.5186386,0.50326455,0.68485206,0.51710814,0.40121508,0.74313295,0.7863544,0.7151207,0.31320584,0.74771017,0.7021307,0.7642428,0.29790026,0.7830295,0.64316094,0.78239846,0.43850762,Stable
0.39881966,0.5194144,0.49835795,0.68439144,0.51612383,0.40140697,0.74173105,0.7842948,0.72661704,0.29647136,0.74555576,0.67206657,0.7664709,0.31091744,0.7819476,0.64452577,0.7829753,0.44112214,Stable
0.3987136,0.5177506,0.49766967,0.68384904,0.5133804,0.40427014,0.74324524,0.7838584,0.71662974,0.30938154,0.7487968,0.6713238,0.7602183,0.3065787,0.7816426,0.64157194,0.7826883,0.44093037,Stable
0.39869446,0.5177531,0.49766633,0.68374467,0.5132742,0.40428886,0.7432648,0.7838341,0.7166304,0.30937427,0.7487568,0.67107385,0.7601979,0.30642888,0.7815739,0.64138097,0.7826554,0.44080353,Stable
0.39862746,0.51723444,0.49887568,0.68321604,0.5193743,0.4028202,0.7460922,0.78433627,0.73719543,0.29494095,0.7493908,0.67671585,0.7672183,0.30203357,0.78178185,0.64307225,0.78308,0.442337,Stable
0.39750227,0.51791966,0.5000553,0.68326586,0.5178915,0.39953566,0.74305546,0.7816314,0.72733796,0.29649287,0.74819493,0.7431625,0.7751598,0.30284256,0.786026,0.6505485,0.78824794,0.44230935,Stable
0.3965368,0.51664233,0.5014999,0.6822922,0.51578736,0.39813888,0.74347436,0.78153646,0.7241262,0.29933813,0.7493539,0.6759666,0.7684643,0.30773246,0.78567547,0.6429665,0.78702307,0.440027,Stable
0.39867544,0.51649535,0.50567484,0.6816704,0.5126829,0.4000083,0.7437961,0.7708875,0.72166955,0.3059255,0.75150937,0.6730323,0.7671241,0.30322018,0.7885437,0.6392148,0.7875216,0.43894148,Stable
0.3987071,0.51656735,0.5055587,0.6816555,0.5126425,0.4000284,0.7458805,0.7813921,0.72153723,0.30612835,0.75130117,0.67358613,0.7671174,0.3028605,0.7885592,0.63953,0.78748816,0.43907195,Stable
0.3979059,0.51559144,0.50624907,0.68323386,0.5148178,0.4002088,0.7456542,0.785319,0.72038025,0.31291166,0.7496754,0.67862105,0.76787245,0.29438823,0.7863659,0.64255774,0.785159,0.44192657,Stable
0.397883,0.51428103,0.5040797,0.6839046,0.5124378,0.40062237,0.7461175,0.7836084,0.72581434,0.30498213,0.7495905,0.67428875,0.7657312,0.2960939,0.7849655,0.63960767,0.7845821,0.44100556,Stable
0.39758325,0.5139536,0.503914,0.6828507,0.5166595,0.40104756,0.7469077,0.78884023,0.7256675,0.29887158,0.7507334,0.67313695,0.7661418,0.31244975,0.78584427,0.64550847,0.7897035,0.4432114,Stable
0.39727125,0.51523256,0.5021482,0.6836659,0.5166266,0.39917457,0.745057,0.78656435,0.7176148,0.31349593,0.7469155,0.6554911,0.76363945,0.3111664,0.78669214,0.6477214,0.7883629,0.4451663,Stable
0.39733312,0.51518065,0.5021433,0.68362373,0.51646024,0.39926058,0.7450489,0.78658164,0.71739495,0.31354207,0.74698514,0.6555888,0.7636479,0.31071323,0.7867426,0.64772284,0.7884381,0.44514894,Stable
0.3989969,0.5160796,0.49827287,0.6874243,0.5141735,0.3996364,0.745631,0.7874446,0.7187772,0.31322086,0.7472555,0.67172784,0.7711601,0.30686653,0.787666,0.6492888,0.78878254,0.44474766,Stable
0.39816672,0.51923406,0.49462676,0.68710613,0.51329917,0.4021926,0.7426814,0.78492516,0.7208563,0.3079371,0.7475535,0.7045201,0.76634705,0.29784858,0.78786767,0.6508801,0.7877302,0.44317728,Stable
0.40398225,0.5171943,0.49958062,0.6897654,0.5182266,0.40487462,0.7457563,0.7876978,0.74092144,0.29013383,0.7486819,0.7053102,0.7638781,0.31720018,0.7871183,0.64996886,0.78795075,0.44094095,Stable
0.40161604,0.51863647,0.50073516,0.69104385,0.5134096,0.4062944,0.74770206,0.78665113,0.7314214,0.3001343,0.7477685,0.7028836,0.76947683,0.30866095,0.78812283,0.64349675,0.7844414,0.4388023,Stable
0.401578,0.5186559,0.5007616,0.6910109,0.5133724,0.4062502,0.7477679,0.78656113,0.7313184,0.3003297,0.74773586,0.7029408,0.7695956,0.30858263,0.7881446,0.64348406,0.7845088,0.43882978,Stable
0.3990065,0.5182188,0.50408494,0.6916152,0.5166403,0.40503713,0.7501482,0.7883296,0.73129696,0.30187792,0.74708927,0.7061507,0.7696051,0.30136365,0.7877929,0.645517,0.786658,0.43623242,Stable
0.40212947,0.51524895,0.49783993,0.6872234,0.5208744,0.40312052,0.74704283,0.78853333,0.73108137,0.29726493,0.7454444,0.6425994,0.7629931,0.31176233,0.78701127,0.648767,0.7892909,0.45097217,Stable
0.40205884,0.51524734,0.49983537,0.68440473,0.5221138,0.40130422,0.74619955,0.7886032,0.74287415,0.29126418,0.7465247,0.64316,0.76172805,0.322357,0.7880529,0.64983916,0.79242456,0.4506613,Stable
0.39965734,0.5143001,0.49935192,0.6847253,0.52152324,0.39997423,0.744864,0.7879404,0.7430603,0.28905624,0.74783635,0.66504467,0.7589437,0.32218957,0.78948635,0.64937365,0.7932246,0.44116348,Stable
0.39965975,0.5142814,0.4994306,0.6847424,0.52155983,0.39999875,0.74483746,0.7879633,0.7428391,0.28935122,0.747821,0.6649857,0.7590131,0.32190138,0.78949165,0.64926875,0.79318255,0.4411045,Stable
0.40686032,0.5096862,0.49850285,0.6859734,0.5169105,0.39913952,0.74628854,0.78318024,0.72980237,0.29630575,0.7471857,0.64906895,0.761265,0.3145112,0.78110504,0.6436489,0.7821065,0.43725,Stable
0.4181581,0.50334364,0.50205934,0.685734,0.51651716,0.40189528,0.7492017,0.78419197,0.72526133,0.3058155,0.7522492,0.6450484,0.7620236,0.30937314,0.787261,0.6269843,0.7812617,0.4336447,Stable
0.42018747,0.5033809,0.5006095,0.6893808,0.51826054,0.402126,0.74681824,0.78233355,0.7179441,0.30725366,0.74491656,0.6393442,0.76554394,0.30838302,0.78596133,0.62646383,0.78149456,0.43158114,Stable
0.41833568,0.50045943,0.505985,0.6906041,0.52217627,0.398833,0.744806,0.7805528,0.7236957,0.30224514,0.74867845,0.67050445,0.766549,0.30711815,0.784004,0.6408157,0.7836833,0.43405914,Stable
0.41827926,0.5004883,0.5061032,0.69048536,0.5220688,0.39873552,0.74483633,0.7802129,0.72365856,0.3022875,0.748775,0.67036843,0.7659814,0.30732244,0.7839915,0.64068377,0.78364533,0.43384558,Stable
0.4197993,0.49556565,0.5091398,0.6870455,0.5214989,0.40136898,0.75635976,0.7848289,0.7256195,0.30037135,0.74873805,0.64715105,0.7656517,0.3072186,0.78278387,0.63481915,0.7816707,0.43447185,Stable
0.42054135,0.4949131,0.50685024,0.68825334,0.51916474,0.39926142,0.75045145,0.78104275,0.7237369,0.2992425,0.7525989,0.65243155,0.7660247,0.30472115,0.7813635,0.6237748,0.7803179,0.4308785,Stable
0.4197324,0.4924577,0.50738996,0.6874542,0.52294487,0.3950147,0.75078297,0.78020805,0.74102926,0.29517114,0.749228,0.6305831,0.7635952,0.3091582,0.78216195,0.6388011,0.78449297,0.44299936,Stable
0.41829568,0.49487585,0.50405616,0.68822646,0.5268682,0.39374578,0.7473484,0.7728719,0.7392504,0.29167974,0.75155485,0.6233371,0.76543325,0.3064713,0.7776517,0.63621885,0.7777792,0.43031847,Stable
0.41831407,0.49511176,0.503981,0.6882024,0.5270095,0.39366323,0.747303,0.77296185,0.7393036,0.29162794,0.7515034,0.6232863,0.7653905,0.30662674,0.7801595,0.63609195,0.7777843,0.43040547,Stable
0.41546786,0.49334607,0.50167024,0.6854693,0.5201171,0.39088774,0.74427485,0.7693769,0.72862756,0.29080743,0.7464204,0.6273819,0.7566073,0.31035244,0.77607894,0.63254935,0.77407616,0.42852366,Stable
0.4150154,0.49118602,0.50337553,0.6861593,0.51933026,0.39056885,0.7480341,0.7686378,0.7367065,0.2934264,0.7512621,0.62795174,0.75494206,0.30880094,0.77957696,0.635915,0.7764435,0.4292663,Stable
0.41299134,0.49295735,0.5050938,0.68551207,0.5207596,0.39061138,0.74739385,0.77248394,0.7357659,0.2925594,0.75725293,0.6319045,0.7590207,0.30418128,0.7787638,0.6268472,0.7775557,0.4308338,Stable
0.40969032,0.49060115,0.50431836,0.6858019,0.5241109,0.3907156,0.74679005,0.7720628,0.73917544,0.28719038,0.75398254,0.6326196,0.76180804,0.30835843,0.7808432,0.638572,0.78028506,0.4316702,Stable
0.40989667,0.4910186,0.50408745,0.68543375,0.5241162,0.3907947,0.74671316,0.7719199,0.73968047,0.2877586,0.75417775,0.6330521,0.7627696,0.30795544,0.78155136,0.63930875,0.78113216,0.43191284,Stable
0.41176015,0.48885906,0.5027411,0.6869767,0.52340925,0.39259705,0.75049496,0.7714345,0.74025404,0.29031205,0.7580118,0.60923576,0.7683058,0.30081025,0.78331196,0.6238191,0.78129816,0.4308418,Stable
0.41646123,0.48898253,0.5043613,0.6857128,0.5202216,0.3916065,0.75513244,0.7743354,0.7397727,0.2931998,0.7604258,0.6146612,0.76540315,0.30691132,0.7819526,0.63611645,0.781233,0.4316922,Stable
0.41227457,0.48988152,0.49850652,0.6846545,0.5248697,0.39430472,0.7468504,0.7689383,0.7277679,0.30082434,0.75008,0.6328437,0.7703581,0.3088776,0.7830614,0.62707996,0.78061616,0.4304696,Stable
0.39982408,0.5005485,0.4980458,0.684989,0.52672386,0.39285702,0.74590844,0.7675213,0.7385127,0.29360646,0.7522919,0.6500352,0.76979625,0.31011164,0.7834915,0.63904375,0.78295696,0.43132922,Stable
0.3998593,0.5004963,0.49804878,0.68502057,0.52664757,0.39319336,0.7459034,0.767527,0.73828554,0.29347888,0.7522708,0.64993024,0.769858,0.31023794,0.7834958,0.63910246,0.7829279,0.43154857,Stable
0.401577,0.49913102,0.4992791,0.68610036,0.52205884,0.39317307,0.74670833,0.7701112,0.7358804,0.29419476,0.7511513,0.6356587,0.766237,0.30792826,0.78277445,0.63849527,0.783929,0.4353279,Stable
0.4009328,0.5076049,0.49978292,0.68672264,0.5220809,0.3934573,0.7497828,0.772377,0.7386584,0.29307428,0.7581846,0.6494582,0.7746255,0.2984168,0.7805792,0.6353473,0.7778697,0.43042633,Stable
0.39751586,0.509869,0.49807757,0.68391895,0.51886714,0.38869226,0.7456392,0.77581877,0.72951,0.29711843,0.75040764,0.67983806,0.764368,0.2962228,0.7798822,0.635767,0.7765151,0.42797965,Stable
0.39844745,0.51432174,0.49948928,0.68416566,0.5204953,0.38674352,0.7462706,0.7671623,0.7338227,0.2872992,0.74185,0.68825686,0.75545996,0.303424,0.78128314,0.63377833,0.77591896,0.42560977,Stable
0.39847,0.5141252,0.49963248,0.68411326,0.5201212,0.38666698,0.746077,0.7670796,0.7331275,0.2879934,0.7417691,0.6879883,0.75522995,0.30345172,0.7811593,0.6333794,0.7757787,0.4252385,Stable
0.39711583,0.5128906,0.4990676,0.68495584,0.515998,0.38861656,0.7447831,0.7700983,0.7239766,0.2904201,0.7502873,0.679428,0.75642985,0.30764854,0.7756653,0.63574314,0.77137655,0.42957732,Stable
0.39227885,0.51318586,0.49798995,0.6827626,0.5148735,0.38885558,0.7460126,0.7665231,0.7325821,0.2860854,0.7429929,0.6775727,0.75947905,0.30949208,0.7769196,0.62126386,0.7710483,0.4195845,Stable
0.3910309,0.51429284,0.50054747,0.68377465,0.5169113,0.38668007,0.7462239,0.7682774,0.73616374,0.2870181,0.75148314,0.67189145,0.76308453,0.30450553,0.77603924,0.63428247,0.7763306,0.4288355,Stable
0.3921097,0.5142836,0.49929428,0.68345785,0.5174998,0.38624525,0.7464198,0.7680011,0.73581064,0.28691345,0.7523129,0.6790093,0.7618186,0.3013797,0.7762227,0.63517904,0.77439755,0.4292267,Stable
0.392196,0.5142665,0.49924052,0.68351144,0.5175656,0.38612098,0.74617976,0.76803535,0.735837,0.28674427,0.7523527,0.67880404,0.7616965,0.30163237,0.7758926,0.63528806,0.7741241,0.42937708,Stable
0.39215648,0.5157617,0.49854648,0.6839919,0.5198761,0.38736814,0.7428552,0.77478623,0.72990286,0.28832552,0.7419983,0.70769835,0.7671668,0.28758413,0.7775247,0.6412633,0.7753948,0.43044382,Stable
0.38966247,0.51457417,0.49976617,0.6855067,0.52047944,0.39064047,0.74474096,0.7763724,0.735702,0.28590244,0.7503564,0.7113547,0.7676565,0.28560767,0.7778894,0.6387759,0.77587646,0.42911696,Stable
0.38888955,0.51560676,0.50114524,0.68560946,0.5189098,0.38775158,0.7427201,0.7746718,0.73352265,0.2846539,0.75224805,0.7084126,0.76634836,0.2834446,0.77882475,0.63860846,0.7788621,0.4311739,Stable
0.3895187,0.5176994,0.5011837,0.6873882,0.517511,0.38672906,0.74308026,0.77137184,0.730267,0.28364027,0.75262296,0.7075503,0.765924,0.28843296,0.78259516,0.6374228,0.78158903,0.42961383,Stable
0.3894074,0.5178023,0.5010959,0.68734896,0.517529,0.3870353,0.7431568,0.77116674,0.7298982,0.28447384,0.75287247,0.706818,0.7664704,0.2892856,0.78267515,0.63724625,0.7815851,0.42973113,Stable
0.39076453,0.5192764,0.50111306,0.6855985,0.51928854,0.391155,0.7429457,0.77304864,0.73020357,0.28624654,0.7580254,0.67281115,0.76282454,0.30131817,0.7833168,0.6381241,0.78256,0.4324298,Stable
0.38986596,0.51899,0.5046462,0.6839161,0.5177299,0.39039284,0.74220675,0.76701033,0.72293705,0.28941897,0.75759196,0.6496713,0.7596857,0.30282706,0.78404206,0.62444127,0.77880466,0.42781696,Stable
0.38941252,0.51936835,0.50598764,0.68343824,0.5189948,0.3915711,0.7455027,0.7676356,0.73138535,0.2833156,0.75335664,0.67929494,0.7688793,0.29362318,0.7820616,0.6359438,0.7796392,0.42805982,Stable
0.38949022,0.51917404,0.5054278,0.6840012,0.52065766,0.39275706,0.7460195,0.77176756,0.7371919,0.2752096,0.7549528,0.6464621,0.7719077,0.28971833,0.78481734,0.6384887,0.78420043,0.42790884,Stable
0.38938603,0.5191685,0.5050962,0.6841587,0.5206543,0.3926092,0.7455709,0.7714981,0.73689216,0.2755404,0.75480694,0.6466187,0.77245325,0.29030782,0.784702,0.6390277,0.7839453,0.42764327,Stable
0.38987267,0.5192316,0.49889705,0.684174,0.52033055,0.3868298,0.7425691,0.7705214,0.7368151,0.28182834,0.75349486,0.7089367,0.7678062,0.2888562,0.7818235,0.6405167,0.77971613,0.4275471,Stable
0.38864145,0.51678956,0.49807215,0.6851556,0.5212961,0.3877469,0.74386835,0.76811975,0.73222685,0.2804965,0.7481444,0.7140781,0.7677407,0.28566462,0.777368,0.6367532,0.7748096,0.42692232,Stable
0.39205438,0.5161972,0.50335217,0.6780109,0.5140855,0.3906818,0.7439989,0.7659,0.7251362,0.2811373,0.7517282,0.7055864,0.77278006,0.28770703,0.77790284,0.63315344,0.7762674,0.4255565,Stable
0.39187407,0.51558435,0.50560784,0.6827859,0.5138509,0.3879115,0.7431253,0.7661023,0.7228836,0.28741652,0.7476883,0.70910716,0.76796377,0.29339814,0.77531636,0.6360059,0.7728051,0.42526674,Stable
0.3918022,0.51557267,0.5056635,0.6826434,0.51390016,0.38800436,0.7432678,0.76594657,0.7228834,0.28752762,0.7479062,0.7084386,0.767985,0.29352295,0.77538246,0.6357856,0.7729664,0.42537695,Stable
0.38935256,0.5204049,0.5026791,0.68032426,0.52018476,0.38755977,0.74263203,0.7686853,0.730973,0.28129768,0.7503818,0.7071592,0.77328026,0.28562534,0.7802403,0.6367727,0.77905214,0.42560515,Stable
0.3896196,0.5198295,0.50517136,0.6804004,0.52228904,0.3869961,0.74299425,0.767442,0.740344,0.26830298,0.75289226,0.7293619,0.7631955,0.30033362,0.7809178,0.6393625,0.780188,0.4285153,Stable
0.38814652,0.5197363,0.50811577,0.6788131,0.51606095,0.38642633,0.7440413,0.76688164,0.72981375,0.2761021,0.7540816,0.7311175,0.76359594,0.28181493,0.78053963,0.6366652,0.7801112,0.42656744,Stable
0.3875019,0.5190472,0.50741166,0.67960596,0.51693237,0.38676423,0.74167955,0.76607716,0.7327863,0.27820727,0.75066113,0.7359725,0.76705474,0.27761713,0.7812841,0.63861907,0.78062856,0.42588136,Stable
0.38749695,0.5190598,0.5073031,0.67955726,0.51687294,0.38672492,0.74156606,0.7660438,0.7327851,0.27823973,0.75060076,0.7361193,0.76709425,0.27764255,0.78115165,0.63844526,0.78048575,0.42577863,Stable
0.38888997,0.5208719,0.50976884,0.6766778,0.51791173,0.38780653,0.74360937,0.7653526,0.7383358,0.27112594,0.7515435,0.6815225,0.76351917,0.2830133,0.78209054,0.63437724,0.78129286,0.427159,Stable
0.38837832,0.52106094,0.5089452,0.67713726,0.5169728,0.38808215,0.7423701,0.76549363,0.74099964,0.27023214,0.7515182,0.7080145,0.7647602,0.2872328,0.78390133,0.634291,0.7834542,0.4266877,Stable
0.385434,0.51842105,0.51128805,0.677103,0.51473546,0.38806316,0.74168575,0.7629229,0.7192739,0.28288707,0.7501428,0.708914,0.75715435,0.28274888,0.7794773,0.6349038,0.7801235,0.43153557,Stable
0.38856608,0.5211689,0.51190025,0.6730714,0.51895857,0.38691068,0.74330866,0.7643323,0.7439631,0.260045,0.75599205,0.65412784,0.7580335,0.30746907,0.7844137,0.63412976,0.7844287,0.4321723,Stable
0.38863802,0.5212227,0.5119649,0.6729326,0.51904243,0.38695806,0.74326956,0.7642831,0.7438647,0.2599979,0.75587654,0.65408576,0.7579335,0.30716738,0.7843385,0.63421655,0.78449106,0.43227398,Stable
0.38769636,0.5214763,0.5089438,0.6738948,0.51694125,0.3869685,0.74304265,0.764382,0.7238704,0.27226406,0.75255674,0.68024635,0.75244826,0.2937399,0.7814869,0.6318004,0.7796998,0.43204245,Stable
0.3862883,0.5192936,0.50601184,0.67154276,0.51533616,0.3868574,0.7428272,0.76395786,0.729769,0.27227813,0.7506677,0.7078962,0.76095957,0.2939597,0.77823925,0.63416785,0.7790188,0.4300427,Stable
0.38376302,0.5198883,0.508596,0.6719949,0.51580393,0.38813746,0.7431289,0.76474446,0.7242922,0.27985716,0.7509417,0.67910075,0.7610177,0.2946969,0.78064394,0.6354888,0.78052604,0.43022603,Stable
0.3856592,0.5225133,0.5074381,0.6737882,0.51662487,0.38635832,0.7405292,0.7645204,0.72588205,0.28060195,0.7521345,0.65291226,0.7594539,0.30829802,0.7798883,0.6355889,0.78041804,0.43115056,Stable
0.3856545,0.52253175,0.50744337,0.6737544,0.51659775,0.38639563,0.74056953,0.7644932,0.7258577,0.28063667,0.75222456,0.6525569,0.7594348,0.3084858,0.7798857,0.635546,0.7804427,0.43113193,Stable
0.38507625,0.52256477,0.5031359,0.67242754,0.51374006,0.39218205,0.7392868,0.7621639,0.7222115,0.2836185,0.75159836,0.65175474,0.75814354,0.2981971,0.77709,0.63365567,0.77792287,0.42989898,Stable
0.3836714,0.52054465,0.503298,0.6699408,0.51608557,0.38954148,0.74177766,0.76430386,0.72488296,0.2830296,0.7523627,0.6804035,0.7613946,0.29445052,0.7808606,0.6346426,0.7814705,0.42949268,Stable
0.38448307,0.5195046,0.5033475,0.670129,0.5147434,0.38589665,0.74113965,0.76340973,0.7318511,0.2739975,0.75274897,0.72842026,0.7586055,0.29449567,0.77891505,0.63309103,0.779236,0.41998205,Stable
0.38599813,0.5201346,0.5078276,0.66978145,0.5187899,0.38342232,0.7439832,0.7653558,0.7462336,0.27096653,0.75735927,0.6525564,0.7614326,0.29746112,0.78335255,0.62520456,0.7826297,0.42185068,Stable
0.38597697,0.5202421,0.5079107,0.6698022,0.5187184,0.38339525,0.7439897,0.7654536,0.7461773,0.2709867,0.7573396,0.6524054,0.7614896,0.297431,0.7833192,0.6251205,0.7825905,0.42176613,Stable
0.38196427,0.5197301,0.5104576,0.6681781,0.51592964,0.38607627,0.7435434,0.7613,0.7358997,0.27433744,0.76002336,0.65019715,0.7679028,0.29941326,0.7877657,0.6188557,0.78567505,0.41939253,Stable
0.38048244,0.5133093,0.50738233,0.66708875,0.5165936,0.38326344,0.7421899,0.76382244,0.73428077,0.27692613,0.75784105,0.65272415,0.76544356,0.29390362,0.79018104,0.62635493,0.7890663,0.42385134,Stable
0.38087678,0.5100141,0.5066539,0.6662098,0.5172786,0.3817136,0.74165404,0.76118743,0.73244953,0.27621898,0.75134516,0.70882577,0.76439345,0.28689077,0.7829544,0.6220443,0.78140795,0.41856062,Stable
0.3824837,0.5065813,0.5072229,0.6611663,0.5141357,0.37859982,0.7447735,0.7627472,0.7277099,0.27529836,0.75774527,0.6539606,0.7671675,0.2821164,0.78106153,0.6251373,0.78011364,0.42139086,Stable
0.38249147,0.50663406,0.50741494,0.6610695,0.5141334,0.37859318,0.7450087,0.76265854,0.7278367,0.27545795,0.7578312,0.6536851,0.76723945,0.28215307,0.7811233,0.62495077,0.7802157,0.42140657,Stable
0.38360494,0.50151956,0.50773215,0.6620933,0.51381683,0.38193056,0.74603176,0.7621728,0.7237276,0.27941602,0.7576999,0.62971854,0.76081365,0.29194742,0.78042626,0.61968315,0.77788997,0.41739404,Stable
0.38214058,0.49970198,0.5087931,0.66061234,0.5176426,0.37964523,0.74215335,0.76153386,0.73791045,0.27301872,0.75306386,0.6263888,0.77027506,0.29875976,0.78408945,0.6255901,0.7836349,0.42832822,Stable
0.38129318,0.4971891,0.51047045,0.6602624,0.5161074,0.37836486,0.74279565,0.76055527,0.7374379,0.27501458,0.75171995,0.6112307,0.7734965,0.29500008,0.7801187,0.6181013,0.77857584,0.42255446,Stable
0.38103026,0.49788624,0.50944614,0.6606871,0.51899683,0.3791265,0.7441332,0.76586217,0.7379048,0.27543962,0.7522031,0.61319256,0.7703618,0.2961939,0.7810979,0.6209476,0.7803473,0.432111,Stable
0.38101444,0.49793363,0.5094424,0.660723,0.51902956,0.37907958,0.7442155,0.76580966,0.7381401,0.27538696,0.7521092,0.61299884,0.77022994,0.29658753,0.7810513,0.6208442,0.7803227,0.43225616,Stable
0.38182065,0.49795705,0.50752383,0.661098,0.5169766,0.37976187,0.7429805,0.76610535,0.73304975,0.2768794,0.7515077,0.6158251,0.7723176,0.290662,0.7817647,0.62011737,0.7812811,0.43238848,Stable
0.3854304,0.4981773,0.5042037,0.6599713,0.5191672,0.3824674,0.7420909,0.76362705,0.7267504,0.28600153,0.75479984,0.6278683,0.77441996,0.2941569,0.77949953,0.62360775,0.7809634,0.43520534,Stable
0.38789567,0.5042153,0.5061096,0.6641623,0.5213349,0.38123298,0.7457935,0.7633877,0.7380284,0.275175,0.75207824,0.61506283,0.77005565,0.30572063,0.783116,0.63312787,0.784562,0.43404076,Stable
0.38684663,0.50577825,0.50430053,0.66537625,0.52286106,0.381585,0.7453991,0.76435053,0.74178207,0.2733161,0.7600958,0.64575875,0.77285737,0.3024459,0.7841668,0.6370183,0.7851173,0.43504357,Stable
0.38685545,0.5057959,0.50432587,0.6654253,0.5228506,0.38162988,0.7455,0.76450294,0.74188447,0.27334413,0.76014537,0.6457823,0.7727902,0.30244553,0.78411597,0.6369711,0.78509825,0.43502587,Stable
0.38701436,0.50619555,0.5062951,0.6646799,0.5189277,0.38317537,0.7436044,0.7643236,0.7378888,0.27663848,0.75999945,0.6487664,0.7742745,0.2904291,0.7839943,0.63634574,0.7840183,0.43083644,Stable
0.38485572,0.50617343,0.5057513,0.6645937,0.5159936,0.3859393,0.7414541,0.7640346,0.72779167,0.27630648,0.75922006,0.64611703,0.77435845,0.29258987,0.78294945,0.6242852,0.7829153,0.43143463,Stable
0.38295466,0.51080716,0.50361073,0.6645323,0.51955235,0.38554096,0.7400219,0.76567304,0.73537105,0.27554142,0.758191,0.6469658,0.77574867,0.29548144,0.781976,0.63817084,0.7842947,0.43679413,Stable
0.38390034,0.5108316,0.50404143,0.66524065,0.5205828,0.3856272,0.7451166,0.7646805,0.7354777,0.27403662,0.7569871,0.6514983,0.7701967,0.29540083,0.7821054,0.6367675,0.78409564,0.4331361,Stable
0.38336718,0.5108131,0.50401986,0.6650365,0.5210669,0.38588727,0.74496067,0.765077,0.73491615,0.27391776,0.7554791,0.6744475,0.7709625,0.2957825,0.78220534,0.6374421,0.78433657,0.43407652,Stable
0.38355836,0.5115323,0.50099826,0.6643038,0.5175867,0.38528568,0.74455345,0.7651291,0.7275418,0.28667372,0.7556355,0.6772715,0.77243274,0.2848036,0.78168106,0.6362872,0.782473,0.43256348,Stable
0.38427997,0.51249933,0.50055283,0.66675633,0.51396906,0.38876092,0.74217147,0.76544464,0.725795,0.28700185,0.75765014,0.64561033,0.7778293,0.2940076,0.7781016,0.63641465,0.7788765,0.43267617,Stable
0.3859952,0.51235783,0.50070703,0.66761386,0.514927,0.38492066,0.7393457,0.7625302,0.72548616,0.2819531,0.75407445,0.67794955,0.7723923,0.29772252,0.77912295,0.63701785,0.78018737,0.43438178,Stable
0.3847592,0.5143161,0.50220215,0.66644007,0.51888096,0.38588163,0.7434995,0.76658964,0.7329886,0.2806579,0.75752354,0.6432844,0.77352095,0.30495226,0.7812319,0.63815093,0.7827768,0.4362781,Stable
0.38475618,0.5143079,0.5022029,0.66643065,0.5188733,0.38586205,0.74350137,0.76661795,0.7330012,0.280634,0.7575392,0.6432282,0.773457,0.3049773,0.7811639,0.63807625,0.7827426,0.436211,Stable
0.38508233,0.51891863,0.50216544,0.6665362,0.51970196,0.38390183,0.74014795,0.7650125,0.7332298,0.27815285,0.75574934,0.6505627,0.7757828,0.30303243,0.77795213,0.6361735,0.779412,0.43484813,Stable
0.38549596,0.52406985,0.5020369,0.6678649,0.5188706,0.38469344,0.74013126,0.76652926,0.73432183,0.27776074,0.75476766,0.67626965,0.7757518,0.3027146,0.77732384,0.6368556,0.77818245,0.4341097,Stable
0.38062677,0.5245432,0.5068314,0.6683831,0.51687306,0.39029872,0.7388158,0.76560014,0.72740924,0.2842728,0.753724,0.70262617,0.7706777,0.30261344,0.7793323,0.63845587,0.7795138,0.4339063,Stable
0.37956747,0.52675545,0.5049673,0.66977215,0.51640797,0.3896061,0.7394544,0.7628237,0.7278899,0.2801551,0.75183725,0.7329215,0.7821342,0.29383254,0.77699673,0.64180267,0.77742094,0.43000996,Stable
0.3795552,0.526747,0.50498617,0.66978186,0.51650035,0.3897962,0.73936975,0.76283026,0.7278304,0.28020364,0.7517654,0.7329941,0.78217566,0.2937653,0.77697706,0.64182234,0.7774328,0.4301229,Stable
0.38339254,0.53184354,0.50328565,0.6790795,0.5139169,0.38903958,0.7416782,0.7608887,0.7432098,0.27363622,0.74627537,0.7401953,0.7592647,0.3081817,0.7778884,0.640509,0.777009,0.43423235,Stable
0.38390917,0.5358186,0.5069656,0.6791512,0.510041,0.39174864,0.73800683,0.76326764,0.72984976,0.27707314,0.7534915,0.7510955,0.7656895,0.30269977,0.78333783,0.64442164,0.78206795,0.43520197,Stable
0.37880692,0.5455674,0.5063465,0.6808944,0.5102494,0.39221573,0.74022293,0.76899374,0.729748,0.279482,0.7530477,0.7538108,0.7636744,0.30631068,0.7821015,0.6430559,0.7781614,0.43657315,Stable
0.37899506,0.55857944,0.50602853,0.6856767,0.51111984,0.39747906,0.74245286,0.7813059,0.7343308,0.2775037,0.7491319,0.75492096,0.7634777,0.30431223,0.7777784,0.64389336,0.7723705,0.43014503,Stable
0.3789929,0.5585806,0.5060154,0.6856677,0.51111317,0.39753804,0.742438,0.78128135,0.74287987,0.279818,0.74913067,0.7548859,0.7634976,0.30433995,0.77778697,0.64385235,0.77236676,0.4301713,Stable
0.37692106,0.5584588,0.50697064,0.6874727,0.509591,0.4006598,0.74308527,0.7839954,0.72551006,0.29321432,0.7512464,0.7540235,0.76070684,0.29939222,0.7820179,0.6434417,0.7756586,0.43053025,Stable
0.37679335,0.5594175,0.49963868,0.6932882,0.50712705,0.4047935,0.74030346,0.78133273,0.72278655,0.29845804,0.7538291,0.7544608,0.7569148,0.2943501,0.78185934,0.6507729,0.77763593,0.44247943,Stable
0.3776632,0.5605025,0.5080521,0.6954285,0.50520635,0.40667862,0.7366147,0.77132726,0.7222694,0.29602522,0.7526401,0.7547941,0.7579807,0.28951135,0.78126234,0.6453917,0.77644,0.4399874,Stable
0.3821832,0.56667894,0.50799,0.6940593,0.5079322,0.40392762,0.74380696,0.7826756,0.7193631,0.2985345,0.7533325,0.7576188,0.756451,0.2947478,0.7844721,0.6440296,0.77944726,0.43763313,Stable
0.38162988,0.5661119,0.5080883,0.6942158,0.50799286,0.40388912,0.7437083,0.78272355,0.7195009,0.2983104,0.75327367,0.7574569,0.75643563,0.29490286,0.78443503,0.64414316,0.7792952,0.4376334,Stable
0.38133466,0.5664639,0.51212764,0.6946212,0.50647724,0.40633652,0.7433896,0.7835001,0.7161822,0.2956368,0.75376505,0.75407374,0.75746274,0.29147056,0.7844,0.643335,0.7783067,0.43076962,Stable
0.37834868,0.56273466,0.5040648,0.6911702,0.5062001,0.40556824,0.7424566,0.781463,0.72283024,0.28789312,0.7547263,0.7501904,0.76076734,0.29669473,0.78351974,0.64561284,0.77682674,0.43798372,Stable
0.37621388,0.5593222,0.5040662,0.68382335,0.50274837,0.4019657,0.73953843,0.76816916,0.7202543,0.28533566,0.75599,0.7564559,0.75583947,0.2875585,0.7826301,0.64530665,0.7756793,0.4395467,Stable
0.37703627,0.5607698,0.50331545,0.68546367,0.5086805,0.40103218,0.7423055,0.76367784,0.7221643,0.28393686,0.7540295,0.7514784,0.7603413,0.28533077,0.78495306,0.64402175,0.778306,0.43540978,Stable
0.3771046,0.56072116,0.5033247,0.68545717,0.5087059,0.4009299,0.74228656,0.7637167,0.72225964,0.28382963,0.75387156,0.75147486,0.76021636,0.2856816,0.78490424,0.6441916,0.7782252,0.4355038,Stable
0.3776691,0.56100017,0.5054636,0.6845133,0.50721616,0.39838356,0.7408174,0.76360315,0.7172575,0.28815916,0.7507459,0.7504727,0.76336265,0.27780527,0.785644,0.6459705,0.78041863,0.4348017,Stable
0.37600514,0.5596876,0.50591,0.685876,0.51321566,0.4015318,0.74082565,0.7640304,0.7225245,0.28337923,0.75224364,0.7518567,0.7632631,0.2891979,0.78603125,0.6457952,0.7809224,0.43622884,Stable
0.37650916,0.56050783,0.5052922,0.6855867,0.51382524,0.39743933,0.7472644,0.76633525,0.72464955,0.28255066,0.7523474,0.7295985,0.7653445,0.28936747,0.78694284,0.64231575,0.77929705,0.4336936,Stable
0.37477696,0.55793154,0.50043917,0.6925591,0.51717234,0.39921245,0.74180925,0.77772605,0.7225895,0.28920826,0.7516469,0.7550182,0.7632692,0.28324926,0.7806937,0.647137,0.77447605,0.4391546,Stable
0.3748556,0.5578081,0.50044394,0.69253933,0.51726544,0.39920256,0.74180835,0.7776556,0.7226765,0.28909987,0.75145364,0.7549061,0.76326215,0.2832978,0.78058064,0.6471481,0.77441347,0.43925378,Stable
0.375594,0.5592896,0.5119912,0.6983769,0.51669395,0.4001071,0.74406993,0.78517646,0.7240373,0.27860734,0.744497,0.76067036,0.7622658,0.28960675,0.7892202,0.6498268,0.7834715,0.43756062,Stable
0.37298065,0.56155264,0.5087725,0.7017472,0.51590407,0.40127856,0.7418628,0.77700305,0.7205075,0.29159763,0.7529432,0.7512047,0.76040447,0.28880376,0.7848731,0.64750874,0.7761395,0.438595,Stable
0.3742258,0.56288946,0.51516575,0.70502067,0.5147463,0.40422353,0.7437875,0.78431934,0.718449,0.29647923,0.75115037,0.75230575,0.7642633,0.28093153,0.7881689,0.64735246,0.78835285,0.43821532,Stable
0.37663144,0.56989676,0.51688045,0.70637006,0.5155992,0.40440345,0.74495983,0.7840178,0.71805215,0.2972025,0.7493605,0.7606046,0.75829625,0.2896204,0.79034054,0.65103126,0.7836122,0.4409262,Stable
0.37662077,0.5698776,0.51682794,0.7062919,0.5155198,0.40433884,0.74491787,0.78403157,0.7177472,0.2972437,0.7496359,0.76024973,0.75790495,0.28960326,0.79031247,0.65115726,0.78357434,0.44104332,Stable
0.37423655,0.56838137,0.51203465,0.70631015,0.5135739,0.40718508,0.73734057,0.78526896,0.7169336,0.29643977,0.74852914,0.7677505,0.76131505,0.28762746,0.79067415,0.6525351,0.7836188,0.4412945,Stable
0.3744738,0.57003725,0.515897,0.705918,0.5156,0.4023388,0.7474432,0.7823879,0.7283157,0.2872267,0.7394597,0.7596396,0.75882334,0.29340917,0.7844491,0.64973974,0.77675617,0.43989587,Stable
0.37341222,0.56660146,0.516557,0.70109147,0.5155518,0.40086603,0.7568133,0.7843751,0.72123265,0.28549656,0.7220868,0.7300011,0.7512371,0.2957789,0.7858075,0.63834125,0.7819593,0.4274766,Stable
0.37445945,0.5464219,0.5128746,0.6973641,0.52031463,0.4016224,0.75608134,0.7820448,0.72538126,0.28803653,0.7389993,0.7445986,0.7539506,0.29364192,0.7840446,0.63859296,0.77608156,0.4255888,Stable
0.37446365,0.5464926,0.51288295,0.69731283,0.52027184,0.40149087,0.7561323,0.78200185,0.7254287,0.28825772,0.7392561,0.74450684,0.75408363,0.29365003,0.78402936,0.6385744,0.77610946,0.4255297,Stable
0.37439105,0.54121876,0.51823056,0.6890937,0.5193285,0.3975432,0.7391225,0.76357424,0.71644014,0.29481825,0.753863,0.70217437,0.75378746,0.28090227,0.7884996,0.6227536,0.7774749,0.41621456,Stable
0.37961793,0.5420965,0.50725484,0.68688697,0.5248394,0.39451796,0.73281616,0.76177734,0.7330133,0.27958828,0.6985984,0.74718344,0.75313044,0.28641456,0.78765416,0.6318175,0.78185904,0.4233615,Stable
0.3751887,0.53986186,0.51358354,0.680623,0.5213425,0.39224792,0.732639,0.7591729,0.7331709,0.27254042,0.7028055,0.731078,0.752586,0.28174722,0.78558874,0.62389416,0.7803477,0.41687453,Stable
0.37608275,0.5351337,0.51101553,0.68059194,0.52432394,0.3908126,0.7304262,0.74726933,0.7289133,0.28250587,0.7258677,0.7099788,0.7559425,0.2862172,0.7843137,0.6296147,0.777285,0.41977844,Stable
0.37608656,0.5351378,0.5108774,0.6805803,0.5243682,0.3908403,0.73006856,0.7472212,0.72873664,0.28240725,0.72572654,0.70984095,0.75559396,0.28588825,0.78421736,0.62978065,0.77728975,0.41990322,Stable
0.37365717,0.52796525,0.5105202,0.67284226,0.52287155,0.39252883,0.7364807,0.7576374,0.7241208,0.27968228,0.7432716,0.70661557,0.75714844,0.27219346,0.78767097,0.62429285,0.78011715,0.41603014,Stable
0.37449884,0.52618134,0.50789845,0.6765437,0.5243934,0.38531122,0.74370277,0.7683291,0.73188055,0.27203265,0.7257172,0.716637,0.75557137,0.2669348,0.7867367,0.62343943,0.77916306,0.415344,Stable
0.3775655,0.53438044,0.5037805,0.6656232,0.5240665,0.37143797,0.7515303,0.7712304,0.7380785,0.25915644,0.711292,0.7580187,0.75529164,0.2857958,0.7848052,0.62425184,0.78607005,0.4129766,Stable
0.38208294,0.5351316,0.5053867,0.65652657,0.5219455,0.37263042,0.7467898,0.7623877,0.72502154,0.2686454,0.7125794,0.7196121,0.76984835,0.24466299,0.78247607,0.6238278,0.78218365,0.40757358,Stable
0.38199186,0.5350083,0.5055892,0.6566386,0.52182466,0.37274343,0.7467877,0.76231647,0.72488415,0.26915035,0.7126155,0.7194047,0.7699728,0.24487767,0.7825345,0.6238495,0.7821839,0.40758726,Stable
0.38068283,0.5268606,0.50881004,0.6522704,0.5202513,0.35812396,0.7545788,0.76009846,0.74270797,0.24278286,0.73870337,0.6580659,0.755486,0.28821602,0.7845247,0.6134676,0.78648627,0.41060656,Stable
0.37743625,0.5224055,0.5117962,0.6491246,0.5206367,0.3457297,0.7542685,0.7445371,0.7508991,0.23215187,0.74516153,0.62778383,0.7580372,0.295483,0.78792995,0.6018795,0.7876649,0.40072137,Stable
0.3751465,0.5194711,0.5141413,0.6422033,0.51832175,0.3433313,0.7415025,0.73139584,0.74899143,0.2290715,0.7544049,0.6052329,0.7493653,0.32701436,0.78809375,0.59737396,0.7883403,0.3958122,Stable
0.38150334,0.5161005,0.51439905,0.63950133,0.516422,0.34822068,0.7373512,0.72355306,0.74841774,0.23289023,0.7493062,0.60341084,0.7531499,0.3042742,0.7852403,0.5941028,0.7837776,0.39071688,Stable
0.3815032,0.5160918,0.5143492,0.6395339,0.5163801,0.34819406,0.73725694,0.72352874,0.74840826,0.23285261,0.74927944,0.60332483,0.7530929,0.30462673,0.7851381,0.59409964,0.78371036,0.39076316,Stable
0.37673876,0.51822764,0.51624954,0.6395938,0.5121473,0.3441366,0.74704075,0.73931456,0.7497891,0.2332837,0.748863,0.6156987,0.75097835,0.3017153,0.7889809,0.59227693,0.78634477,0.39066672,Stable
0.37811372,0.5200381,0.51618886,0.6405746,0.5114796,0.35150477,0.7413503,0.72598165,0.7333256,0.24697463,0.7492086,0.6237602,0.74862826,0.30384967,0.78633714,0.5944027,0.7821712,0.389013,Stable
0.37658566,0.51990926,0.51047075,0.64015305,0.5102618,0.35698363,0.74070185,0.7211132,0.7090075,0.2599566,0.7443461,0.62179446,0.7484797,0.29877114,0.7832997,0.59279835,0.7787436,0.39099643,Stable
0.37672862,0.5198848,0.5157782,0.64614487,0.5133241,0.3583024,0.74804187,0.7398631,0.7279643,0.2487354,0.74204516,0.6694133,0.76982665,0.24749288,0.7893667,0.59825575,0.78560364,0.3931207,Stable
0.37719998,0.51978886,0.51569635,0.64585793,0.51315725,0.3584895,0.74779093,0.73983014,0.72742236,0.24889658,0.74207443,0.66957396,0.76965135,0.2467957,0.7891898,0.5983075,0.7853562,0.39300758,Stable
0.37891182,0.5244423,0.514006,0.6454197,0.50314784,0.35862112,0.74284494,0.7420449,0.7292642,0.24454467,0.74762505,0.638738,0.774785,0.24965125,0.7862596,0.5978131,0.7813186,0.38911867,Stable
0.37861866,0.5306257,0.5095352,0.6453551,0.5046891,0.36183393,0.72903633,0.7314102,0.71582973,0.26247928,0.74962556,0.6317542,0.7696525,0.23426126,0.78559124,0.6003112,0.7802154,0.38958654,Stable
0.37941992,0.5350358,0.5153143,0.6571497,0.4961229,0.36792272,0.7365176,0.7343935,0.7031256,0.27126062,0.7458701,0.6374102,0.7727002,0.22954312,0.78207463,0.60465384,0.7745309,0.38790298,Stable
0.38409707,0.53995216,0.51323307,0.6527067,0.49708602,0.374009,0.7347034,0.7334484,0.7022854,0.27251762,0.7470654,0.6316153,0.76966035,0.22583859,0.77790403,0.60174096,0.77112216,0.3894689,Stable
0.3840178,0.5399325,0.5133556,0.65280247,0.49716848,0.37416965,0.73488975,0.7333671,0.7025,0.2724706,0.7471611,0.6317596,0.7699432,0.22588247,0.7779757,0.6016228,0.77116627,0.38949203,Stable
0.38695952,0.5383367,0.51270694,0.6511236,0.49752557,0.37602556,0.7322654,0.7364062,0.7037866,0.2712489,0.7448823,0.6586216,0.7765934,0.23203328,0.77890885,0.5997851,0.77353376,0.38866466,Stable
0.38527662,0.5419464,0.50927055,0.65089697,0.4978678,0.3758609,0.7484083,0.7448835,0.7055571,0.27221268,0.73534364,0.6550208,0.76988834,0.24446675,0.78154635,0.5849735,0.7707908,0.3788795,Stable
0.38637376,0.5400505,0.50605404,0.6501994,0.49699146,0.37830222,0.7466499,0.745945,0.6987755,0.2779051,0.7417836,0.6289135,0.7715048,0.22952428,0.7803508,0.58786654,0.77107424,0.38783595,Stable
0.38534045,0.5420977,0.5103431,0.6588625,0.50079465,0.3765973,0.7439837,0.7470521,0.71040964,0.2723436,0.74533904,0.6348664,0.76994884,0.25016934,0.78121746,0.59939635,0.77506155,0.38877755,Stable
0.3855484,0.54156077,0.5101651,0.6587657,0.5007091,0.37671742,0.74384904,0.7470302,0.7103688,0.2723711,0.7451889,0.6350766,0.7699214,0.25007826,0.78116,0.59941065,0.77498174,0.38881028,Stable
0.38705838,0.53680164,0.5081166,0.65377903,0.5036997,0.37672687,0.7455479,0.743955,0.70658684,0.2744882,0.7469534,0.62824726,0.7665802,0.24516144,0.77915686,0.59755325,0.7736398,0.38815075,Stable
0.38756546,0.53964174,0.5061728,0.65225655,0.50406635,0.3771555,0.7291399,0.7260318,0.71092147,0.2733776,0.7348549,0.68820757,0.77057326,0.22879317,0.78068864,0.6013645,0.77683705,0.39248142,Stable
0.3946658,0.54555076,0.5138886,0.66039526,0.5102622,0.3781237,0.74110407,0.74023527,0.7139821,0.2675619,0.7514126,0.6845738,0.7727934,0.22913143,0.7855649,0.60152537,0.78100127,0.3925467,Stable
0.39395112,0.5439924,0.5052979,0.6527612,0.51282346,0.3762781,0.74687064,0.74457574,0.7159163,0.26648197,0.7339351,0.6806061,0.766974,0.25567466,0.7790247,0.5990182,0.7778882,0.39512545,Stable
0.39421958,0.5442423,0.5052154,0.6527023,0.5130456,0.37612915,0.74666905,0.7445748,0.71641344,0.26657757,0.73390543,0.6810235,0.76711965,0.25593376,0.77940464,0.5990964,0.7782835,0.3949387,Stable
0.3902546,0.54540896,0.50694776,0.6557389,0.5144789,0.37730348,0.7440578,0.74644876,0.7229507,0.2550148,0.7395398,0.6531373,0.75330776,0.2945381,0.78182876,0.6003729,0.7791343,0.3936187,Stable
0.39150283,0.5495938,0.5061786,0.65281856,0.51047444,0.3760186,0.74958014,0.7450913,0.71103203,0.26363882,0.73746324,0.6611552,0.76566076,0.25151557,0.78045845,0.5862279,0.77707815,0.38957006,Stable
0.3985927,0.55527383,0.50834364,0.65501964,0.5137533,0.3746023,0.7385037,0.74399537,0.7122464,0.2646969,0.750982,0.63269883,0.77425784,0.25495058,0.7837436,0.6064653,0.7799741,0.39411247,Stable
0.3922144,0.54919434,0.50609386,0.6543945,0.5136468,0.3730428,0.7431943,0.7421736,0.7137612,0.26596594,0.7364042,0.66441905,0.7694232,0.25571007,0.78118825,0.60016465,0.77669656,0.39337823,Stable
0.39208135,0.5491156,0.5060934,0.65438205,0.51366097,0.37305138,0.7431147,0.74216366,0.7137573,0.26598552,0.736472,0.66437715,0.7693941,0.255659,0.78123665,0.6002219,0.7767358,0.39337704,Stable
0.38057324,0.53576374,0.5103061,0.6519033,0.5129009,0.37235078,0.7260615,0.72468364,0.7095393,0.25542012,0.7521803,0.6375104,0.7703848,0.25740752,0.7807095,0.5987791,0.7748081,0.3906338,Stable
0.38224065,0.53936076,0.5095944,0.6491171,0.51469505,0.36539435,0.7516134,0.7413173,0.7301135,0.25473005,0.7243759,0.6876503,0.7584053,0.29194784,0.78477424,0.5968958,0.78484225,0.3911918,Stable
0.3845377,0.53597754,0.5069198,0.64281136,0.5136617,0.36838013,0.73949516,0.7232666,0.716382,0.25965643,0.73674625,0.6582124,0.7836802,0.24666683,0.7822205,0.59778416,0.7797896,0.39246982,Stable
0.3806756,0.53073907,0.51187956,0.6401685,0.5141254,0.36492562,0.7270118,0.70918316,0.7123214,0.25956306,0.74292797,0.6335252,0.7820336,0.24809861,0.7828993,0.59543145,0.77810854,0.38960811,Stable
0.3806427,0.53056717,0.51194584,0.64016056,0.5141367,0.36503097,0.72707886,0.7093028,0.7121613,0.25962242,0.74308145,0.6334087,0.7819686,0.2480866,0.78288484,0.59545326,0.7780765,0.38966843,Stable
0.38255817,0.5318922,0.51453894,0.6436883,0.51366013,0.36481208,0.7393927,0.72271085,0.72808474,0.25019974,0.7502357,0.6085278,0.7809376,0.24901468,0.78624743,0.59804666,0.7831122,0.39060006,Stable
0.38342446,0.5299883,0.51434296,0.64350224,0.5129578,0.3612007,0.7426647,0.71919125,0.7279638,0.24933748,0.7525406,0.60554945,0.78211296,0.24760889,0.78590536,0.5981766,0.7842307,0.38997635,Stable
0.3841293,0.5272397,0.5126076,0.64320946,0.5131711,0.36310336,0.73655,0.7253806,0.70828164,0.25662425,0.7529733,0.6090669,0.77068007,0.24276555,0.7857721,0.59612346,0.7825532,0.3886357,Stable
0.38605803,0.53126526,0.5117631,0.6393205,0.5144588,0.3586135,0.7436154,0.7261548,0.7288399,0.23927997,0.7499397,0.60995245,0.77865505,0.24930227,0.7832627,0.5892639,0.7797841,0.38017222,Stable
0.38604647,0.53125834,0.51174074,0.63931715,0.514446,0.35859644,0.74359655,0.72614306,0.72883,0.2393117,0.74995244,0.60997427,0.778636,0.24933308,0.7832688,0.58923954,0.779792,0.38016486,Stable
0.39579496,0.52167416,0.5116794,0.63936716,0.5135528,0.35111818,0.7419283,0.7261814,0.72967833,0.23529491,0.7414471,0.6391804,0.7702293,0.24476227,0.7870404,0.58164334,0.7828032,0.37663943,Stable
0.38767314,0.5204563,0.5158477,0.63596195,0.50960696,0.3545588,0.7335801,0.71665704,0.7283118,0.24061458,0.74938506,0.625244,0.7739365,0.23547375,0.786808,0.5776464,0.78083026,0.37543356,Stable
0.39133975,0.5180073,0.5161338,0.6344353,0.51411915,0.34637398,0.74519247,0.72684234,0.7346164,0.23392582,0.75687706,0.616418,0.7757728,0.25067592,0.7912426,0.577059,0.7874236,0.37137085,Stable
0.3902894,0.5162806,0.5126948,0.6332886,0.51268315,0.34514707,0.7572347,0.7227041,0.74238056,0.23090743,0.7297057,0.64209884,0.771539,0.2368093,0.7917886,0.575371,0.78693795,0.3700535,Stable
0.3902994,0.51628983,0.5126364,0.63320833,0.5127033,0.34519523,0.7572404,0.7226803,0.7421786,0.23094228,0.7297567,0.64193916,0.7717344,0.23681507,0.79205483,0.57533586,0.7871346,0.37007365,Stable
0.39567718,0.51828736,0.5121315,0.6322305,0.5137788,0.3434182,0.7529522,0.7225772,0.7342125,0.225633,0.7620849,0.67091864,0.7725297,0.24304746,0.78358376,0.57320845,0.7823288,0.3729356,Stable
0.3883166,0.51579446,0.51021016,0.631089,0.5133581,0.33792126,0.7254453,0.7025361,0.7442212,0.217562,0.7296815,0.64905596,0.77234197,0.2432194,0.7878639,0.5754205,0.78203905,0.37098378,Stable
0.38822156,0.5165279,0.51492065,0.6346814,0.51255935,0.34147513,0.7534096,0.72059816,0.7404279,0.22892249,0.7588241,0.6484691,0.7707163,0.23823385,0.7859218,0.5740881,0.7814131,0.37214887,Stable
0.38596094,0.5151306,0.5137882,0.6335878,0.5143118,0.3442595,0.7215916,0.7028898,0.7285433,0.2338764,0.7594854,0.6535704,0.77575064,0.23969483,0.78494495,0.57728904,0.7802953,0.373955,Stable
0.38547954,0.51558506,0.51401484,0.6335134,0.5140986,0.34437293,0.7223479,0.7029706,0.7286088,0.23390466,0.7595372,0.65273976,0.77626866,0.23966002,0.7854213,0.5773231,0.7806775,0.37386727,Stable
0.38773292,0.5183475,0.51879334,0.6376129,0.51337403,0.34403455,0.74224997,0.71582544,0.73016405,0.2433162,0.7571952,0.6261543,0.7761528,0.23573487,0.7910368,0.5757709,0.78519386,0.3690828,Stable
0.38198933,0.52026117,0.5190469,0.6400677,0.51154965,0.3446265,0.7472953,0.7249265,0.72829366,0.23781234,0.7566335,0.62036383,0.76537454,0.23074584,0.78878564,0.573741,0.78249776,0.3672049,Stable
0.39691192,0.52972525,0.5190415,0.6376395,0.51283264,0.35516334,0.7317495,0.71913266,0.7263167,0.24242538,0.7562348,0.64986086,0.7727358,0.22700255,0.7820668,0.5766337,0.7752688,0.37185144,Stable
0.39868593,0.5335698,0.51765823,0.63773465,0.5100705,0.35875773,0.7487187,0.72290194,0.7219245,0.25159356,0.7409991,0.6162913,0.77977514,0.22947851,0.7866751,0.5783981,0.77831626,0.37261626,Stable
0.3986785,0.53355324,0.5176563,0.6377344,0.51006556,0.35878918,0.74874204,0.7229216,0.7218163,0.2516368,0.7409451,0.61612076,0.7797469,0.2294465,0.7866776,0.57837915,0.7782993,0.372598,Stable
0.39552444,0.5395702,0.5182188,0.64260375,0.5103489,0.361212,0.7566658,0.7371855,0.72296757,0.25186664,0.74615014,0.6402292,0.77506703,0.22972374,0.78628206,0.58100474,0.7785155,0.37673753,Stable
0.40634388,0.54225636,0.51429987,0.6437994,0.50865823,0.36550042,0.7445034,0.72349876,0.7201752,0.25525653,0.72422284,0.6460004,0.77484214,0.23797439,0.77945966,0.58084893,0.77559584,0.3855582,Stable
0.39543352,0.5374916,0.5158104,0.6520901,0.5165598,0.37431273,0.7418935,0.72722805,0.7317138,0.25227815,0.7466686,0.69251245,0.78357387,0.2229293,0.7863053,0.60261554,0.782288,0.39206085,Stable
0.40291852,0.54369724,0.51288086,0.65042937,0.51100785,0.3731558,0.74022007,0.736196,0.70963424,0.26293048,0.7341721,0.6642399,0.77415335,0.25839725,0.7771117,0.5837636,0.76952595,0.3854167,Stable
0.40314126,0.543456,0.5128472,0.65063655,0.5111047,0.37333167,0.7401337,0.73633975,0.70971036,0.26301056,0.7344227,0.66440684,0.77418107,0.25845894,0.77736133,0.5842072,0.76957786,0.38561592,Stable
0.40442526,0.54805136,0.511366,0.65159523,0.504526,0.37475666,0.7485653,0.7413275,0.7017953,0.2724464,0.7368061,0.69184107,0.7687666,0.24520253,0.77902424,0.59004736,0.7722139,0.3885611,Stable
0.4018491,0.54352546,0.5163465,0.65667915,0.5068587,0.37792283,0.7479682,0.7443433,0.6939137,0.2793988,0.7436584,0.63752395,0.7576046,0.28841755,0.77860993,0.6012005,0.7709935,0.39218438,Stable
0.4140581,0.5470702,0.50847036,0.65528727,0.5088407,0.3757341,0.74796736,0.7440529,0.70785403,0.27012843,0.6931418,0.68806547,0.77481836,0.2495176,0.7796225,0.5888493,0.7745116,0.39047632,Stable
0.40007707,0.550195,0.50936794,0.663424,0.50540465,0.38114172,0.7496225,0.74466586,0.69335383,0.28966013,0.7037879,0.68649447,0.76549053,0.25359777,0.77484053,0.6014229,0.7676901,0.39420575,Stable
0.40051615,0.55025804,0.50937414,0.6633934,0.5054174,0.38115868,0.7495002,0.74468887,0.6931898,0.2897746,0.7040837,0.6865338,0.7654146,0.25371656,0.7748642,0.601553,0.7676449,0.39424834,Stable
0.4023952,0.55710304,0.5123878,0.66399497,0.50720274,0.3827835,0.75327414,0.75411046,0.6917089,0.2894621,0.7230624,0.6900903,0.76472974,0.2661417,0.7810738,0.60395133,0.7747346,0.39938766,Stable
0.4065127,0.5583198,0.5110066,0.6642057,0.5077574,0.38438913,0.7539865,0.7550421,0.6956402,0.2896948,0.7288562,0.6651666,0.7622139,0.27858928,0.780643,0.6026091,0.773473,0.39707065,Stable
0.40292963,0.55166316,0.5049542,0.66883445,0.50553983,0.38297766,0.7531308,0.7596135,0.7001586,0.29265377,0.7213864,0.7137293,0.7636051,0.27424145,0.7790849,0.6052822,0.77202916,0.39892364,Stable
0.3973559,0.56009495,0.5057395,0.6681592,0.5050797,0.38660455,0.75540674,0.75878716,0.6973802,0.29488572,0.72782654,0.68657273,0.765994,0.2754417,0.7784517,0.60553026,0.7719475,0.400267,Stable
0.39736125,0.56006634,0.50568765,0.6681025,0.50510156,0.3866287,0.7552077,0.75876033,0.69741035,0.29484987,0.7278594,0.6866161,0.76590264,0.27553922,0.7783017,0.6055956,0.7718548,0.40038356,Stable
0.39839536,0.5558529,0.5106953,0.6683554,0.5023838,0.3889355,0.7541334,0.7577826,0.6989924,0.29673198,0.74400634,0.6606535,0.7606926,0.2799636,0.77890104,0.6060759,0.77026814,0.4015147,Stable
0.39228016,0.5553827,0.5061187,0.66728365,0.501974,0.38894984,0.7562828,0.7594599,0.6984731,0.29708093,0.72861063,0.6821611,0.7607495,0.27645355,0.78050387,0.60781074,0.7729324,0.4094709,Stable
0.38212603,0.55165374,0.50900745,0.6663128,0.5024439,0.39074728,0.75587195,0.756983,0.69959724,0.2945861,0.74545145,0.6613473,0.7597301,0.27461046,0.78307855,0.6020769,0.7737217,0.3990004,Stable
0.386069,0.5513805,0.50539285,0.67219377,0.50822043,0.3842661,0.7452633,0.75858784,0.7067632,0.2852996,0.7401997,0.7081493,0.7589067,0.28047556,0.78526115,0.6278601,0.78003883,0.41393203,Stable
0.3860587,0.5513246,0.5055834,0.67220354,0.50823694,0.3843757,0.7451479,0.7585422,0.7067422,0.28494507,0.74034494,0.70779747,0.75895065,0.28043076,0.7854471,0.62774336,0.78006953,0.41374034,Stable
0.38406295,0.5505352,0.5158264,0.67539287,0.510246,0.38533676,0.75006616,0.7602252,0.70518446,0.27978992,0.7513952,0.6991502,0.76039004,0.27997673,0.7869284,0.6199453,0.782246,0.40987906,Stable
0.38325736,0.5519432,0.50965565,0.6726079,0.511006,0.38558552,0.73071694,0.74215144,0.7085528,0.2909596,0.7395084,0.7030429,0.7659158,0.27139363,0.78521216,0.61823106,0.7782072,0.41067073,Stable
0.38332522,0.55183595,0.51014185,0.6743295,0.508759,0.38443208,0.7461883,0.75762725,0.7121083,0.2899093,0.7513373,0.7020637,0.7690784,0.27049297,0.78488255,0.62018245,0.7785535,0.4082992,Stable
0.3831161,0.55106294,0.5087432,0.6686188,0.50846815,0.3843482,0.7531922,0.7596025,0.71156657,0.28734535,0.73893374,0.70326465,0.7714281,0.27982792,0.78193015,0.6195273,0.7777895,0.4094922,Stable
0.3831097,0.5511228,0.5084225,0.6684619,0.5085631,0.38433188,0.7531432,0.7595851,0.71158063,0.28727743,0.7388551,0.70346564,0.7713727,0.27970856,0.78177875,0.61974293,0.7776927,0.40966615,Stable
0.38025475,0.55018175,0.509005,0.66932213,0.509505,0.38406616,0.7297134,0.7424197,0.7096158,0.2923561,0.75011075,0.6924796,0.7653965,0.27161932,0.7838863,0.62132645,0.77673215,0.408879,Stable
0.37988758,0.5503936,0.51319903,0.671719,0.5080738,0.3838476,0.7334081,0.7428801,0.7133338,0.28954035,0.75157654,0.67468464,0.7640483,0.2735235,0.7810852,0.6183158,0.776612,0.40842664,Stable
0.37931365,0.5500639,0.5119905,0.674528,0.506952,0.38525423,0.7455909,0.7595326,0.7058443,0.28789598,0.7511148,0.6925697,0.76379985,0.26508176,0.78218615,0.62461597,0.7743411,0.40968937,Stable
